H 
4.000000e+01 
200 
5 
-1 -1 1 2 1.878963e+01 1.001525e-03
-1 -1 0 2 6.360678e+00 3.390369e-04
0 1 3 4 1.969537e+01 1.049803e-03
2 4 -1 -1 1.458856e+01 7.775997e-04
2 3 -1 -1 6.685871e+00 3.563703e-04
5 
-1 -1 1 2 3.102321e+01 1.653599e-03
-1 -1 0 2 2.461845e+01 1.312213e-03
0 1 3 4 3.213840e+01 1.713041e-03
2 4 -1 -1 5.894294e+00 3.141777e-04
2 3 -1 -1 1.620091e+01 8.635411e-04
5 
-1 -1 1 2 1.247850e+01 6.651291e-04
-1 -1 0 2 1.143638e+01 6.095819e-04
0 1 3 4 7.682660e+00 4.095012e-04
2 4 -1 -1 9.347555e+00 4.982435e-04
2 3 -1 -1 7.541655e+00 4.019854e-04
5 
-1 -1 1 2 1.349371e+01 7.192420e-04
-1 -1 0 2 5.053490e+00 2.693612e-04
0 1 3 4 2.280639e+01 1.215626e-03
2 4 -1 -1 1.104055e+01 5.884835e-04
2 3 -1 -1 3.289070e+01 1.753140e-03
5 
-1 -1 1 2 1.468225e+01 7.825933e-04
-1 -1 0 2 3.608746e+01 1.923534e-03
0 1 3 4 2.443373e+01 1.302367e-03
2 4 -1 -1 7.343753e+00 3.914368e-04
2 3 -1 -1 1.589166e+01 8.470574e-04
5 
-1 -1 1 2 1.974227e+01 1.052302e-03
-1 -1 0 2 8.590940e+00 4.579143e-04
0 1 3 4 2.047514e+01 1.091366e-03
2 4 -1 -1 8.125454e+00 4.331030e-04
2 3 -1 -1 9.896186e+00 5.274866e-04
5 
-1 -1 1 2 4.765723e+00 2.540226e-04
-1 -1 0 2 2.342392e+01 1.248542e-03
0 1 3 4 1.765392e+01 9.409896e-04
2 4 -1 -1 2.124737e+01 1.132528e-03
2 3 -1 -1 1.505200e+01 8.023017e-04
5 
-1 -1 1 2 9.417032e+00 5.019467e-04
-1 -1 0 2 6.359040e+00 3.389496e-04
0 1 3 4 1.527486e+01 8.141808e-04
2 4 -1 -1 5.074991e+00 2.705072e-04
2 3 -1 -1 1.271022e+01 6.774802e-04
5 
-1 -1 1 2 1.918748e+01 1.022731e-03
-1 -1 0 2 2.104691e+01 1.121843e-03
0 1 3 4 2.570051e+01 1.369889e-03
2 4 -1 -1 1.402142e+01 7.473696e-04
2 3 -1 -1 6.876215e+00 3.665161e-04
5 
-1 -1 1 2 8.697030e+00 4.635692e-04
-1 -1 0 2 4.503167e+00 2.400278e-04
0 1 3 4 1.509960e+01 8.048389e-04
2 4 -1 -1 1.792225e+01 9.552920e-04
2 3 -1 -1 4.237698e+01 2.258778e-03
5 
-1 -1 1 2 8.359542e+00 4.455804e-04
-1 -1 0 2 1.638861e+01 8.735456e-04
0 1 3 4 1.111229e+01 5.923072e-04
2 4 -1 -1 1.312963e+01 6.998357e-04
2 3 -1 -1 1.160920e+01 6.187934e-04
5 
-1 -1 1 2 2.517710e+01 1.341990e-03
-1 -1 0 2 2.435572e+01 1.298209e-03
0 1 3 4 2.568526e+01 1.369076e-03
2 4 -1 -1 2.580057e+01 1.375222e-03
2 3 -1 -1 1.315855e+01 7.013771e-04
5 
-1 -1 1 2 3.539082e+01 1.886402e-03
-1 -1 0 2 6.880612e+00 3.667504e-04
0 1 3 4 1.475087e+01 7.862509e-04
2 4 -1 -1 1.187885e+01 6.331666e-04
2 3 -1 -1 1.377883e+01 7.344391e-04
5 
-1 -1 1 2 1.491829e+01 7.951748e-04
-1 -1 0 2 1.089354e+01 5.806478e-04
0 1 3 4 1.287504e+01 6.862654e-04
2 4 -1 -1 1.416842e+01 7.552054e-04
2 3 -1 -1 4.467198e+00 2.381106e-04
5 
-1 -1 1 2 1.572321e+01 8.380789e-04
-1 -1 0 2 4.724472e+00 2.518239e-04
0 1 3 4 3.495523e+01 1.863184e-03
2 4 -1 -1 1.709548e+01 9.112234e-04
2 3 -1 -1 9.514287e+00 5.071306e-04
5 
-1 -1 1 2 1.699831e+00 9.060439e-05
-1 -1 0 2 3.056580e+01 1.629219e-03
0 1 3 4 1.379212e+01 7.351480e-04
2 4 -1 -1 8.107155e+00 4.321277e-04
2 3 -1 -1 2.544647e+01 1.356348e-03
5 
-1 -1 1 2 2.639172e+01 1.406732e-03
-1 -1 0 2 7.433004e+00 3.961941e-04
0 1 3 4 1.369334e+01 7.298826e-04
2 4 -1 -1 1.920408e+01 1.023616e-03
2 3 -1 -1 2.698852e+01 1.438543e-03
5 
-1 -1 1 2 1.380129e+01 7.356362e-04
-1 -1 0 2 6.153103e+01 3.279728e-03
0 1 3 4 3.097969e+01 1.651280e-03
2 4 -1 -1 1.558525e+01 8.307253e-04
2 3 -1 -1 1.702968e+01 9.077162e-04
5 
-1 -1 1 2 8.527221e+00 4.545180e-04
-1 -1 0 2 1.913173e+01 1.019760e-03
0 1 3 4 2.232130e+01 1.189770e-03
2 4 -1 -1 2.438035e+01 1.299522e-03
2 3 -1 -1 5.151633e+00 2.745924e-04
5 
-1 -1 1 2 9.325135e+00 4.970484e-04
-1 -1 0 2 2.654140e+01 1.414710e-03
0 1 3 4 2.382873e+01 1.270119e-03
2 4 -1 -1 1.639951e+01 8.741268e-04
2 3 -1 -1 2.017745e+01 1.075499e-03
5 
-1 -1 1 2 1.531654e+01 8.164024e-04
-1 -1 0 2 1.863987e+01 9.935426e-04
0 1 3 4 2.078498e+01 1.107881e-03
2 4 -1 -1 1.048606e+01 5.589280e-04
2 3 -1 -1 3.850171e+01 2.052218e-03
5 
-1 -1 1 2 2.219885e+01 1.183243e-03
-1 -1 0 2 3.806715e+00 2.029056e-04
0 1 3 4 1.360074e+01 7.249470e-04
2 4 -1 -1 2.923487e+01 1.558277e-03
2 3 -1 -1 2.377240e+01 1.267116e-03
5 
-1 -1 1 2 2.060955e+01 1.098530e-03
-1 -1 0 2 7.774083e+00 4.143743e-04
0 1 3 4 2.202981e+01 1.174233e-03
2 4 -1 -1 9.400337e+00 5.010569e-04
2 3 -1 -1 1.189834e+01 6.342054e-04
5 
-1 -1 1 2 1.711708e+01 9.123750e-04
-1 -1 0 2 1.979791e+01 1.055268e-03
0 1 3 4 1.869921e+01 9.967054e-04
2 4 -1 -1 1.133142e+01 6.039873e-04
2 3 -1 -1 1.423994e+01 7.590174e-04
5 
-1 -1 1 2 1.540302e+01 8.210117e-04
-1 -1 0 2 8.668116e+00 4.620280e-04
0 1 3 4 2.650204e+01 1.412612e-03
2 4 -1 -1 8.291037e+00 4.419289e-04
2 3 -1 -1 2.185287e+01 1.164802e-03
5 
-1 -1 1 2 1.596519e+01 8.509766e-04
-1 -1 0 2 1.634788e+01 8.713749e-04
0 1 3 4 1.446166e+01 7.708358e-04
2 4 -1 -1 2.670455e+01 1.423406e-03
2 3 -1 -1 1.991412e+01 1.061462e-03
5 
-1 -1 1 2 8.331193e+00 4.440693e-04
-1 -1 0 2 2.985882e+00 1.591535e-04
0 1 3 4 1.100781e+01 5.867386e-04
2 4 -1 -1 1.276629e+01 6.804691e-04
2 3 -1 -1 3.213125e+01 1.712660e-03
5 
-1 -1 1 2 1.361807e+01 7.258707e-04
-1 -1 0 2 6.161255e+00 3.284073e-04
0 1 3 4 5.638064e+00 3.005201e-04
2 4 -1 -1 4.455259e+01 2.374742e-03
2 3 -1 -1 9.425183e+00 5.023812e-04
5 
-1 -1 1 2 1.049028e+01 5.591528e-04
-1 -1 0 2 2.596949e+01 1.384226e-03
0 1 3 4 2.554674e+01 1.361692e-03
2 4 -1 -1 8.977350e+00 4.785108e-04
2 3 -1 -1 2.033285e+01 1.083782e-03
5 
-1 -1 1 2 1.034275e+01 5.512893e-04
-1 -1 0 2 8.608987e+00 4.588763e-04
0 1 3 4 1.318437e+01 7.027533e-04
2 4 -1 -1 2.524122e+01 1.345408e-03
2 3 -1 -1 2.115048e+01 1.127363e-03
5 
-1 -1 1 2 7.633149e+00 4.068622e-04
-1 -1 0 2 1.062422e+01 5.662924e-04
0 1 3 4 2.799695e+01 1.492294e-03
2 4 -1 -1 8.267478e+01 4.406732e-03
2 3 -1 -1 1.204211e+01 6.418687e-04
5 
-1 -1 1 2 3.861842e+00 2.058439e-04
-1 -1 0 2 1.488313e+01 7.933006e-04
0 1 3 4 1.555335e+01 8.290249e-04
2 4 -1 -1 7.283746e+00 3.882383e-04
2 3 -1 -1 1.534876e+01 8.181198e-04
5 
-1 -1 1 2 7.894919e+00 4.208151e-04
-1 -1 0 2 1.443427e+01 7.693758e-04
0 1 3 4 2.084066e+01 1.110849e-03
2 4 -1 -1 2.206944e+01 1.176345e-03
2 3 -1 -1 1.256595e+01 6.697906e-04
5 
-1 -1 1 2 1.628134e+01 8.678279e-04
-1 -1 0 2 1.870250e+01 9.968808e-04
0 1 3 4 1.899327e+01 1.012379e-03
2 4 -1 -1 3.933451e+00 2.096608e-04
2 3 -1 -1 1.401586e+01 7.470735e-04
5 
-1 -1 1 2 7.166787e+00 3.820042e-04
-1 -1 0 2 2.526870e+01 1.346873e-03
0 1 3 4 2.766073e+01 1.474372e-03
2 4 -1 -1 1.306378e+01 6.963257e-04
2 3 -1 -1 4.210950e+01 2.244521e-03
5 
-1 -1 1 2 1.055795e+01 5.627599e-04
-1 -1 0 2 6.172726e+00 3.290187e-04
0 1 3 4 1.914400e+01 1.020414e-03
2 4 -1 -1 1.515586e+01 8.078379e-04
2 3 -1 -1 1.227380e+01 6.542182e-04
5 
-1 -1 1 2 3.983606e+01 2.123342e-03
-1 -1 0 2 6.842095e+00 3.646974e-04
0 1 3 4 1.430784e+01 7.626365e-04
2 4 -1 -1 1.671609e+01 8.910011e-04
2 3 -1 -1 2.760278e+01 1.471284e-03
5 
-1 -1 1 2 1.678605e+01 8.947301e-04
-1 -1 0 2 2.149560e+01 1.145759e-03
0 1 3 4 1.067888e+01 5.692058e-04
2 4 -1 -1 5.016406e+00 2.673845e-04
2 3 -1 -1 2.410272e+01 1.284724e-03
5 
-1 -1 1 2 3.657046e+01 1.949279e-03
-1 -1 0 2 2.521030e+01 1.343760e-03
0 1 3 4 2.462483e+01 1.312553e-03
2 4 -1 -1 3.324312e+01 1.771925e-03
2 3 -1 -1 2.187379e+01 1.165917e-03
5 
-1 -1 1 2 1.499158e+01 7.990811e-04
-1 -1 0 2 1.089218e+01 5.805749e-04
0 1 3 4 1.823034e+01 9.717137e-04
2 4 -1 -1 2.628061e+01 1.400809e-03
2 3 -1 -1 2.014467e+01 1.073752e-03
5 
-1 -1 1 2 7.785135e+00 4.149633e-04
-1 -1 0 2 2.314837e+01 1.233855e-03
0 1 3 4 1.371526e+01 7.310507e-04
2 4 -1 -1 5.402629e+00 2.879710e-04
2 3 -1 -1 2.353451e+01 1.254437e-03
5 
-1 -1 1 2 1.803501e+01 9.613025e-04
-1 -1 0 2 9.571826e+00 5.101976e-04
0 1 3 4 5.108175e+01 2.722760e-03
2 4 -1 -1 5.169403e+00 2.755396e-04
2 3 -1 -1 1.203606e+01 6.415462e-04
5 
-1 -1 1 2 3.683755e+01 1.963516e-03
-1 -1 0 2 1.483732e+01 7.908590e-04
0 1 3 4 2.939680e+01 1.566908e-03
2 4 -1 -1 1.619605e+01 8.632818e-04
2 3 -1 -1 3.324534e+01 1.772044e-03
5 
-1 -1 1 2 1.673774e+01 8.921552e-04
-1 -1 0 2 6.708023e+00 3.575511e-04
0 1 3 4 1.613944e+01 8.602648e-04
2 4 -1 -1 1.904413e+01 1.015091e-03
2 3 -1 -1 9.918443e+00 5.286729e-04
5 
-1 -1 1 2 1.318643e+01 7.028634e-04
-1 -1 0 2 1.551987e+01 8.272400e-04
0 1 3 4 2.885310e+01 1.537928e-03
2 4 -1 -1 5.552055e+00 2.959357e-04
2 3 -1 -1 1.162662e+01 6.197220e-04
5 
-1 -1 1 2 1.574709e+01 8.393516e-04
-1 -1 0 2 1.245938e+01 6.641098e-04
0 1 3 4 9.060251e+00 4.829296e-04
2 4 -1 -1 1.699953e+01 9.061091e-04
2 3 -1 -1 8.276068e+00 4.411311e-04
5 
-1 -1 1 2 1.112230e+01 5.928411e-04
-1 -1 0 2 2.832451e+01 1.509753e-03
0 1 3 4 2.633159e+01 1.403527e-03
2 4 -1 -1 2.233831e+01 1.190677e-03
2 3 -1 -1 2.489374e+01 1.326886e-03
5 
-1 -1 1 2 3.123195e+00 1.664726e-04
-1 -1 0 2 2.410438e+01 1.284812e-03
0 1 3 4 2.098277e+01 1.118424e-03
2 4 -1 -1 1.098042e+01 5.852784e-04
2 3 -1 -1 1.476597e+01 7.870559e-04
5 
-1 -1 1 2 6.321521e+00 3.369498e-04
-1 -1 0 2 1.426186e+01 7.601859e-04
0 1 3 4 3.683065e+01 1.963148e-03
2 4 -1 -1 7.267649e+00 3.873803e-04
2 3 -1 -1 6.563772e+00 3.498622e-04
5 
-1 -1 1 2 1.385967e+01 7.387483e-04
-1 -1 0 2 5.312595e+00 2.831720e-04
0 1 3 4 2.024899e+01 1.079312e-03
2 4 -1 -1 8.461621e+00 4.510214e-04
2 3 -1 -1 1.341092e+01 7.148290e-04
5 
-1 -1 1 2 5.262290e+00 2.804906e-04
-1 -1 0 2 3.708154e+00 1.976521e-04
0 1 3 4 2.126431e+01 1.133430e-03
2 4 -1 -1 1.032081e+01 5.501197e-04
2 3 -1 -1 2.573032e+01 1.371478e-03
5 
-1 -1 1 2 4.201808e+01 2.239648e-03
-1 -1 0 2 6.750177e+00 3.597980e-04
0 1 3 4 3.787656e+01 2.018897e-03
2 4 -1 -1 1.110761e+01 5.920579e-04
2 3 -1 -1 1.612281e+01 8.593781e-04
5 
-1 -1 1 2 7.068052e+00 3.767413e-04
-1 -1 0 2 3.724467e+01 1.985215e-03
0 1 3 4 2.975004e+01 1.585737e-03
2 4 -1 -1 3.014475e+01 1.606776e-03
2 3 -1 -1 7.214741e+00 3.845602e-04
5 
-1 -1 1 2 5.300319e+00 2.825177e-04
-1 -1 0 2 1.998560e+01 1.065273e-03
0 1 3 4 2.343529e+01 1.249148e-03
2 4 -1 -1 9.606432e+00 5.120421e-04
2 3 -1 -1 1.502269e+01 8.007397e-04
5 
-1 -1 1 2 5.963812e+00 3.178832e-04
-1 -1 0 2 1.365550e+01 7.278658e-04
0 1 3 4 2.363712e+01 1.259906e-03
2 4 -1 -1 3.516564e+00 1.874399e-04
2 3 -1 -1 3.333435e+01 1.776788e-03
5 
-1 -1 1 2 5.705867e+00 3.041342e-04
-1 -1 0 2 1.048315e+01 5.587729e-04
0 1 3 4 1.517914e+01 8.090785e-04
2 4 -1 -1 3.927314e+01 2.093337e-03
2 3 -1 -1 1.490812e+01 7.946325e-04
5 
-1 -1 1 2 1.197302e+01 6.381860e-04
-1 -1 0 2 2.114246e+01 1.126936e-03
0 1 3 4 2.379564e+01 1.268355e-03
2 4 -1 -1 1.926762e+01 1.027003e-03
2 3 -1 -1 2.544521e+01 1.356281e-03
5 
-1 -1 1 2 1.803953e+01 9.615434e-04
-1 -1 0 2 1.602369e+01 8.540946e-04
0 1 3 4 2.425905e+01 1.293056e-03
2 4 -1 -1 4.296961e+00 2.290367e-04
2 3 -1 -1 1.346581e+01 7.177546e-04
5 
-1 -1 1 2 1.933100e+01 1.030381e-03
-1 -1 0 2 1.849699e+01 9.859265e-04
0 1 3 4 2.075445e+01 1.106254e-03
2 4 -1 -1 2.888685e+01 1.539727e-03
2 3 -1 -1 2.037657e+01 1.086112e-03
5 
-1 -1 1 2 6.103604e+01 3.253344e-03
-1 -1 0 2 6.480924e+00 3.454463e-04
0 1 3 4 1.849555e+01 9.858502e-04
2 4 -1 -1 6.115478e+00 3.259673e-04
2 3 -1 -1 6.700345e+00 3.571419e-04
5 
-1 -1 1 2 1.790046e+01 9.541306e-04
-1 -1 0 2 6.217774e+00 3.314198e-04
0 1 3 4 3.242443e+01 1.728287e-03
2 4 -1 -1 2.208090e+01 1.176956e-03
2 3 -1 -1 3.354365e+00 1.787944e-04
5 
-1 -1 1 2 2.763266e+01 1.472877e-03
-1 -1 0 2 1.156063e+01 6.162046e-04
0 1 3 4 1.503180e+01 8.012250e-04
2 4 -1 -1 7.447838e+00 3.969847e-04
2 3 -1 -1 1.313940e+01 7.003566e-04
5 
-1 -1 1 2 1.031669e+01 5.499003e-04
-1 -1 0 2 5.077314e+00 2.706310e-04
0 1 3 4 3.416838e+01 1.821243e-03
2 4 -1 -1 5.499158e+01 2.931161e-03
2 3 -1 -1 2.044939e+01 1.089993e-03
5 
-1 -1 1 2 2.721119e+01 1.450411e-03
-1 -1 0 2 5.667679e+00 3.020987e-04
0 1 3 4 2.868062e+01 1.528734e-03
2 4 -1 -1 1.972241e+01 1.051244e-03
2 3 -1 -1 1.439061e+01 7.670484e-04
5 
-1 -1 1 2 4.853512e+01 2.587019e-03
-1 -1 0 2 1.547006e+01 8.245854e-04
0 1 3 4 1.765238e+01 9.409076e-04
2 4 -1 -1 1.555027e+01 8.288605e-04
2 3 -1 -1 1.796313e+01 9.574709e-04
5 
-1 -1 1 2 1.076178e+01 5.736247e-04
-1 -1 0 2 1.897907e+01 1.011623e-03
0 1 3 4 1.273635e+01 6.788731e-04
2 4 -1 -1 8.259955e+00 4.402722e-04
2 3 -1 -1 4.008850e+01 2.136797e-03
5 
-1 -1 1 2 6.842224e+00 3.647043e-04
-1 -1 0 2 3.342417e+01 1.781576e-03
0 1 3 4 2.625057e+01 1.399208e-03
2 4 -1 -1 1.286325e+01 6.856369e-04
2 3 -1 -1 1.436628e+01 7.657516e-04
5 
-1 -1 1 2 5.595125e+00 2.982314e-04
-1 -1 0 2 2.367449e+01 1.261898e-03
0 1 3 4 1.814283e+01 9.670494e-04
2 4 -1 -1 1.253095e+01 6.679248e-04
2 3 -1 -1 1.523217e+01 8.119050e-04
5 
-1 -1 1 2 1.131685e+01 6.032107e-04
-1 -1 0 2 2.191832e+01 1.168290e-03
0 1 3 4 2.550594e+01 1.359518e-03
2 4 -1 -1 1.679698e+01 8.953125e-04
2 3 -1 -1 2.664156e+01 1.420049e-03
5 
-1 -1 1 2 6.940304e+00 3.699321e-04
-1 -1 0 2 3.242569e+00 1.728354e-04
0 1 3 4 3.789556e+01 2.019910e-03
2 4 -1 -1 7.545488e+00 4.021897e-04
2 3 -1 -1 1.136696e+01 6.058819e-04
5 
-1 -1 1 2 1.406368e+01 7.496223e-04
-1 -1 0 2 6.364978e+01 3.392661e-03
0 1 3 4 1.995506e+01 1.063645e-03
2 4 -1 -1 6.701988e+00 3.572294e-04
2 3 -1 -1 1.151183e+01 6.136039e-04
5 
-1 -1 1 2 4.801753e+00 2.559431e-04
-1 -1 0 2 3.241635e+01 1.727857e-03
0 1 3 4 1.478523e+01 7.880822e-04
2 4 -1 -1 1.059691e+01 5.648364e-04
2 3 -1 -1 1.260920e+01 6.720956e-04
5 
-1 -1 1 2 7.312671e+00 3.897801e-04
-1 -1 0 2 1.067964e+01 5.692464e-04
0 1 3 4 1.990687e+01 1.061076e-03
2 4 -1 -1 1.589872e+01 8.474339e-04
2 3 -1 -1 1.347864e+01 7.184385e-04
5 
-1 -1 1 2 8.086458e+00 4.310245e-04
-1 -1 0 2 1.718669e+01 9.160854e-04
0 1 3 4 3.630992e+01 1.935392e-03
2 4 -1 -1 1.928602e+01 1.027984e-03
2 3 -1 -1 9.320376e+00 4.967948e-04
5 
-1 -1 1 2 4.798228e+00 2.557552e-04
-1 -1 0 2 1.329096e+01 7.084349e-04
0 1 3 4 3.397982e+01 1.811193e-03
2 4 -1 -1 2.235552e+01 1.191594e-03
2 3 -1 -1 9.951260e+00 5.304222e-04
5 
-1 -1 1 2 3.693485e+00 1.968702e-04
-1 -1 0 2 1.394432e+01 7.432603e-04
0 1 3 4 3.075602e+01 1.639358e-03
2 4 -1 -1 9.578444e+00 5.105503e-04
2 3 -1 -1 6.934766e+00 3.696370e-04
5 
-1 -1 1 2 2.654401e+01 1.414849e-03
-1 -1 0 2 3.646562e+00 1.943691e-04
0 1 3 4 1.949708e+01 1.039233e-03
2 4 -1 -1 3.275549e+01 1.745934e-03
2 3 -1 -1 1.596790e+01 8.511211e-04
5 
-1 -1 1 2 4.037795e+00 2.152226e-04
-1 -1 0 2 2.617255e+01 1.395049e-03
0 1 3 4 2.898475e+01 1.544945e-03
2 4 -1 -1 5.243112e+00 2.794684e-04
2 3 -1 -1 5.687577e+00 3.031593e-04
5 
-1 -1 1 2 1.272742e+01 6.783972e-04
-1 -1 0 2 1.608393e+01 8.573060e-04
0 1 3 4 1.841797e+01 9.817147e-04
2 4 -1 -1 8.706497e+00 4.640738e-04
2 3 -1 -1 1.453191e+01 7.745802e-04
5 
-1 -1 1 2 5.885689e+00 3.137190e-04
-1 -1 0 2 1.834770e+01 9.779693e-04
0 1 3 4 1.917008e+01 1.021804e-03
2 4 -1 -1 4.712520e+01 2.511868e-03
2 3 -1 -1 1.270273e+01 6.770810e-04
5 
-1 -1 1 2 3.013460e+01 1.606234e-03
-1 -1 0 2 9.635151e+00 5.135729e-04
0 1 3 4 1.847993e+01 9.850174e-04
2 4 -1 -1 4.069706e+00 2.169235e-04
2 3 -1 -1 9.484621e+00 5.055494e-04
5 
-1 -1 1 2 2.892519e+01 1.541771e-03
-1 -1 0 2 1.735992e+01 9.253185e-04
0 1 3 4 1.093370e+01 5.827881e-04
2 4 -1 -1 4.198594e+00 2.237935e-04
2 3 -1 -1 1.214225e+01 6.472061e-04
5 
-1 -1 1 2 2.632775e+01 1.403322e-03
-1 -1 0 2 6.297599e+00 3.356747e-04
0 1 3 4 1.786325e+01 9.521472e-04
2 4 -1 -1 9.869794e+00 5.260799e-04
2 3 -1 -1 2.461851e+01 1.312216e-03
5 
-1 -1 1 2 2.198523e+01 1.171857e-03
-1 -1 0 2 6.258016e+00 3.335648e-04
0 1 3 4 2.114872e+01 1.127269e-03
2 4 -1 -1 1.469287e+01 7.831593e-04
2 3 -1 -1 2.357472e+01 1.256580e-03
5 
-1 -1 1 2 9.963329e+00 5.310655e-04
-1 -1 0 2 2.554930e+01 1.361829e-03
0 1 3 4 2.960788e+01 1.578159e-03
2 4 -1 -1 1.888798e+01 1.006767e-03
2 3 -1 -1 1.611478e+01 8.589500e-04
5 
-1 -1 1 2 1.859533e+01 9.911684e-04
-1 -1 0 2 2.883843e+01 1.537146e-03
0 1 3 4 2.322317e+01 1.237841e-03
2 4 -1 -1 1.672013e+01 8.912166e-04
2 3 -1 -1 2.680197e+01 1.428599e-03
5 
-1 -1 1 2 5.813988e+00 3.098973e-04
-1 -1 0 2 1.455352e+01 7.757316e-04
0 1 3 4 1.765616e+01 9.411085e-04
2 4 -1 -1 3.091877e+01 1.648033e-03
2 3 -1 -1 1.544486e+01 8.232421e-04
5 
-1 -1 1 2 1.842758e+01 9.822268e-04
-1 -1 0 2 1.039146e+01 5.538859e-04
0 1 3 4 2.013292e+01 1.073125e-03
2 4 -1 -1 9.543073e+00 5.086650e-04
2 3 -1 -1 1.068257e+01 5.694025e-04
5 
-1 -1 1 2 4.715528e+01 2.513471e-03
-1 -1 0 2 1.109558e+01 5.914165e-04
0 1 3 4 6.866297e+01 3.659874e-03
2 4 -1 -1 1.141821e+01 6.086138e-04
2 3 -1 -1 2.156833e+01 1.149636e-03
5 
-1 -1 1 2 3.177142e+01 1.693481e-03
-1 -1 0 2 3.163463e+01 1.686189e-03
0 1 3 4 1.637962e+01 8.730669e-04
2 4 -1 -1 1.013002e+01 5.399504e-04
2 3 -1 -1 7.555573e+00 4.027272e-04
5 
-1 -1 1 2 1.229627e+01 6.554160e-04
-1 -1 0 2 1.219110e+01 6.498101e-04
0 1 3 4 3.913702e+01 2.086082e-03
2 4 -1 -1 1.316966e+01 7.019695e-04
2 3 -1 -1 2.388434e+01 1.273083e-03
5 
-1 -1 1 2 5.330632e+00 2.841334e-04
-1 -1 0 2 1.066862e+01 5.686588e-04
0 1 3 4 1.699891e+01 9.060760e-04
2 4 -1 -1 3.862840e+01 2.058971e-03
2 3 -1 -1 2.255876e+01 1.202427e-03
5 
-1 -1 1 2 2.099028e+01 1.118824e-03
-1 -1 0 2 9.415904e+00 5.018866e-04
0 1 3 4 1.844870e+01 9.833526e-04
2 4 -1 -1 1.713007e+01 9.130673e-04
2 3 -1 -1 5.734668e+00 3.056693e-04
5 
-1 -1 1 2 9.391993e+00 5.006121e-04
-1 -1 0 2 3.085389e+01 1.644574e-03
0 1 3 4 2.765664e+01 1.474155e-03
2 4 -1 -1 3.740207e+01 1.993605e-03
2 3 -1 -1 2.390007e+01 1.273922e-03
5 
-1 -1 1 2 2.511372e+01 1.338612e-03
-1 -1 0 2 7.721838e+00 4.115895e-04
0 1 3 4 1.839337e+01 9.804034e-04
2 4 -1 -1 1.036002e+01 5.522097e-04
2 3 -1 -1 2.232210e+01 1.189813e-03
5 
-1 -1 1 2 3.664395e+00 1.953196e-04
-1 -1 0 2 1.598028e+01 8.517809e-04
0 1 3 4 9.674868e+00 5.156899e-04
2 4 -1 -1 1.250177e+01 6.663694e-04
2 3 -1 -1 6.422240e+00 3.423183e-04
5 
-1 -1 1 2 1.847901e+01 9.849681e-04
-1 -1 0 2 1.709778e+01 9.113462e-04
0 1 3 4 1.871349e+01 9.974664e-04
2 4 -1 -1 1.589523e+01 8.472475e-04
2 3 -1 -1 9.135848e+00 4.869590e-04
5 
-1 -1 1 2 1.211478e+01 6.457419e-04
-1 -1 0 2 1.000601e+01 5.333406e-04
0 1 3 4 1.358391e+01 7.240497e-04
2 4 -1 -1 2.831231e+01 1.509103e-03
2 3 -1 -1 7.776916e+00 4.145253e-04
5 
-1 -1 1 2 1.771668e+01 9.443348e-04
-1 -1 0 2 1.012117e+01 5.394789e-04
0 1 3 4 1.932828e+01 1.030236e-03
2 4 -1 -1 8.611396e+00 4.590047e-04
2 3 -1 -1 2.377049e+01 1.267015e-03
5 
-1 -1 1 2 7.476192e+00 3.984960e-04
-1 -1 0 2 2.452473e+01 1.307217e-03
0 1 3 4 1.041049e+01 5.549000e-04
2 4 -1 -1 3.322408e+01 1.770910e-03
2 3 -1 -1 1.391114e+01 7.414915e-04
5 
-1 -1 1 2 6.056437e+00 3.228203e-04
-1 -1 0 2 7.031244e+00 3.747795e-04
0 1 3 4 1.153502e+01 6.148395e-04
2 4 -1 -1 1.088262e+01 5.800655e-04
2 3 -1 -1 3.067431e+01 1.635002e-03
5 
-1 -1 1 2 1.304791e+01 6.954797e-04
-1 -1 0 2 7.614674e+00 4.058774e-04
0 1 3 4 2.132238e+01 1.136526e-03
2 4 -1 -1 1.779451e+01 9.484833e-04
2 3 -1 -1 2.575291e+01 1.372682e-03
5 
-1 -1 1 2 2.654546e+00 1.414926e-04
-1 -1 0 2 1.747895e+01 9.316629e-04
0 1 3 4 4.184946e+01 2.230660e-03
2 4 -1 -1 1.256410e+01 6.696917e-04
2 3 -1 -1 2.510035e+01 1.337899e-03
5 
-1 -1 1 2 2.735930e+01 1.458306e-03
-1 -1 0 2 2.441254e+01 1.301237e-03
0 1 3 4 1.583890e+01 8.442451e-04
2 4 -1 -1 1.042829e+01 5.558489e-04
2 3 -1 -1 7.744541e+00 4.127996e-04
5 
-1 -1 1 2 9.161367e+01 4.883193e-03
-1 -1 0 2 1.360575e+01 7.252138e-04
0 1 3 4 2.661374e+01 1.418566e-03
2 4 -1 -1 2.730206e+01 1.455255e-03
2 3 -1 -1 1.154057e+01 6.151357e-04
5 
-1 -1 1 2 3.118518e+01 1.662233e-03
-1 -1 0 2 1.219799e+01 6.501773e-04
0 1 3 4 1.991133e+01 1.061314e-03
2 4 -1 -1 5.239967e+00 2.793008e-04
2 3 -1 -1 9.631717e+00 5.133899e-04
5 
-1 -1 1 2 1.539663e+01 8.206713e-04
-1 -1 0 2 2.039136e+01 1.086901e-03
0 1 3 4 2.448460e+01 1.305079e-03
2 4 -1 -1 9.869278e+00 5.260524e-04
2 3 -1 -1 6.697721e+00 3.570020e-04
5 
-1 -1 1 2 7.658960e+00 4.082380e-04
-1 -1 0 2 3.908503e+01 2.083310e-03
0 1 3 4 1.353749e+01 7.215756e-04
2 4 -1 -1 2.698898e+01 1.438567e-03
2 3 -1 -1 1.327331e+01 7.074940e-04
5 
-1 -1 1 2 4.761491e+01 2.537970e-03
-1 -1 0 2 7.826239e+00 4.171543e-04
0 1 3 4 3.703606e+01 1.974096e-03
2 4 -1 -1 7.812720e+00 4.164337e-04
2 3 -1 -1 1.072288e+01 5.715511e-04
5 
-1 -1 1 2 9.053990e+00 4.825958e-04
-1 -1 0 2 1.327558e+01 7.076152e-04
0 1 3 4 2.498171e+01 1.331576e-03
2 4 -1 -1 1.605494e+01 8.557607e-04
2 3 -1 -1 7.958405e+00 4.241990e-04
5 
-1 -1 1 2 7.984823e+01 4.256071e-03
-1 -1 0 2 1.599767e+01 8.527081e-04
0 1 3 4 2.471562e+01 1.317392e-03
2 4 -1 -1 3.580373e+01 1.908411e-03
2 3 -1 -1 2.542674e+01 1.355296e-03
5 
-1 -1 1 2 9.473211e+00 5.049411e-04
-1 -1 0 2 1.391545e+01 7.417214e-04
0 1 3 4 3.449381e+01 1.838589e-03
2 4 -1 -1 2.272873e+01 1.211487e-03
2 3 -1 -1 2.547186e+01 1.357701e-03
5 
-1 -1 1 2 1.638804e+01 8.735152e-04
-1 -1 0 2 6.546326e+00 3.489323e-04
0 1 3 4 1.084447e+01 5.780319e-04
2 4 -1 -1 1.142108e+01 6.087665e-04
2 3 -1 -1 1.798484e+01 9.586279e-04
5 
-1 -1 1 2 1.459522e+01 7.779546e-04
-1 -1 0 2 1.192481e+01 6.356163e-04
0 1 3 4 1.650025e+01 8.794964e-04
2 4 -1 -1 2.927854e+01 1.560605e-03
2 3 -1 -1 5.271816e+01 2.809984e-03
5 
-1 -1 1 2 1.606899e+01 8.565095e-04
-1 -1 0 2 8.433903e+00 4.495440e-04
0 1 3 4 1.782685e+01 9.502072e-04
2 4 -1 -1 4.082432e+01 2.176019e-03
2 3 -1 -1 9.343568e+00 4.980309e-04
5 
-1 -1 1 2 1.737837e+01 9.263018e-04
-1 -1 0 2 4.521518e+00 2.410060e-04
0 1 3 4 6.880404e+00 3.667394e-04
2 4 -1 -1 3.213294e+00 1.712750e-04
2 3 -1 -1 3.387457e+01 1.805583e-03
5 
-1 -1 1 2 2.589947e+01 1.380494e-03
-1 -1 0 2 1.107965e+01 5.905678e-04
0 1 3 4 1.846064e+01 9.839892e-04
2 4 -1 -1 1.991322e+01 1.061414e-03
2 3 -1 -1 2.392606e+01 1.275307e-03
5 
-1 -1 1 2 6.188446e+00 3.298566e-04
-1 -1 0 2 9.364701e+00 4.991574e-04
0 1 3 4 6.424043e+01 3.424144e-03
2 4 -1 -1 8.897444e+00 4.742517e-04
2 3 -1 -1 7.686594e+00 4.097109e-04
5 
-1 -1 1 2 3.570551e+01 1.903176e-03
-1 -1 0 2 1.191849e+01 6.352792e-04
0 1 3 4 2.025899e+01 1.079845e-03
2 4 -1 -1 1.540256e+01 8.209874e-04
2 3 -1 -1 5.201830e+01 2.772680e-03
5 
-1 -1 1 2 1.261435e+01 6.723704e-04
-1 -1 0 2 1.296921e+01 6.912847e-04
0 1 3 4 3.202958e+01 1.707241e-03
2 4 -1 -1 1.267483e+01 6.755940e-04
2 3 -1 -1 1.711811e+01 9.124297e-04
5 
-1 -1 1 2 1.001578e+01 5.338615e-04
-1 -1 0 2 8.254688e+00 4.399915e-04
0 1 3 4 1.507661e+01 8.036139e-04
2 4 -1 -1 1.071629e+01 5.712000e-04
2 3 -1 -1 1.012017e+01 5.394252e-04
5 
-1 -1 1 2 2.359783e+01 1.257812e-03
-1 -1 0 2 1.739548e+01 9.272143e-04
0 1 3 4 1.573708e+01 8.388180e-04
2 4 -1 -1 5.723749e+00 3.050873e-04
2 3 -1 -1 2.757124e+01 1.469603e-03
5 
-1 -1 1 2 8.630251e+00 4.600097e-04
-1 -1 0 2 1.399353e+01 7.458830e-04
0 1 3 4 2.882492e+01 1.536426e-03
2 4 -1 -1 1.581952e+01 8.432122e-04
2 3 -1 -1 6.512815e+00 3.471461e-04
5 
-1 -1 1 2 1.876536e+01 1.000232e-03
-1 -1 0 2 1.052411e+01 5.609561e-04
0 1 3 4 3.342451e+01 1.781593e-03
2 4 -1 -1 1.847983e+01 9.850122e-04
2 3 -1 -1 5.673692e+00 3.024192e-04
5 
-1 -1 1 2 1.480196e+01 7.889741e-04
-1 -1 0 2 6.442211e+01 3.433828e-03
0 1 3 4 1.523228e+01 8.119113e-04
2 4 -1 -1 1.655247e+01 8.822798e-04
2 3 -1 -1 2.458058e+01 1.310194e-03
5 
-1 -1 1 2 1.069065e+01 5.698330e-04
-1 -1 0 2 6.316753e+01 3.366956e-03
0 1 3 4 1.435693e+01 7.652532e-04
2 4 -1 -1 2.009369e+01 1.071034e-03
2 3 -1 -1 9.157033e+00 4.880882e-04
5 
-1 -1 1 2 5.500125e+01 2.931677e-03
-1 -1 0 2 3.182589e+01 1.696384e-03
0 1 3 4 1.608637e+01 8.574360e-04
2 4 -1 -1 2.426074e+01 1.293146e-03
2 3 -1 -1 8.373159e+00 4.463062e-04
5 
-1 -1 1 2 1.300100e+01 6.929793e-04
-1 -1 0 2 4.529718e+01 2.414431e-03
0 1 3 4 1.393388e+01 7.427040e-04
2 4 -1 -1 4.310199e+01 2.297423e-03
2 3 -1 -1 2.796829e+01 1.490766e-03
5 
-1 -1 1 2 9.798140e+00 5.222606e-04
-1 -1 0 2 5.178147e+00 2.760056e-04
0 1 3 4 2.617132e+01 1.394984e-03
2 4 -1 -1 1.292037e+01 6.886815e-04
2 3 -1 -1 3.735751e+01 1.991231e-03
5 
-1 -1 1 2 3.019387e+00 1.609394e-04
-1 -1 0 2 6.219981e+00 3.315375e-04
0 1 3 4 2.808051e+01 1.496748e-03
2 4 -1 -1 1.520857e+01 8.106474e-04
2 3 -1 -1 1.083956e+01 5.777703e-04
5 
-1 -1 1 2 1.369680e+01 7.300667e-04
-1 -1 0 2 1.411244e+01 7.522214e-04
0 1 3 4 1.055062e+01 5.623691e-04
2 4 -1 -1 6.788499e+00 3.618406e-04
2 3 -1 -1 1.415914e+01 7.547105e-04
5 
-1 -1 1 2 2.110831e+01 1.125116e-03
-1 -1 0 2 3.395696e+00 1.809974e-04
0 1 3 4 1.385763e+01 7.386393e-04
2 4 -1 -1 1.096737e+01 5.845830e-04
2 3 -1 -1 1.914962e+01 1.020713e-03
5 
-1 -1 1 2 8.778496e+00 4.679115e-04
-1 -1 0 2 8.182596e+01 4.361488e-03
0 1 3 4 3.909273e+01 2.083721e-03
2 4 -1 -1 1.178401e+01 6.281116e-04
2 3 -1 -1 2.725078e+01 1.452521e-03
5 
-1 -1 1 2 3.980439e+01 2.121654e-03
-1 -1 0 2 3.466016e+01 1.847456e-03
0 1 3 4 2.929992e+01 1.561745e-03
2 4 -1 -1 1.052379e+01 5.609392e-04
2 3 -1 -1 1.297254e+01 6.914625e-04
5 
-1 -1 1 2 1.943723e+01 1.036044e-03
-1 -1 0 2 1.227577e+01 6.543233e-04
0 1 3 4 1.011666e+01 5.392381e-04
2 4 -1 -1 8.864575e+00 4.724996e-04
2 3 -1 -1 2.120188e+01 1.130103e-03
5 
-1 -1 1 2 1.348533e+01 7.187953e-04
-1 -1 0 2 1.312004e+01 6.993246e-04
0 1 3 4 2.136439e+01 1.138765e-03
2 4 -1 -1 1.861958e+01 9.924610e-04
2 3 -1 -1 1.660669e+01 8.851701e-04
5 
-1 -1 1 2 4.537669e+01 2.418669e-03
-1 -1 0 2 3.643764e+01 1.942199e-03
0 1 3 4 2.314168e+01 1.233498e-03
2 4 -1 -1 5.359265e+00 2.856596e-04
2 3 -1 -1 5.939868e+00 3.166069e-04
5 
-1 -1 1 2 6.103358e+01 3.253213e-03
-1 -1 0 2 2.649998e+01 1.412502e-03
0 1 3 4 3.496586e+01 1.863751e-03
2 4 -1 -1 2.905040e+01 1.548445e-03
2 3 -1 -1 1.421376e+01 7.576218e-04
5 
-1 -1 1 2 1.734042e+01 9.242795e-04
-1 -1 0 2 3.773260e+01 2.011223e-03
0 1 3 4 1.379117e+01 7.350969e-04
2 4 -1 -1 4.539603e+00 2.419699e-04
2 3 -1 -1 1.708755e+01 9.108008e-04
5 
-1 -1 1 2 7.074192e+00 3.770686e-04
-1 -1 0 2 8.319427e+00 4.434422e-04
0 1 3 4 2.689786e+01 1.433710e-03
2 4 -1 -1 1.620895e+01 8.639695e-04
2 3 -1 -1 1.709464e+01 9.111788e-04
5 
-1 -1 1 2 1.771879e+01 9.444473e-04
-1 -1 0 2 1.204280e+01 6.419055e-04
0 1 3 4 3.331945e+01 1.775994e-03
2 4 -1 -1 5.452677e+01 2.906386e-03
2 3 -1 -1 2.251922e+01 1.200320e-03
5 
-1 -1 1 2 1.348932e+01 7.190077e-04
-1 -1 0 2 3.946838e+01 2.103744e-03
0 1 3 4 1.728530e+01 9.213413e-04
2 4 -1 -1 4.615394e+00 2.460098e-04
2 3 -1 -1 1.219841e+01 6.501997e-04
5 
-1 -1 1 2 1.107151e+01 5.901336e-04
-1 -1 0 2 2.069577e+01 1.103126e-03
0 1 3 4 1.599080e+01 8.523419e-04
2 4 -1 -1 1.847947e+01 9.849928e-04
2 3 -1 -1 6.799997e+00 3.624535e-04
5 
-1 -1 1 2 9.049452e+00 4.823540e-04
-1 -1 0 2 3.542824e+01 1.888397e-03
0 1 3 4 1.278057e+01 6.812300e-04
2 4 -1 -1 1.193949e+01 6.363987e-04
2 3 -1 -1 3.933690e+01 2.096736e-03
5 
-1 -1 1 2 8.820179e+00 4.701332e-04
-1 -1 0 2 9.589508e+00 5.111400e-04
0 1 3 4 3.264057e+01 1.739808e-03
2 4 -1 -1 9.855258e+00 5.253051e-04
2 3 -1 -1 2.632914e+01 1.403396e-03
5 
-1 -1 1 2 7.612043e+00 4.057372e-04
-1 -1 0 2 1.592542e+01 8.488566e-04
0 1 3 4 1.429209e+01 7.617973e-04
2 4 -1 -1 2.506361e+01 1.335941e-03
2 3 -1 -1 6.932822e+00 3.695333e-04
5 
-1 -1 1 2 7.027201e+00 3.745639e-04
-1 -1 0 2 6.070504e+00 3.235701e-04
0 1 3 4 1.466333e+01 7.815852e-04
2 4 -1 -1 7.058179e+00 3.762151e-04
2 3 -1 -1 3.230229e+00 1.721777e-04
5 
-1 -1 1 2 1.324089e+01 7.057661e-04
-1 -1 0 2 2.184609e+01 1.164440e-03
0 1 3 4 2.112793e+01 1.126161e-03
2 4 -1 -1 2.420681e+01 1.290272e-03
2 3 -1 -1 1.275173e+01 6.796927e-04
5 
-1 -1 1 2 4.161925e+01 2.218389e-03
-1 -1 0 2 1.070147e+01 5.704099e-04
0 1 3 4 3.049403e+01 1.625393e-03
2 4 -1 -1 1.454660e+01 7.753632e-04
2 3 -1 -1 8.833718e+00 4.708549e-04
5 
-1 -1 1 2 6.750754e+00 3.598287e-04
-1 -1 0 2 6.141183e+01 3.273374e-03
0 1 3 4 1.740393e+01 9.276644e-04
2 4 -1 -1 4.960825e+00 2.644219e-04
2 3 -1 -1 2.934943e+01 1.564383e-03
5 
-1 -1 1 2 3.308679e+01 1.763592e-03
-1 -1 0 2 3.256366e+01 1.735709e-03
0 1 3 4 1.682292e+01 8.966954e-04
2 4 -1 -1 6.627285e+00 3.532476e-04
2 3 -1 -1 8.882887e+00 4.734757e-04
5 
-1 -1 1 2 2.101561e+01 1.120174e-03
-1 -1 0 2 5.402985e+00 2.879899e-04
0 1 3 4 4.654715e+01 2.481057e-03
2 4 -1 -1 1.834346e+01 9.777431e-04
2 3 -1 -1 2.342016e+01 1.248342e-03
5 
-1 -1 1 2 1.105359e+01 5.891785e-04
-1 -1 0 2 7.535261e+00 4.016445e-04
0 1 3 4 2.963010e+01 1.579344e-03
2 4 -1 -1 5.621367e+00 2.996301e-04
2 3 -1 -1 1.778062e+01 9.477429e-04
5 
-1 -1 1 2 1.134502e+01 6.047125e-04
-1 -1 0 2 1.447111e+01 7.713392e-04
0 1 3 4 1.567806e+01 8.356721e-04
2 4 -1 -1 1.157076e+01 6.167449e-04
2 3 -1 -1 6.928024e+00 3.692776e-04
5 
-1 -1 1 2 6.456780e+00 3.441593e-04
-1 -1 0 2 3.439135e+01 1.833128e-03
0 1 3 4 1.531454e+01 8.162959e-04
2 4 -1 -1 1.568619e+01 8.361057e-04
2 3 -1 -1 1.533415e+01 8.173413e-04
5 
-1 -1 1 2 2.486902e+01 1.325569e-03
-1 -1 0 2 7.265776e+00 3.872805e-04
0 1 3 4 1.443224e+01 7.692674e-04
2 4 -1 -1 1.469114e+01 7.830675e-04
2 3 -1 -1 8.733449e+00 4.655104e-04
5 
-1 -1 1 2 2.126348e+01 1.133386e-03
-1 -1 0 2 4.914528e+01 2.619542e-03
0 1 3 4 2.757671e+01 1.469894e-03
2 4 -1 -1 2.024217e+01 1.078948e-03
2 3 -1 -1 6.230431e+00 3.320945e-04
5 
-1 -1 1 2 2.417126e+01 1.288377e-03
-1 -1 0 2 5.557456e+01 2.962236e-03
0 1 3 4 2.115787e+01 1.127757e-03
2 4 -1 -1 5.874309e+00 3.131124e-04
2 3 -1 -1 1.050201e+01 5.597780e-04
5 
-1 -1 1 2 1.083724e+01 5.776464e-04
-1 -1 0 2 1.946947e+01 1.037762e-03
0 1 3 4 6.010047e+01 3.203476e-03
2 4 -1 -1 4.262684e+00 2.272096e-04
2 3 -1 -1 2.232680e+01 1.190064e-03
5 
-1 -1 1 2 1.117827e+01 5.958244e-04
-1 -1 0 2 6.835909e+00 3.643677e-04
0 1 3 4 4.497706e+01 2.397368e-03
2 4 -1 -1 2.113029e+01 1.126287e-03
2 3 -1 -1 1.987525e+01 1.059391e-03
5 
-1 -1 1 2 3.471968e+01 1.850629e-03
-1 -1 0 2 1.311333e+01 6.989666e-04
0 1 3 4 1.627728e+01 8.676119e-04
2 4 -1 -1 1.225904e+01 6.534312e-04
2 3 -1 -1 1.724098e+01 9.189787e-04
5 
-1 -1 1 2 1.421082e+01 7.574655e-04
-1 -1 0 2 1.472793e+01 7.850285e-04
0 1 3 4 4.949108e+01 2.637974e-03
2 4 -1 -1 7.622364e+00 4.062873e-04
2 3 -1 -1 1.188270e+01 6.333717e-04
5 
-1 -1 1 2 7.161641e+00 3.817299e-04
-1 -1 0 2 1.237956e+01 6.598554e-04
0 1 3 4 3.612240e+01 1.925397e-03
2 4 -1 -1 2.120415e+01 1.130224e-03
2 3 -1 -1 2.104212e+01 1.121588e-03
5 
-1 -1 1 2 1.133428e+01 6.041396e-04
-1 -1 0 2 1.349044e+01 7.190673e-04
0 1 3 4 1.497220e+01 7.980482e-04
2 4 -1 -1 5.764644e+00 3.072671e-04
2 3 -1 -1 5.975029e+00 3.184810e-04
5 
-1 -1 1 2 1.264450e+01 6.739771e-04
-1 -1 0 2 1.601795e+01 8.537887e-04
0 1 3 4 3.187184e+01 1.698833e-03
2 4 -1 -1 1.573740e+01 8.388352e-04
2 3 -1 -1 1.180857e+01 6.294203e-04
5 
-1 -1 1 2 4.202429e+00 2.239979e-04
-1 -1 0 2 9.599806e+00 5.116890e-04
0 1 3 4 2.766832e+01 1.474777e-03
2 4 -1 -1 1.705612e+01 9.091257e-04
2 3 -1 -1 1.866225e+01 9.947353e-04
5 
-1 -1 1 2 6.864325e+00 3.658823e-04
-1 -1 0 2 2.325504e+01 1.239540e-03
0 1 3 4 2.196484e+01 1.170770e-03
2 4 -1 -1 6.706303e+01 3.574594e-03
2 3 -1 -1 3.349319e+01 1.785254e-03
5 
-1 -1 1 2 1.582528e+01 8.435194e-04
-1 -1 0 2 3.030277e+01 1.615199e-03
0 1 3 4 1.296758e+01 6.911982e-04
2 4 -1 -1 4.197379e+01 2.237287e-03
2 3 -1 -1 3.008980e+01 1.603847e-03
5 
-1 -1 1 2 1.826488e+01 9.735547e-04
-1 -1 0 2 1.861796e+01 9.923747e-04
0 1 3 4 3.241235e+01 1.727643e-03
2 4 -1 -1 2.256209e+01 1.202605e-03
2 3 -1 -1 1.375946e+01 7.334070e-04
5 
-1 -1 1 2 3.877634e+00 2.066857e-04
-1 -1 0 2 4.132702e+01 2.202813e-03
0 1 3 4 2.223783e+01 1.185321e-03
2 4 -1 -1 2.858513e+01 1.523645e-03
2 3 -1 -1 2.790390e+01 1.487334e-03
5 
-1 -1 1 2 4.979857e+00 2.654364e-04
-1 -1 0 2 4.307029e+00 2.295733e-04
0 1 3 4 1.195799e+01 6.373848e-04
2 4 -1 -1 3.593818e+00 1.915577e-04
2 3 -1 -1 2.722253e+01 1.451016e-03
5 
-1 -1 1 2 1.261447e+01 6.723764e-04
-1 -1 0 2 9.436932e+00 5.030074e-04
0 1 3 4 2.134015e+01 1.137473e-03
2 4 -1 -1 1.799024e+01 9.589159e-04
2 3 -1 -1 1.615616e+01 8.611556e-04
5 
-1 -1 1 2 2.261656e+01 1.205508e-03
-1 -1 0 2 9.852161e+00 5.251400e-04
0 1 3 4 1.231457e+01 6.563911e-04
2 4 -1 -1 7.254278e+01 3.866676e-03
2 3 -1 -1 3.261660e+01 1.738530e-03
5 
-1 -1 1 2 1.560513e+01 8.317849e-04
-1 -1 0 2 1.933641e+01 1.030669e-03
0 1 3 4 3.901759e+01 2.079716e-03
2 4 -1 -1 6.123256e+01 3.263818e-03
2 3 -1 -1 3.276487e+01 1.746433e-03
5 
-1 -1 1 2 1.925654e+01 1.026412e-03
-1 -1 0 2 2.233769e+01 1.190644e-03
0 1 3 4 2.110119e+01 1.124736e-03
2 4 -1 -1 1.493494e+01 7.960621e-04
2 3 -1 -1 1.147276e+01 6.115214e-04
5 
-1 -1 1 2 4.578326e+01 2.440340e-03
-1 -1 0 2 1.767031e+01 9.418629e-04
0 1 3 4 2.816268e+01 1.501128e-03
2 4 -1 -1 8.875630e+00 4.730889e-04
2 3 -1 -1 1.186842e+01 6.326105e-04
5 
-1 -1 1 2 9.495658e+00 5.061376e-04
-1 -1 0 2 1.327647e+01 7.076626e-04
0 1 3 4 2.219017e+01 1.182781e-03
2 4 -1 -1 2.305470e+01 1.228862e-03
2 3 -1 -1 1.282919e+01 6.838217e-04
5 
-1 -1 1 2 5.215891e+01 2.780175e-03
-1 -1 0 2 1.044736e+01 5.568655e-04
0 1 3 4 1.585289e+01 8.449910e-04
2 4 -1 -1 2.221345e+01 1.184022e-03
2 3 -1 -1 6.587341e+01 3.511185e-03
5 
-1 -1 1 2 2.947838e+01 1.571257e-03
-1 -1 0 2 6.414525e+00 3.419071e-04
0 1 3 4 2.446275e+01 1.303914e-03
2 4 -1 -1 1.571726e+01 8.377614e-04
2 3 -1 -1 9.455438e+00 5.039938e-04
5 
-1 -1 1 2 1.117430e+01 5.956126e-04
-1 -1 0 2 3.015013e+01 1.607062e-03
0 1 3 4 9.807049e+00 5.227354e-04
2 4 -1 -1 6.073352e+00 3.237219e-04
2 3 -1 -1 3.019814e+01 1.609621e-03
5 
-1 -1 1 2 1.385806e+01 7.386626e-04
-1 -1 0 2 1.718116e+01 9.157904e-04
0 1 3 4 1.060685e+02 5.653663e-03
2 4 -1 -1 1.086068e+01 5.788961e-04
2 3 -1 -1 2.089335e+01 1.113657e-03
5 
-1 -1 1 2 1.395802e+01 7.439904e-04
-1 -1 0 2 9.057003e+00 4.827564e-04
0 1 3 4 2.131187e+01 1.135965e-03
2 4 -1 -1 2.857179e+01 1.522934e-03
2 3 -1 -1 3.099984e+01 1.652354e-03
5 
-1 -1 1 2 2.600329e+01 1.386028e-03
-1 -1 0 2 4.420009e+01 2.355954e-03
0 1 3 4 2.207826e+01 1.176816e-03
2 4 -1 -1 5.874944e+00 3.131463e-04
2 3 -1 -1 4.386817e+01 2.338262e-03
5 
-1 -1 1 2 9.101472e+00 4.851268e-04
-1 -1 0 2 1.181777e+01 6.299108e-04
0 1 3 4 4.127748e+01 2.200172e-03
2 4 -1 -1 2.050508e+01 1.092962e-03
2 3 -1 -1 2.405826e+01 1.282354e-03
5 
-1 -1 1 2 1.868422e+01 9.959066e-04
-1 -1 0 2 9.479725e+00 5.052884e-04
0 1 3 4 1.961567e+01 1.045555e-03
2 4 -1 -1 8.408765e+00 4.482041e-04
2 3 -1 -1 3.736286e+01 1.991515e-03
5 
-1 -1 1 2 1.224489e+01 6.526775e-04
-1 -1 0 2 6.952397e+00 3.705767e-04
0 1 3 4 2.996540e+01 1.597216e-03
2 4 -1 -1 3.834270e+00 2.043743e-04
2 3 -1 -1 7.215455e+00 3.845982e-04
5 
-1 -1 1 2 3.702741e+00 1.973636e-04
-1 -1 0 2 1.697438e+01 9.047685e-04
0 1 3 4 2.563267e+01 1.366273e-03
2 4 -1 -1 6.208655e+00 3.309338e-04
2 3 -1 -1 8.378907e+00 4.466126e-04
5 
-1 -1 1 2 7.717392e+00 4.113525e-04
-1 -1 0 2 1.499510e+01 7.992691e-04
0 1 3 4 4.988295e+01 2.658861e-03
2 4 -1 -1 8.317623e+00 4.433460e-04
2 3 -1 -1 2.931604e+01 1.562604e-03
5 
-1 -1 1 2 5.757965e+00 3.069111e-04
-1 -1 0 2 1.562047e+01 8.326022e-04
0 1 3 4 1.465889e+01 7.813481e-04
2 4 -1 -1 4.395446e+01 2.342861e-03
2 3 -1 -1 2.558633e+01 1.363803e-03
5 
-1 -1 1 2 2.166611e+01 1.154847e-03
-1 -1 0 2 2.738244e+01 1.459539e-03
0 1 3 4 4.415665e+01 2.353638e-03
2 4 -1 -1 1.422490e+01 7.582160e-04
2 3 -1 -1 6.077572e+00 3.239468e-04
5 
-1 -1 1 2 4.302563e+01 2.293352e-03
-1 -1 0 2 1.725309e+01 9.196242e-04
0 1 3 4 2.637831e+01 1.406017e-03
2 4 -1 -1 1.349996e+01 7.195752e-04
2 3 -1 -1 8.572079e+00 4.569090e-04
5 
-1 -1 1 2 1.906767e+01 1.016345e-03
-1 -1 0 2 9.852808e+00 5.251745e-04
0 1 3 4 2.491958e+01 1.328264e-03
2 4 -1 -1 1.346415e+01 7.176661e-04
2 3 -1 -1 1.432684e+01 7.636493e-04
5 
-1 -1 1 2 1.319393e+01 7.032632e-04
-1 -1 0 2 1.874216e+01 9.989949e-04
0 1 3 4 1.613556e+01 8.600575e-04
2 4 -1 -1 3.277893e+01 1.747183e-03
2 3 -1 -1 2.649618e+01 1.412300e-03
5 
-1 -1 1 2 2.092382e+01 1.115282e-03
-1 -1 0 2 1.497940e+01 7.984322e-04
0 1 3 4 2.395759e+01 1.276988e-03
2 4 -1 -1 9.240611e+00 4.925431e-04
2 3 -1 -1 4.804017e+00 2.560637e-04
5 
-1 -1 1 2 9.307973e+00 4.961337e-04
-1 -1 0 2 2.289051e+01 1.220110e-03
0 1 3 4 1.431589e+01 7.630656e-04
2 4 -1 -1 1.191690e+01 6.351945e-04
2 3 -1 -1 8.062568e+00 4.297511e-04
5 
-1 -1 1 2 7.990829e+00 4.259272e-04
-1 -1 0 2 5.136879e+01 2.738060e-03
0 1 3 4 4.406572e+01 2.348791e-03
2 4 -1 -1 1.016285e+01 5.417001e-04
2 3 -1 -1 7.709905e+00 4.109534e-04
5 
-1 -1 1 2 4.334447e+01 2.310347e-03
-1 -1 0 2 7.459842e+00 3.976246e-04
0 1 3 4 4.198827e+01 2.238059e-03
2 4 -1 -1 1.334657e+01 7.113992e-04
2 3 -1 -1 2.458788e+01 1.310583e-03
5 
-1 -1 1 2 3.798497e+01 2.024675e-03
-1 -1 0 2 8.092145e+00 4.313276e-04
0 1 3 4 2.006379e+01 1.069441e-03
2 4 -1 -1 2.600742e+01 1.386248e-03
2 3 -1 -1 1.473973e+01 7.856572e-04
5 
-1 -1 1 2 4.595797e+00 2.449652e-04
-1 -1 0 2 7.778867e+00 4.146292e-04
0 1 3 4 2.232822e+01 1.190139e-03
2 4 -1 -1 1.795567e+01 9.570731e-04
2 3 -1 -1 1.253269e+01 6.680176e-04
5 
-1 -1 1 2 3.802371e+01 2.026740e-03
-1 -1 0 2 1.335759e+01 7.119866e-04
0 1 3 4 1.535405e+01 8.184015e-04
2 4 -1 -1 1.240978e+01 6.614663e-04
2 3 -1 -1 1.979369e+01 1.055043e-03
