H 
4.000000e+01 
200 
5 
-1 -1 1 2 4.344161e+01 9.227774e-04
-1 -1 0 2 4.209411e+01 8.941541e-04
0 1 3 4 3.894371e+01 8.272339e-04
2 4 -1 -1 1.081505e+02 2.297309e-03
2 3 -1 -1 7.617128e+01 1.618014e-03
5 
-1 -1 1 2 6.227978e+01 1.322934e-03
-1 -1 0 2 5.071039e+01 1.077179e-03
0 1 3 4 4.080544e+01 8.667805e-04
2 4 -1 -1 4.036130e+01 8.573460e-04
2 3 -1 -1 6.593165e+01 1.400506e-03
5 
-1 -1 1 2 3.387078e+01 7.194758e-04
-1 -1 0 2 6.733440e+01 1.430303e-03
0 1 3 4 3.683423e+01 7.824247e-04
2 4 -1 -1 3.115880e+01 6.618686e-04
2 3 -1 -1 4.178709e+01 8.876324e-04
5 
-1 -1 1 2 2.195901e+01 4.664486e-04
-1 -1 0 2 1.731651e+01 3.678335e-04
0 1 3 4 6.982753e+01 1.483261e-03
2 4 -1 -1 3.616390e+01 7.681858e-04
2 3 -1 -1 6.756424e+01 1.435185e-03
5 
-1 -1 1 2 6.131670e+01 1.302476e-03
-1 -1 0 2 1.798853e+01 3.821085e-04
0 1 3 4 2.203621e+01 4.680884e-04
2 4 -1 -1 1.054493e+02 2.239932e-03
2 3 -1 -1 5.667896e+01 1.203962e-03
5 
-1 -1 1 2 3.511615e+01 7.459296e-04
-1 -1 0 2 3.265486e+01 6.936474e-04
0 1 3 4 4.149278e+01 8.813807e-04
2 4 -1 -1 8.633746e+01 1.833962e-03
2 3 -1 -1 4.369273e+01 9.281115e-04
5 
-1 -1 1 2 5.544799e+01 1.177814e-03
-1 -1 0 2 1.063936e+01 2.259991e-04
0 1 3 4 4.595395e+01 9.761439e-04
2 4 -1 -1 1.032995e+01 2.194265e-04
2 3 -1 -1 6.402100e+01 1.359920e-03
5 
-1 -1 1 2 8.406361e+01 1.785661e-03
-1 -1 0 2 3.228060e+01 6.856975e-04
0 1 3 4 4.783135e+01 1.016023e-03
2 4 -1 -1 1.683261e+01 3.575547e-04
2 3 -1 -1 9.634852e+01 2.046615e-03
5 
-1 -1 1 2 5.108856e+01 1.085212e-03
-1 -1 0 2 8.984570e+01 1.908483e-03
0 1 3 4 5.515676e+01 1.171628e-03
2 4 -1 -1 1.574933e+01 3.345438e-04
2 3 -1 -1 1.096026e+02 2.328156e-03
5 
-1 -1 1 2 2.433206e+01 5.168564e-04
-1 -1 0 2 3.929414e+01 8.346776e-04
0 1 3 4 3.675857e+01 7.808177e-04
2 4 -1 -1 2.223862e+01 4.723880e-04
2 3 -1 -1 3.692320e+01 7.843148e-04
5 
-1 -1 1 2 1.795126e+01 3.813168e-04
-1 -1 0 2 3.871878e+01 8.224559e-04
0 1 3 4 7.257828e+01 1.541692e-03
2 4 -1 -1 2.873647e+01 6.104139e-04
2 3 -1 -1 3.329365e+01 7.072165e-04
5 
-1 -1 1 2 2.534035e+01 5.382743e-04
-1 -1 0 2 4.706027e+01 9.996440e-04
0 1 3 4 3.475053e+01 7.381632e-04
2 4 -1 -1 5.955081e+01 1.264966e-03
2 3 -1 -1 4.790687e+01 1.017627e-03
5 
-1 -1 1 2 1.450404e+01 3.080917e-04
-1 -1 0 2 2.656449e+01 5.642772e-04
0 1 3 4 6.183729e+01 1.313534e-03
2 4 -1 -1 3.479230e+01 7.390506e-04
2 3 -1 -1 2.705778e+01 5.747556e-04
5 
-1 -1 1 2 4.300128e+01 9.134240e-04
-1 -1 0 2 4.505604e+01 9.570707e-04
0 1 3 4 6.399203e+01 1.359305e-03
2 4 -1 -1 2.326968e+01 4.942894e-04
2 3 -1 -1 2.692706e+01 5.719787e-04
5 
-1 -1 1 2 5.944322e+01 1.262680e-03
-1 -1 0 2 2.701590e+01 5.738659e-04
0 1 3 4 5.449025e+01 1.157470e-03
2 4 -1 -1 1.442999e+02 3.065187e-03
2 3 -1 -1 1.025001e+02 2.177284e-03
5 
-1 -1 1 2 6.311911e+01 1.340762e-03
-1 -1 0 2 1.205669e+02 2.561056e-03
0 1 3 4 3.216227e+01 6.831840e-04
2 4 -1 -1 1.624834e+01 3.451438e-04
2 3 -1 -1 7.542199e+01 1.602098e-03
5 
-1 -1 1 2 7.710536e+01 1.637855e-03
-1 -1 0 2 6.603540e+01 1.402710e-03
0 1 3 4 3.439252e+01 7.305585e-04
2 4 -1 -1 1.800469e+02 3.824518e-03
2 3 -1 -1 2.275487e+01 4.833540e-04
5 
-1 -1 1 2 4.778967e+01 1.015138e-03
-1 -1 0 2 8.327172e+01 1.768840e-03
0 1 3 4 6.329616e+01 1.344523e-03
2 4 -1 -1 2.519365e+01 5.351580e-04
2 3 -1 -1 1.295499e+01 2.751872e-04
5 
-1 -1 1 2 3.928375e+01 8.344569e-04
-1 -1 0 2 7.836291e+01 1.664568e-03
0 1 3 4 4.961787e+01 1.053972e-03
2 4 -1 -1 7.765171e+01 1.649461e-03
2 3 -1 -1 3.336938e+01 7.088251e-04
5 
-1 -1 1 2 1.290075e+02 2.740349e-03
-1 -1 0 2 2.465627e+01 5.237432e-04
0 1 3 4 2.723373e+01 5.784929e-04
2 4 -1 -1 3.556748e+01 7.555168e-04
2 3 -1 -1 2.586248e+01 5.493652e-04
5 
-1 -1 1 2 1.802695e+01 3.829246e-04
-1 -1 0 2 1.992055e+01 4.231481e-04
0 1 3 4 4.650742e+01 9.879007e-04
2 4 -1 -1 1.233639e+01 2.620469e-04
2 3 -1 -1 7.465332e+01 1.585770e-03
5 
-1 -1 1 2 3.031408e+01 6.439252e-04
-1 -1 0 2 1.715517e+01 3.644064e-04
0 1 3 4 3.303607e+01 7.017452e-04
2 4 -1 -1 1.460487e+01 3.102335e-04
2 3 -1 -1 2.616737e+01 5.558417e-04
5 
-1 -1 1 2 2.359952e+01 5.012959e-04
-1 -1 0 2 1.547454e+02 3.287068e-03
0 1 3 4 6.897005e+01 1.465047e-03
2 4 -1 -1 7.628470e+01 1.620423e-03
2 3 -1 -1 3.256002e+01 6.916330e-04
5 
-1 -1 1 2 1.575709e+01 3.347087e-04
-1 -1 0 2 1.270102e+02 2.697923e-03
0 1 3 4 4.349155e+01 9.238382e-04
2 4 -1 -1 1.843048e+01 3.914962e-04
2 3 -1 -1 2.476936e+01 5.261453e-04
5 
-1 -1 1 2 2.124541e+01 4.512903e-04
-1 -1 0 2 3.651266e+01 7.755941e-04
0 1 3 4 4.401646e+01 9.349881e-04
2 4 -1 -1 3.698882e+01 7.857085e-04
2 3 -1 -1 3.431261e+01 7.288610e-04
5 
-1 -1 1 2 1.691512e+01 3.593072e-04
-1 -1 0 2 6.258078e+01 1.329327e-03
0 1 3 4 3.454605e+01 7.338198e-04
2 4 -1 -1 1.146994e+01 2.436420e-04
2 3 -1 -1 7.198260e+01 1.529039e-03
5 
-1 -1 1 2 6.254580e+01 1.328584e-03
-1 -1 0 2 9.648714e+01 2.049559e-03
0 1 3 4 5.906033e+01 1.254547e-03
2 4 -1 -1 1.877686e+01 3.988540e-04
2 3 -1 -1 3.529111e+01 7.496461e-04
5 
-1 -1 1 2 8.915811e+00 1.893877e-04
-1 -1 0 2 3.731678e+01 7.926750e-04
0 1 3 4 5.388310e+01 1.144573e-03
2 4 -1 -1 9.595476e+01 2.038250e-03
2 3 -1 -1 6.513760e+01 1.383639e-03
5 
-1 -1 1 2 5.901119e+01 1.253503e-03
-1 -1 0 2 5.649456e+01 1.200045e-03
0 1 3 4 5.277337e+01 1.121001e-03
2 4 -1 -1 6.345252e+01 1.347845e-03
2 3 -1 -1 1.092212e+02 2.320053e-03
5 
-1 -1 1 2 4.181308e+01 8.881844e-04
-1 -1 0 2 6.550521e+01 1.391447e-03
0 1 3 4 4.402943e+01 9.352636e-04
2 4 -1 -1 1.118431e+01 2.375747e-04
2 3 -1 -1 3.851712e+01 8.181723e-04
5 
-1 -1 1 2 7.313683e+00 1.553557e-04
-1 -1 0 2 6.996246e+01 1.486128e-03
0 1 3 4 4.718128e+01 1.002215e-03
2 4 -1 -1 1.851166e+01 3.932207e-04
2 3 -1 -1 5.555705e+01 1.180131e-03
5 
-1 -1 1 2 8.686226e+01 1.845110e-03
-1 -1 0 2 3.398099e+01 7.218168e-04
0 1 3 4 5.858281e+01 1.244403e-03
2 4 -1 -1 2.142889e+01 4.551879e-04
2 3 -1 -1 2.866805e+01 6.089606e-04
5 
-1 -1 1 2 2.825308e+01 6.001459e-04
-1 -1 0 2 9.812126e+01 2.084271e-03
0 1 3 4 2.615040e+01 5.554812e-04
2 4 -1 -1 1.186387e+01 2.520098e-04
2 3 -1 -1 5.535454e+01 1.175829e-03
5 
-1 -1 1 2 1.082787e+02 2.300034e-03
-1 -1 0 2 3.009657e+01 6.393048e-04
0 1 3 4 4.200560e+01 8.922740e-04
2 4 -1 -1 4.613751e+01 9.800430e-04
2 3 -1 -1 1.749811e+01 3.716912e-04
5 
-1 -1 1 2 3.213168e+01 6.825342e-04
-1 -1 0 2 2.481845e+01 5.271881e-04
0 1 3 4 3.228528e+01 6.857969e-04
2 4 -1 -1 1.397761e+01 2.969094e-04
2 3 -1 -1 3.143751e+01 6.677888e-04
5 
-1 -1 1 2 1.860597e+01 3.952241e-04
-1 -1 0 2 4.022350e+01 8.544190e-04
0 1 3 4 1.260515e+02 2.677558e-03
2 4 -1 -1 1.703622e+01 3.618796e-04
2 3 -1 -1 2.931596e+01 6.227233e-04
5 
-1 -1 1 2 3.518061e+01 7.472988e-04
-1 -1 0 2 3.736824e+01 7.937682e-04
0 1 3 4 4.956379e+01 1.052823e-03
2 4 -1 -1 2.816114e+01 5.981929e-04
2 3 -1 -1 2.190371e+01 4.652739e-04
5 
-1 -1 1 2 4.407764e+01 9.362878e-04
-1 -1 0 2 2.912923e+01 6.187568e-04
0 1 3 4 6.255701e+01 1.328823e-03
2 4 -1 -1 5.157116e+01 1.095463e-03
2 3 -1 -1 4.263327e+01 9.056067e-04
5 
-1 -1 1 2 3.915191e+01 8.316564e-04
-1 -1 0 2 2.115133e+01 4.492920e-04
0 1 3 4 2.872577e+01 6.101867e-04
2 4 -1 -1 9.402410e+00 1.997240e-04
2 3 -1 -1 3.474394e+01 7.380233e-04
5 
-1 -1 1 2 1.008552e+01 2.142345e-04
-1 -1 0 2 3.211847e+01 6.822537e-04
0 1 3 4 7.577020e+01 1.609494e-03
2 4 -1 -1 1.071830e+02 2.276758e-03
2 3 -1 -1 3.780533e+01 8.030527e-04
5 
-1 -1 1 2 3.011985e+01 6.397993e-04
-1 -1 0 2 6.543711e+01 1.390001e-03
0 1 3 4 3.344034e+01 7.103324e-04
2 4 -1 -1 7.192932e+01 1.527907e-03
2 3 -1 -1 3.824802e+01 8.124561e-04
5 
-1 -1 1 2 1.072881e+01 2.278991e-04
-1 -1 0 2 6.070534e+01 1.289490e-03
0 1 3 4 3.070587e+01 6.522475e-04
2 4 -1 -1 5.270858e+01 1.119624e-03
2 3 -1 -1 4.186663e+01 8.893219e-04
5 
-1 -1 1 2 5.590707e+01 1.187566e-03
-1 -1 0 2 3.581887e+01 7.608567e-04
0 1 3 4 8.112124e+01 1.723160e-03
2 4 -1 -1 1.668280e+01 3.543725e-04
2 3 -1 -1 4.918539e+01 1.044786e-03
5 
-1 -1 1 2 3.185963e+01 6.767553e-04
-1 -1 0 2 3.475480e+01 7.382540e-04
0 1 3 4 4.575319e+01 9.718794e-04
2 4 -1 -1 8.996073e+00 1.910926e-04
2 3 -1 -1 1.408593e+01 2.992104e-04
5 
-1 -1 1 2 4.377776e+01 9.299177e-04
-1 -1 0 2 2.668217e+01 5.667769e-04
0 1 3 4 4.269284e+01 9.068721e-04
2 4 -1 -1 1.961404e+02 4.166372e-03
2 3 -1 -1 2.351181e+01 4.994328e-04
5 
-1 -1 1 2 3.757603e+01 7.981820e-04
-1 -1 0 2 4.147181e+01 8.809352e-04
0 1 3 4 3.725086e+01 7.912748e-04
2 4 -1 -1 3.564043e+01 7.570663e-04
2 3 -1 -1 1.359200e+02 2.887182e-03
5 
-1 -1 1 2 1.891137e+01 4.017113e-04
-1 -1 0 2 4.621240e+01 9.816338e-04
0 1 3 4 4.595760e+01 9.762213e-04
2 4 -1 -1 5.846841e+01 1.241973e-03
2 3 -1 -1 1.456780e+01 3.094460e-04
5 
-1 -1 1 2 4.136452e+01 8.786563e-04
-1 -1 0 2 5.803753e+01 1.232821e-03
0 1 3 4 3.031868e+01 6.440229e-04
2 4 -1 -1 6.327426e+01 1.344058e-03
2 3 -1 -1 1.007512e+01 2.140136e-04
5 
-1 -1 1 2 8.739170e+01 1.856356e-03
-1 -1 0 2 4.322818e+01 9.182436e-04
0 1 3 4 3.177309e+01 6.749172e-04
2 4 -1 -1 3.336145e+01 7.086567e-04
2 3 -1 -1 1.848009e+01 3.925501e-04
5 
-1 -1 1 2 2.028799e+01 4.309531e-04
-1 -1 0 2 3.904894e+01 8.294692e-04
0 1 3 4 3.522567e+01 7.482562e-04
2 4 -1 -1 4.148849e+01 8.812897e-04
2 3 -1 -1 3.657515e+01 7.769214e-04
5 
-1 -1 1 2 2.308514e+01 4.903696e-04
-1 -1 0 2 7.236026e+01 1.537061e-03
0 1 3 4 6.632407e+01 1.408841e-03
2 4 -1 -1 2.779180e+01 5.903474e-04
2 3 -1 -1 2.189071e+01 4.649977e-04
5 
-1 -1 1 2 3.642587e+01 7.737505e-04
-1 -1 0 2 3.639096e+01 7.730089e-04
0 1 3 4 4.045985e+01 8.594395e-04
2 4 -1 -1 2.890848e+01 6.140678e-04
2 3 -1 -1 1.658179e+01 3.522267e-04
5 
-1 -1 1 2 2.774549e+01 5.893638e-04
-1 -1 0 2 1.389873e+01 2.952338e-04
0 1 3 4 7.342049e+01 1.559582e-03
2 4 -1 -1 1.122064e+01 2.383463e-04
2 3 -1 -1 5.447795e+01 1.157209e-03
5 
-1 -1 1 2 8.251943e+01 1.752860e-03
-1 -1 0 2 4.245471e+01 9.018137e-04
0 1 3 4 4.878431e+01 1.036266e-03
2 4 -1 -1 4.505710e+01 9.570932e-04
2 3 -1 -1 1.909822e+02 4.056803e-03
5 
-1 -1 1 2 2.120716e+01 4.504779e-04
-1 -1 0 2 5.202727e+01 1.105152e-03
0 1 3 4 9.179634e+01 1.949918e-03
2 4 -1 -1 2.881003e+01 6.119765e-04
2 3 -1 -1 2.999319e+01 6.371089e-04
5 
-1 -1 1 2 1.962935e+01 4.169624e-04
-1 -1 0 2 3.336858e+01 7.088082e-04
0 1 3 4 2.424253e+01 5.149546e-04
2 4 -1 -1 2.627381e+01 5.581026e-04
2 3 -1 -1 3.366442e+01 7.150924e-04
5 
-1 -1 1 2 5.599033e+01 1.189335e-03
-1 -1 0 2 4.081056e+01 8.668890e-04
0 1 3 4 1.949786e+01 4.141694e-04
2 4 -1 -1 9.575496e+01 2.034006e-03
2 3 -1 -1 8.037142e+01 1.707232e-03
5 
-1 -1 1 2 3.584504e+01 7.614126e-04
-1 -1 0 2 1.391185e+01 2.955125e-04
0 1 3 4 3.854446e+01 8.187531e-04
2 4 -1 -1 9.109643e+00 1.935051e-04
2 3 -1 -1 2.027222e+01 4.306182e-04
5 
-1 -1 1 2 4.933878e+01 1.048044e-03
-1 -1 0 2 7.078801e+01 1.503664e-03
0 1 3 4 4.087073e+01 8.681672e-04
2 4 -1 -1 3.768013e+01 8.003932e-04
2 3 -1 -1 1.032692e+01 2.193623e-04
5 
-1 -1 1 2 7.869593e+01 1.671642e-03
-1 -1 0 2 3.814962e+01 8.103660e-04
0 1 3 4 5.501210e+01 1.168555e-03
2 4 -1 -1 5.197185e+01 1.103975e-03
2 3 -1 -1 6.068010e+01 1.288954e-03
5 
-1 -1 1 2 5.998461e+01 1.274180e-03
-1 -1 0 2 4.031785e+01 8.564231e-04
0 1 3 4 7.206177e+01 1.530721e-03
2 4 -1 -1 1.006885e+01 2.138803e-04
2 3 -1 -1 8.231400e+01 1.748496e-03
5 
-1 -1 1 2 3.224862e+01 6.850182e-04
-1 -1 0 2 3.105109e+01 6.595806e-04
0 1 3 4 4.827934e+01 1.025539e-03
2 4 -1 -1 7.904422e+01 1.679040e-03
2 3 -1 -1 1.769142e+01 3.757973e-04
5 
-1 -1 1 2 2.467197e+01 5.240767e-04
-1 -1 0 2 4.422037e+01 9.393196e-04
0 1 3 4 5.350095e+01 1.136456e-03
2 4 -1 -1 5.039011e+01 1.070376e-03
2 3 -1 -1 1.821238e+01 3.868635e-04
5 
-1 -1 1 2 5.204980e+01 1.105631e-03
-1 -1 0 2 4.336569e+01 9.211646e-04
0 1 3 4 7.581274e+01 1.610398e-03
2 4 -1 -1 2.436648e+01 5.175876e-04
2 3 -1 -1 2.708363e+01 5.753046e-04
5 
-1 -1 1 2 7.297646e+01 1.550150e-03
-1 -1 0 2 4.726019e+01 1.003891e-03
0 1 3 4 5.509734e+01 1.170366e-03
2 4 -1 -1 1.646233e+01 3.496893e-04
2 3 -1 -1 2.455994e+01 5.216969e-04
5 
-1 -1 1 2 3.028241e+01 6.432525e-04
-1 -1 0 2 1.391456e+01 2.955702e-04
0 1 3 4 3.071248e+01 6.523878e-04
2 4 -1 -1 1.171220e+01 2.487880e-04
2 3 -1 -1 4.010141e+01 8.518254e-04
5 
-1 -1 1 2 3.904418e+01 8.293681e-04
-1 -1 0 2 3.067638e+01 6.516211e-04
0 1 3 4 4.116141e+01 8.743417e-04
2 4 -1 -1 4.849269e+01 1.030071e-03
2 3 -1 -1 1.836701e+01 3.901481e-04
5 
-1 -1 1 2 5.133850e+01 1.090521e-03
-1 -1 0 2 2.469891e+01 5.246489e-04
0 1 3 4 5.423967e+01 1.152147e-03
2 4 -1 -1 2.824855e+01 6.000496e-04
2 3 -1 -1 2.328518e+01 4.946188e-04
5 
-1 -1 1 2 2.039366e+01 4.331978e-04
-1 -1 0 2 8.510977e+01 1.807883e-03
0 1 3 4 7.649223e+01 1.624831e-03
2 4 -1 -1 4.520988e+01 9.603384e-04
2 3 -1 -1 6.363106e+01 1.351637e-03
5 
-1 -1 1 2 1.012684e+02 2.151121e-03
-1 -1 0 2 5.980569e+01 1.270380e-03
0 1 3 4 5.992428e+01 1.272899e-03
2 4 -1 -1 2.797277e+01 5.941916e-04
2 3 -1 -1 5.477694e+01 1.163560e-03
5 
-1 -1 1 2 1.125850e+02 2.391506e-03
-1 -1 0 2 2.810562e+01 5.970136e-04
0 1 3 4 4.514289e+01 9.589155e-04
2 4 -1 -1 2.247922e+01 4.774987e-04
2 3 -1 -1 1.092874e+02 2.321460e-03
5 
-1 -1 1 2 2.444564e+01 5.192691e-04
-1 -1 0 2 3.079037e+01 6.540424e-04
0 1 3 4 1.258792e+02 2.673900e-03
2 4 -1 -1 2.552801e+01 5.422604e-04
2 3 -1 -1 1.162273e+01 2.468875e-04
5 
-1 -1 1 2 2.314553e+01 4.916524e-04
-1 -1 0 2 2.288855e+01 4.861937e-04
0 1 3 4 3.594803e+01 7.636004e-04
2 4 -1 -1 4.884798e+01 1.037618e-03
2 3 -1 -1 2.246688e+01 4.772367e-04
5 
-1 -1 1 2 1.802722e+01 3.829302e-04
-1 -1 0 2 1.273671e+02 2.705504e-03
0 1 3 4 4.138279e+01 8.790444e-04
2 4 -1 -1 1.558830e+01 3.311232e-04
2 3 -1 -1 1.086248e+01 2.307385e-04
5 
-1 -1 1 2 2.584885e+01 5.490757e-04
-1 -1 0 2 3.071573e+01 6.524569e-04
0 1 3 4 3.319995e+01 7.052261e-04
2 4 -1 -1 2.568274e+01 5.455472e-04
2 3 -1 -1 1.450499e+01 3.081119e-04
5 
-1 -1 1 2 1.405015e+01 2.984503e-04
-1 -1 0 2 3.766846e+01 8.001454e-04
0 1 3 4 2.877859e+01 6.113086e-04
2 4 -1 -1 4.059283e+01 8.622641e-04
2 3 -1 -1 5.178269e+01 1.099957e-03
5 
-1 -1 1 2 2.450903e+01 5.206156e-04
-1 -1 0 2 3.495166e+01 7.424357e-04
0 1 3 4 6.070629e+01 1.289510e-03
2 4 -1 -1 2.644617e+01 5.617638e-04
2 3 -1 -1 2.656930e+01 5.643793e-04
5 
-1 -1 1 2 2.863828e+01 6.083282e-04
-1 -1 0 2 1.029379e+02 2.186585e-03
0 1 3 4 4.226326e+01 8.977472e-04
2 4 -1 -1 1.210606e+02 2.571542e-03
2 3 -1 -1 9.051390e+01 1.922677e-03
5 
-1 -1 1 2 4.095898e+01 8.700419e-04
-1 -1 0 2 3.358754e+01 7.134592e-04
0 1 3 4 6.103268e+01 1.296443e-03
2 4 -1 -1 1.542286e+01 3.276090e-04
2 3 -1 -1 6.490829e+01 1.378768e-03
5 
-1 -1 1 2 2.486561e+01 5.281899e-04
-1 -1 0 2 3.354724e+01 7.126033e-04
0 1 3 4 4.060676e+01 8.625600e-04
2 4 -1 -1 3.236077e+01 6.874005e-04
2 3 -1 -1 3.281500e+01 6.970491e-04
5 
-1 -1 1 2 3.456315e+01 7.341830e-04
-1 -1 0 2 1.977385e+02 4.200318e-03
0 1 3 4 5.243538e+01 1.113821e-03
2 4 -1 -1 1.576381e+01 3.348514e-04
2 3 -1 -1 4.619067e+01 9.811722e-04
5 
-1 -1 1 2 2.983634e+01 6.337772e-04
-1 -1 0 2 8.313559e+01 1.765948e-03
0 1 3 4 5.440170e+01 1.155589e-03
2 4 -1 -1 7.756920e+01 1.647708e-03
2 3 -1 -1 6.157907e+01 1.308049e-03
5 
-1 -1 1 2 4.709950e+01 1.000477e-03
-1 -1 0 2 2.327500e+01 4.944024e-04
0 1 3 4 2.192031e+01 4.656264e-04
2 4 -1 -1 1.446217e+02 3.072023e-03
2 3 -1 -1 4.705092e+01 9.994454e-04
5 
-1 -1 1 2 5.759601e+01 1.223442e-03
-1 -1 0 2 2.055462e+01 4.366168e-04
0 1 3 4 9.311646e+01 1.977960e-03
2 4 -1 -1 1.177787e+01 2.501829e-04
2 3 -1 -1 2.762925e+01 5.868946e-04
5 
-1 -1 1 2 1.152746e+01 2.448637e-04
-1 -1 0 2 2.095063e+02 4.450287e-03
0 1 3 4 7.023350e+01 1.491885e-03
2 4 -1 -1 3.132785e+01 6.654594e-04
2 3 -1 -1 2.473564e+01 5.254292e-04
5 
-1 -1 1 2 3.395768e+01 7.213217e-04
-1 -1 0 2 1.030709e+02 2.189409e-03
0 1 3 4 3.461620e+01 7.353098e-04
2 4 -1 -1 2.110096e+01 4.482220e-04
2 3 -1 -1 3.983898e+01 8.462510e-04
5 
-1 -1 1 2 2.289638e+01 4.863599e-04
-1 -1 0 2 3.721818e+01 7.905806e-04
0 1 3 4 3.888304e+01 8.259452e-04
2 4 -1 -1 7.797568e+01 1.656343e-03
2 3 -1 -1 2.297865e+02 4.881076e-03
5 
-1 -1 1 2 7.489487e+01 1.590901e-03
-1 -1 0 2 1.370873e+01 2.911980e-04
0 1 3 4 3.373681e+01 7.166300e-04
2 4 -1 -1 5.427839e+01 1.152970e-03
2 3 -1 -1 3.050426e+01 6.479650e-04
5 
-1 -1 1 2 2.446073e+01 5.195895e-04
-1 -1 0 2 8.839485e+01 1.877664e-03
0 1 3 4 2.779842e+01 5.904881e-04
2 4 -1 -1 2.634271e+01 5.595662e-04
2 3 -1 -1 3.665852e+01 7.786923e-04
5 
-1 -1 1 2 1.051484e+01 2.233539e-04
-1 -1 0 2 3.888337e+01 8.259521e-04
0 1 3 4 9.299681e+01 1.975418e-03
2 4 -1 -1 6.314514e+01 1.341315e-03
2 3 -1 -1 5.105982e+01 1.084602e-03
5 
-1 -1 1 2 2.394026e+01 5.085338e-04
-1 -1 0 2 4.026559e+01 8.553129e-04
0 1 3 4 4.891516e+01 1.039045e-03
2 4 -1 -1 2.747187e+01 5.835515e-04
2 3 -1 -1 9.947694e+01 2.113068e-03
5 
-1 -1 1 2 2.924919e+01 6.213049e-04
-1 -1 0 2 4.798940e+01 1.019380e-03
0 1 3 4 5.702406e+01 1.211293e-03
2 4 -1 -1 1.634161e+01 3.471250e-04
2 3 -1 -1 2.371465e+01 5.037414e-04
5 
-1 -1 1 2 3.634941e+01 7.721263e-04
-1 -1 0 2 2.637453e+01 5.602420e-04
0 1 3 4 6.226423e+01 1.322603e-03
2 4 -1 -1 4.642754e+01 9.862038e-04
2 3 -1 -1 5.273806e+01 1.120250e-03
5 
-1 -1 1 2 4.827500e+01 1.025447e-03
-1 -1 0 2 6.138470e+01 1.303921e-03
0 1 3 4 5.502794e+01 1.168892e-03
2 4 -1 -1 3.494754e+01 7.423482e-04
2 3 -1 -1 1.964243e+01 4.172404e-04
5 
-1 -1 1 2 1.388747e+01 2.949946e-04
-1 -1 0 2 5.121046e+00 1.087802e-04
0 1 3 4 5.571220e+01 1.183427e-03
2 4 -1 -1 4.238600e+01 9.003542e-04
2 3 -1 -1 8.110393e+01 1.722792e-03
5 
-1 -1 1 2 6.946638e+01 1.475590e-03
-1 -1 0 2 1.769168e+01 3.758029e-04
0 1 3 4 5.209643e+01 1.106621e-03
2 4 -1 -1 1.839190e+01 3.906768e-04
2 3 -1 -1 2.878003e+01 6.113393e-04
5 
-1 -1 1 2 3.213688e+01 6.826447e-04
-1 -1 0 2 4.302287e+01 9.138824e-04
0 1 3 4 3.159529e+01 6.711403e-04
2 4 -1 -1 3.589655e+01 7.625068e-04
2 3 -1 -1 2.784568e+01 5.914920e-04
5 
-1 -1 1 2 1.538077e+01 3.267150e-04
-1 -1 0 2 5.437350e+01 1.154990e-03
0 1 3 4 4.459427e+01 9.472619e-04
2 4 -1 -1 5.743330e+01 1.219986e-03
2 3 -1 -1 3.612409e+01 7.673401e-04
5 
-1 -1 1 2 2.826264e+01 6.003490e-04
-1 -1 0 2 9.487521e+01 2.015319e-03
0 1 3 4 3.533170e+01 7.505084e-04
2 4 -1 -1 4.396928e+01 9.339859e-04
2 3 -1 -1 3.496678e+01 7.427569e-04
5 
-1 -1 1 2 1.795931e+02 3.814879e-03
-1 -1 0 2 3.601043e+01 7.649258e-04
0 1 3 4 5.167033e+01 1.097570e-03
2 4 -1 -1 4.489139e+01 9.535733e-04
2 3 -1 -1 3.583319e+01 7.611609e-04
5 
-1 -1 1 2 4.028686e+01 8.557648e-04
-1 -1 0 2 4.506653e+01 9.572935e-04
0 1 3 4 6.418726e+01 1.363452e-03
2 4 -1 -1 3.402675e+01 7.227889e-04
2 3 -1 -1 6.136588e+01 1.303521e-03
5 
-1 -1 1 2 3.400274e+01 7.222789e-04
-1 -1 0 2 3.199609e+01 6.796541e-04
0 1 3 4 6.663477e+01 1.415441e-03
2 4 -1 -1 3.359767e+01 7.136744e-04
2 3 -1 -1 7.730959e+01 1.642194e-03
5 
-1 -1 1 2 4.027992e+01 8.556174e-04
-1 -1 0 2 2.182157e+01 4.635291e-04
0 1 3 4 6.280807e+01 1.334155e-03
2 4 -1 -1 5.992319e+01 1.272876e-03
2 3 -1 -1 2.885277e+01 6.128843e-04
5 
-1 -1 1 2 4.740989e+01 1.007071e-03
-1 -1 0 2 7.904066e+01 1.678965e-03
0 1 3 4 2.531210e+01 5.376743e-04
2 4 -1 -1 4.039546e+01 8.580716e-04
2 3 -1 -1 3.652959e+01 7.759538e-04
5 
-1 -1 1 2 5.095949e+01 1.082471e-03
-1 -1 0 2 5.658075e+01 1.201876e-03
0 1 3 4 4.043187e+01 8.588450e-04
2 4 -1 -1 4.141110e+01 8.796457e-04
2 3 -1 -1 1.592541e+01 3.382842e-04
5 
-1 -1 1 2 2.432043e+01 5.166094e-04
-1 -1 0 2 3.277882e+01 6.962806e-04
0 1 3 4 5.067607e+01 1.076450e-03
2 4 -1 -1 2.896240e+01 6.152130e-04
2 3 -1 -1 2.933916e+01 6.232162e-04
5 
-1 -1 1 2 8.199127e+00 1.741641e-04
-1 -1 0 2 2.565989e+01 5.450619e-04
0 1 3 4 5.274220e+01 1.120338e-03
2 4 -1 -1 9.403253e+00 1.997419e-04
2 3 -1 -1 1.946356e+01 4.134407e-04
5 
-1 -1 1 2 1.878280e+01 3.989801e-04
-1 -1 0 2 4.261368e+01 9.051905e-04
0 1 3 4 5.048297e+01 1.072348e-03
2 4 -1 -1 6.725078e+01 1.428526e-03
2 3 -1 -1 3.422035e+01 7.269012e-04
5 
-1 -1 1 2 1.568516e+01 3.331807e-04
-1 -1 0 2 6.168646e+01 1.310331e-03
0 1 3 4 1.059372e+02 2.250295e-03
2 4 -1 -1 4.060247e+01 8.624688e-04
2 3 -1 -1 1.631593e+01 3.465795e-04
5 
-1 -1 1 2 3.611657e+01 7.671804e-04
-1 -1 0 2 2.683484e+01 5.700199e-04
0 1 3 4 4.408004e+01 9.363388e-04
2 4 -1 -1 3.933120e+01 8.354649e-04
2 3 -1 -1 3.129443e+01 6.647496e-04
5 
-1 -1 1 2 6.623280e+01 1.406903e-03
-1 -1 0 2 2.644478e+01 5.617344e-04
0 1 3 4 9.557468e+01 2.030177e-03
2 4 -1 -1 8.681258e+00 1.844054e-04
2 3 -1 -1 3.007767e+01 6.389033e-04
5 
-1 -1 1 2 5.683226e+01 1.207219e-03
-1 -1 0 2 2.655582e+01 5.640930e-04
0 1 3 4 2.578668e+01 5.477551e-04
2 4 -1 -1 8.474205e+00 1.800072e-04
2 3 -1 -1 5.833465e+01 1.239132e-03
5 
-1 -1 1 2 1.239838e+01 2.633636e-04
-1 -1 0 2 1.959945e+01 4.163272e-04
0 1 3 4 3.866856e+01 8.213893e-04
2 4 -1 -1 4.162997e+01 8.842949e-04
2 3 -1 -1 8.155754e+01 1.732428e-03
5 
-1 -1 1 2 3.375617e+01 7.170413e-04
-1 -1 0 2 4.006768e+01 8.511091e-04
0 1 3 4 8.743539e+01 1.857284e-03
2 4 -1 -1 1.887095e+01 4.008526e-04
2 3 -1 -1 7.139317e+01 1.516518e-03
5 
-1 -1 1 2 5.941856e+01 1.262156e-03
-1 -1 0 2 3.223532e+01 6.847357e-04
0 1 3 4 5.468848e+01 1.161681e-03
2 4 -1 -1 1.596974e+01 3.392258e-04
2 3 -1 -1 5.356635e+01 1.137845e-03
5 
-1 -1 1 2 4.342532e+01 9.224313e-04
-1 -1 0 2 1.588174e+01 3.373564e-04
0 1 3 4 2.800046e+01 5.947797e-04
2 4 -1 -1 3.651747e+01 7.756962e-04
2 3 -1 -1 3.008716e+01 6.391050e-04
5 
-1 -1 1 2 2.538437e+01 5.392094e-04
-1 -1 0 2 3.558156e+01 7.558158e-04
0 1 3 4 8.815851e+01 1.872644e-03
2 4 -1 -1 4.530489e+01 9.623567e-04
2 3 -1 -1 1.815858e+01 3.857206e-04
5 
-1 -1 1 2 6.696749e+01 1.422509e-03
-1 -1 0 2 3.368534e+01 7.155368e-04
0 1 3 4 3.100813e+01 6.586681e-04
2 4 -1 -1 3.245334e+01 6.893669e-04
2 3 -1 -1 5.530743e+01 1.174829e-03
5 
-1 -1 1 2 6.132907e+01 1.302739e-03
-1 -1 0 2 6.561365e+00 1.393751e-04
0 1 3 4 3.559404e+01 7.560809e-04
2 4 -1 -1 2.946137e+01 6.258120e-04
2 3 -1 -1 2.214224e+01 4.703407e-04
5 
-1 -1 1 2 3.000410e+01 6.373406e-04
-1 -1 0 2 3.876977e+01 8.235390e-04
0 1 3 4 4.641034e+01 9.858385e-04
2 4 -1 -1 5.418894e+01 1.151070e-03
2 3 -1 -1 5.799095e+01 1.231831e-03
5 
-1 -1 1 2 7.736475e+01 1.643365e-03
-1 -1 0 2 2.193703e+01 4.659816e-04
0 1 3 4 9.140291e+01 1.941561e-03
2 4 -1 -1 2.777623e+01 5.900166e-04
2 3 -1 -1 3.526451e+01 7.490812e-04
5 
-1 -1 1 2 4.913968e+01 1.043814e-03
-1 -1 0 2 2.009301e+01 4.268114e-04
0 1 3 4 8.200341e+01 1.741899e-03
2 4 -1 -1 8.168221e+00 1.735076e-04
2 3 -1 -1 5.997357e+01 1.273946e-03
5 
-1 -1 1 2 1.812845e+01 3.850806e-04
-1 -1 0 2 1.928221e+01 4.095885e-04
0 1 3 4 7.933593e+01 1.685237e-03
2 4 -1 -1 3.808675e+02 8.090305e-03
2 3 -1 -1 4.145716e+01 8.806240e-04
5 
-1 -1 1 2 4.320605e+01 9.177736e-04
-1 -1 0 2 9.390951e+00 1.994806e-04
0 1 3 4 4.338108e+01 9.214916e-04
2 4 -1 -1 1.319138e+01 2.802084e-04
2 3 -1 -1 3.794623e+01 8.060457e-04
5 
-1 -1 1 2 9.331326e+01 1.982140e-03
-1 -1 0 2 2.231949e+01 4.741057e-04
0 1 3 4 4.816390e+01 1.023087e-03
2 4 -1 -1 2.651103e+01 5.631416e-04
2 3 -1 -1 1.732909e+01 3.681009e-04
5 
-1 -1 1 2 7.063803e+01 1.500478e-03
-1 -1 0 2 2.109331e+01 4.480596e-04
0 1 3 4 6.238291e+01 1.325124e-03
2 4 -1 -1 1.321546e+02 2.807200e-03
2 3 -1 -1 6.743733e+01 1.432489e-03
5 
-1 -1 1 2 3.798812e+01 8.069354e-04
-1 -1 0 2 3.496501e+01 7.427193e-04
0 1 3 4 3.469186e+01 7.369171e-04
2 4 -1 -1 1.143321e+02 2.428618e-03
2 3 -1 -1 7.679650e+01 1.631295e-03
5 
-1 -1 1 2 7.532433e+01 1.600023e-03
-1 -1 0 2 3.254755e+01 6.913680e-04
0 1 3 4 1.392502e+02 2.957923e-03
2 4 -1 -1 2.680357e+01 5.693556e-04
2 3 -1 -1 2.299273e+01 4.884065e-04
5 
-1 -1 1 2 3.237170e+01 6.876326e-04
-1 -1 0 2 7.605965e+01 1.615643e-03
0 1 3 4 3.108574e+01 6.603165e-04
2 4 -1 -1 4.010016e+01 8.517990e-04
2 3 -1 -1 7.619885e+01 1.618600e-03
5 
-1 -1 1 2 2.668622e+01 5.668629e-04
-1 -1 0 2 4.871632e+01 1.034821e-03
0 1 3 4 2.636516e+01 5.600430e-04
2 4 -1 -1 4.189461e+01 8.899163e-04
2 3 -1 -1 3.217115e+01 6.833726e-04
5 
-1 -1 1 2 2.996906e+01 6.365964e-04
-1 -1 0 2 1.072933e+01 2.279102e-04
0 1 3 4 6.412880e+01 1.362210e-03
2 4 -1 -1 5.146781e+01 1.093268e-03
2 3 -1 -1 6.422421e+01 1.364237e-03
5 
-1 -1 1 2 3.452626e+01 7.333994e-04
-1 -1 0 2 1.038775e+02 2.206544e-03
0 1 3 4 2.637961e+01 5.603501e-04
2 4 -1 -1 2.273327e+01 4.828952e-04
2 3 -1 -1 2.179649e+01 4.629962e-04
5 
-1 -1 1 2 5.524065e+01 1.173410e-03
-1 -1 0 2 6.363382e+01 1.351696e-03
0 1 3 4 3.996705e+01 8.489715e-04
2 4 -1 -1 3.988279e+01 8.471816e-04
2 3 -1 -1 2.147396e+01 4.561451e-04
5 
-1 -1 1 2 1.508431e+01 3.204176e-04
-1 -1 0 2 9.032581e+01 1.918681e-03
0 1 3 4 8.328346e+01 1.769089e-03
2 4 -1 -1 2.776665e+01 5.898131e-04
2 3 -1 -1 1.688020e+01 3.585655e-04
5 
-1 -1 1 2 9.840350e+00 2.090266e-04
-1 -1 0 2 2.513591e+01 5.339316e-04
0 1 3 4 3.125940e+01 6.640055e-04
2 4 -1 -1 3.332401e+01 7.078614e-04
2 3 -1 -1 4.864283e+01 1.033261e-03
5 
-1 -1 1 2 6.150458e+01 1.306467e-03
-1 -1 0 2 1.835320e+01 3.898548e-04
0 1 3 4 4.107504e+01 8.725071e-04
2 4 -1 -1 1.650793e+01 3.506578e-04
2 3 -1 -1 1.943152e+01 4.127603e-04
5 
-1 -1 1 2 1.029520e+01 2.186885e-04
-1 -1 0 2 6.951325e+01 1.476585e-03
0 1 3 4 2.861648e+01 6.078651e-04
2 4 -1 -1 6.016573e+01 1.278027e-03
2 3 -1 -1 1.132546e+02 2.405730e-03
5 
-1 -1 1 2 1.009846e+02 2.145092e-03
-1 -1 0 2 2.433435e+02 5.169050e-03
0 1 3 4 1.034684e+02 2.197854e-03
2 4 -1 -1 1.762852e+01 3.744613e-04
2 3 -1 -1 2.707569e+01 5.751360e-04
5 
-1 -1 1 2 1.913555e+02 4.064732e-03
-1 -1 0 2 6.488879e+01 1.378354e-03
0 1 3 4 5.006173e+01 1.063400e-03
2 4 -1 -1 5.140789e+01 1.091995e-03
2 3 -1 -1 1.567736e+01 3.330151e-04
5 
-1 -1 1 2 3.326314e+01 7.065685e-04
-1 -1 0 2 4.273845e+01 9.078410e-04
0 1 3 4 3.721290e+01 7.904684e-04
2 4 -1 -1 2.356875e+01 5.006422e-04
2 3 -1 -1 9.532739e+01 2.024924e-03
5 
-1 -1 1 2 2.786037e+01 5.918039e-04
-1 -1 0 2 3.973163e+01 8.439708e-04
0 1 3 4 8.035453e+01 1.706874e-03
2 4 -1 -1 2.318172e+01 4.924211e-04
2 3 -1 -1 1.291926e+01 2.744282e-04
5 
-1 -1 1 2 3.043407e+01 6.464739e-04
-1 -1 0 2 3.100016e+01 6.584987e-04
0 1 3 4 2.627543e+01 5.581370e-04
2 4 -1 -1 6.040946e+01 1.283205e-03
2 3 -1 -1 2.123829e+01 4.511393e-04
5 
-1 -1 1 2 2.229175e+01 4.735166e-04
-1 -1 0 2 1.893054e+01 4.021185e-04
0 1 3 4 5.014105e+01 1.065085e-03
2 4 -1 -1 2.260641e+01 4.802006e-04
2 3 -1 -1 3.929031e+01 8.345964e-04
5 
-1 -1 1 2 4.965901e+01 1.054846e-03
-1 -1 0 2 5.113678e+01 1.086236e-03
0 1 3 4 5.823646e+01 1.237046e-03
2 4 -1 -1 1.012544e+01 2.150824e-04
2 3 -1 -1 4.383279e+01 9.310867e-04
5 
-1 -1 1 2 2.634599e+01 5.596358e-04
-1 -1 0 2 6.959094e+01 1.478236e-03
0 1 3 4 2.656657e+01 5.643214e-04
2 4 -1 -1 3.489728e+01 7.412805e-04
2 3 -1 -1 4.682320e+01 9.946084e-04
5 
-1 -1 1 2 3.132049e+01 6.653031e-04
-1 -1 0 2 3.087769e+01 6.558972e-04
0 1 3 4 4.009119e+01 8.516083e-04
2 4 -1 -1 7.102389e+01 1.508674e-03
2 3 -1 -1 4.220402e+01 8.964888e-04
5 
-1 -1 1 2 1.989769e+01 4.226624e-04
-1 -1 0 2 2.577774e+01 5.475653e-04
0 1 3 4 5.387671e+01 1.144437e-03
2 4 -1 -1 3.402535e+01 7.227592e-04
2 3 -1 -1 2.375751e+01 5.046519e-04
5 
-1 -1 1 2 2.459556e+01 5.224536e-04
-1 -1 0 2 7.250794e+01 1.540198e-03
0 1 3 4 3.638416e+01 7.728644e-04
2 4 -1 -1 4.243171e+01 9.013251e-04
2 3 -1 -1 1.860810e+01 3.952694e-04
5 
-1 -1 1 2 3.214734e+01 6.828669e-04
-1 -1 0 2 3.230445e+01 6.862042e-04
0 1 3 4 1.038311e+02 2.205557e-03
2 4 -1 -1 5.583145e+01 1.185960e-03
2 3 -1 -1 3.887227e+01 8.257163e-04
5 
-1 -1 1 2 1.750770e+01 3.718949e-04
-1 -1 0 2 2.501707e+01 5.314071e-04
0 1 3 4 8.846876e+01 1.879234e-03
2 4 -1 -1 4.755205e+01 1.010090e-03
2 3 -1 -1 4.260145e+01 9.049308e-04
5 
-1 -1 1 2 4.537240e+01 9.637908e-04
-1 -1 0 2 6.452336e+01 1.370591e-03
0 1 3 4 4.637225e+01 9.850294e-04
2 4 -1 -1 4.897254e+01 1.040264e-03
2 3 -1 -1 4.656066e+01 9.890314e-04
5 
-1 -1 1 2 3.524699e+01 7.487089e-04
-1 -1 0 2 4.117006e+01 8.745255e-04
0 1 3 4 6.641939e+01 1.410866e-03
2 4 -1 -1 3.062372e+01 6.505024e-04
2 3 -1 -1 3.611854e+01 7.672222e-04
5 
-1 -1 1 2 6.304881e+01 1.339269e-03
-1 -1 0 2 4.310869e+01 9.157056e-04
0 1 3 4 4.474416e+01 9.504457e-04
2 4 -1 -1 2.013478e+01 4.276987e-04
2 3 -1 -1 2.233388e+01 4.744115e-04
5 
-1 -1 1 2 1.575216e+01 3.346039e-04
-1 -1 0 2 3.386435e+01 7.193392e-04
0 1 3 4 3.745996e+01 7.957165e-04
2 4 -1 -1 2.664206e+01 5.659249e-04
2 3 -1 -1 1.099428e+02 2.335381e-03
5 
-1 -1 1 2 3.482408e+01 7.397256e-04
-1 -1 0 2 3.967257e+01 8.427162e-04
0 1 3 4 3.195373e+01 6.787542e-04
2 4 -1 -1 3.702887e+01 7.865593e-04
2 3 -1 -1 5.449953e+01 1.157667e-03
5 
-1 -1 1 2 1.483793e+01 3.151842e-04
-1 -1 0 2 3.780235e+01 8.029894e-04
0 1 3 4 9.151478e+01 1.943937e-03
2 4 -1 -1 9.621825e+01 2.043847e-03
2 3 -1 -1 1.966630e+01 4.177473e-04
5 
-1 -1 1 2 6.837661e+01 1.452441e-03
-1 -1 0 2 4.352352e+01 9.245173e-04
0 1 3 4 4.373016e+01 9.289066e-04
2 4 -1 -1 2.406242e+01 5.111287e-04
2 3 -1 -1 3.887195e+01 8.257095e-04
5 
-1 -1 1 2 4.722465e+01 1.003136e-03
-1 -1 0 2 4.607031e+01 9.786155e-04
0 1 3 4 7.762438e+01 1.648880e-03
2 4 -1 -1 5.661659e+01 1.202637e-03
2 3 -1 -1 3.827915e+01 8.131174e-04
5 
-1 -1 1 2 1.302704e+01 2.767176e-04
-1 -1 0 2 2.889931e+01 6.138730e-04
0 1 3 4 6.269977e+01 1.331855e-03
2 4 -1 -1 2.943072e+01 6.251610e-04
2 3 -1 -1 8.734571e+01 1.855379e-03
5 
-1 -1 1 2 2.330496e+01 4.950390e-04
-1 -1 0 2 2.480085e+01 5.268144e-04
0 1 3 4 4.030115e+01 8.560684e-04
2 4 -1 -1 7.034684e+01 1.494292e-03
2 3 -1 -1 3.176108e+01 6.746621e-04
5 
-1 -1 1 2 8.204867e+01 1.742860e-03
-1 -1 0 2 2.624266e+01 5.574408e-04
0 1 3 4 7.717804e+01 1.639399e-03
2 4 -1 -1 5.399932e+01 1.147042e-03
2 3 -1 -1 2.285272e+01 4.854325e-04
5 
-1 -1 1 2 5.942198e+01 1.262229e-03
-1 -1 0 2 3.782025e+01 8.033696e-04
0 1 3 4 9.228350e+01 1.960266e-03
2 4 -1 -1 7.835455e+01 1.664390e-03
2 3 -1 -1 4.495783e+01 9.549845e-04
5 
-1 -1 1 2 1.085042e+01 2.304822e-04
-1 -1 0 2 2.064206e+01 4.384742e-04
0 1 3 4 5.189360e+01 1.102313e-03
2 4 -1 -1 2.539346e+01 5.394025e-04
2 3 -1 -1 2.219068e+01 4.713696e-04
5 
-1 -1 1 2 1.291966e+01 2.744367e-04
-1 -1 0 2 6.068440e+01 1.289045e-03
0 1 3 4 6.522293e+01 1.385451e-03
2 4 -1 -1 3.504121e+01 7.443378e-04
2 3 -1 -1 3.010163e+01 6.394124e-04
5 
-1 -1 1 2 3.526444e+01 7.490797e-04
-1 -1 0 2 4.930502e+01 1.047327e-03
0 1 3 4 7.532737e+01 1.600088e-03
2 4 -1 -1 9.094020e+01 1.931732e-03
2 3 -1 -1 5.689490e+01 1.208549e-03
5 
-1 -1 1 2 2.850527e+01 6.055029e-04
-1 -1 0 2 4.165961e+01 8.849244e-04
0 1 3 4 3.801171e+01 8.074366e-04
2 4 -1 -1 1.212023e+01 2.574553e-04
2 3 -1 -1 2.770234e+01 5.884472e-04
5 
-1 -1 1 2 8.772707e+01 1.863480e-03
-1 -1 0 2 5.510306e+01 1.170487e-03
0 1 3 4 5.452548e+01 1.158218e-03
2 4 -1 -1 2.282265e+01 4.847938e-04
2 3 -1 -1 1.972698e+01 4.190362e-04
5 
-1 -1 1 2 4.378631e+01 9.300994e-04
-1 -1 0 2 1.204583e+02 2.558749e-03
0 1 3 4 2.474170e+01 5.255578e-04
2 4 -1 -1 6.224997e+01 1.322300e-03
2 3 -1 -1 1.997363e+01 4.242755e-04
5 
-1 -1 1 2 1.443779e+01 3.066845e-04
-1 -1 0 2 1.633259e+01 3.469333e-04
0 1 3 4 3.999951e+01 8.496610e-04
2 4 -1 -1 6.131097e+01 1.302354e-03
2 3 -1 -1 4.834142e+01 1.026858e-03
5 
-1 -1 1 2 5.533448e+01 1.175403e-03
-1 -1 0 2 1.941032e+01 4.123098e-04
0 1 3 4 4.756446e+01 1.010354e-03
2 4 -1 -1 2.659084e+01 5.648369e-04
2 3 -1 -1 3.208024e+01 6.814415e-04
5 
-1 -1 1 2 3.600513e+01 7.648132e-04
-1 -1 0 2 2.347325e+01 4.986137e-04
0 1 3 4 2.674480e+01 5.681073e-04
2 4 -1 -1 3.287043e+01 6.982265e-04
2 3 -1 -1 7.155050e+01 1.519860e-03
5 
-1 -1 1 2 7.894395e+01 1.676910e-03
-1 -1 0 2 2.098867e+01 4.458368e-04
0 1 3 4 4.776600e+01 1.014635e-03
2 4 -1 -1 5.874710e+01 1.247893e-03
2 3 -1 -1 2.492522e+01 5.294562e-04
5 
-1 -1 1 2 9.255929e+01 1.966124e-03
-1 -1 0 2 3.926194e+01 8.339936e-04
0 1 3 4 1.369903e+02 2.909919e-03
2 4 -1 -1 5.819185e+01 1.236099e-03
2 3 -1 -1 4.392682e+01 9.330841e-04
5 
-1 -1 1 2 2.129712e+01 4.523888e-04
-1 -1 0 2 2.167079e+01 4.603263e-04
0 1 3 4 6.283605e+01 1.334750e-03
2 4 -1 -1 4.588323e+01 9.746418e-04
2 3 -1 -1 1.124256e+02 2.388121e-03
5 
-1 -1 1 2 2.393302e+01 5.083801e-04
-1 -1 0 2 2.972275e+01 6.313642e-04
0 1 3 4 9.002658e+01 1.912325e-03
2 4 -1 -1 7.018273e+01 1.490806e-03
2 3 -1 -1 4.454320e+01 9.461770e-04
5 
-1 -1 1 2 2.395430e+01 5.088321e-04
-1 -1 0 2 5.885011e+01 1.250081e-03
0 1 3 4 2.736662e+01 5.813159e-04
2 4 -1 -1 5.407850e+01 1.148724e-03
2 3 -1 -1 1.602931e+01 3.404911e-04
5 
-1 -1 1 2 5.075769e+01 1.078184e-03
-1 -1 0 2 1.858012e+02 3.946749e-03
0 1 3 4 3.496490e+01 7.427168e-04
2 4 -1 -1 3.363031e+01 7.143678e-04
2 3 -1 -1 3.817357e+02 8.108747e-03
5 
-1 -1 1 2 3.125099e+01 6.638267e-04
-1 -1 0 2 9.088595e+01 1.930580e-03
0 1 3 4 1.410100e+02 2.995305e-03
2 4 -1 -1 3.757117e+01 7.980787e-04
2 3 -1 -1 2.464250e+01 5.234507e-04
5 
-1 -1 1 2 2.038835e+01 4.330849e-04
-1 -1 0 2 7.320289e+01 1.554960e-03
0 1 3 4 4.003080e+01 8.503257e-04
2 4 -1 -1 4.138491e+01 8.790893e-04
2 3 -1 -1 1.610295e+01 3.420554e-04
5 
-1 -1 1 2 9.777497e+01 2.076915e-03
-1 -1 0 2 5.483504e+01 1.164794e-03
0 1 3 4 6.450826e+01 1.370271e-03
2 4 -1 -1 7.414470e+01 1.574966e-03
2 3 -1 -1 1.051400e+01 2.233362e-04
5 
-1 -1 1 2 5.329027e+01 1.131980e-03
-1 -1 0 2 2.854861e+01 6.064234e-04
0 1 3 4 3.248445e+01 6.900277e-04
2 4 -1 -1 5.096724e+01 1.082635e-03
2 3 -1 -1 2.810508e+01 5.970021e-04
5 
-1 -1 1 2 2.458171e+01 5.221594e-04
-1 -1 0 2 2.419154e+01 5.138715e-04
0 1 3 4 3.314141e+01 7.039827e-04
2 4 -1 -1 4.097996e+01 8.704874e-04
2 3 -1 -1 3.629254e+01 7.709184e-04
5 
-1 -1 1 2 1.835992e+01 3.899976e-04
-1 -1 0 2 2.758668e+01 5.859903e-04
0 1 3 4 5.179642e+01 1.100248e-03
2 4 -1 -1 1.812361e+01 3.849778e-04
2 3 -1 -1 1.993902e+01 4.235403e-04
5 
-1 -1 1 2 2.768645e+01 5.881096e-04
-1 -1 0 2 9.519890e+01 2.022194e-03
0 1 3 4 5.205670e+01 1.105777e-03
2 4 -1 -1 6.442550e+01 1.368513e-03
2 3 -1 -1 1.394855e+01 2.962921e-04
5 
-1 -1 1 2 2.008628e+01 4.266684e-04
-1 -1 0 2 5.042014e+01 1.071014e-03
0 1 3 4 6.167821e+01 1.310155e-03
2 4 -1 -1 1.276551e+02 2.711622e-03
2 3 -1 -1 2.567686e+01 5.454223e-04
5 
-1 -1 1 2 5.949305e+01 1.263739e-03
-1 -1 0 2 1.654304e+01 3.514037e-04
0 1 3 4 8.006145e+01 1.700648e-03
2 4 -1 -1 6.777964e+01 1.439760e-03
2 3 -1 -1 8.223414e+01 1.746800e-03
5 
-1 -1 1 2 4.397960e+01 9.342052e-04
-1 -1 0 2 2.542634e+01 5.401009e-04
0 1 3 4 1.235290e+02 2.623976e-03
2 4 -1 -1 2.961849e+01 6.291496e-04
2 3 -1 -1 6.650899e+01 1.412770e-03
5 
-1 -1 1 2 2.451885e+01 5.208241e-04
-1 -1 0 2 4.072306e+01 8.650306e-04
0 1 3 4 4.080898e+01 8.668556e-04
2 4 -1 -1 1.334146e+01 2.833964e-04
2 3 -1 -1 1.539974e+02 3.271180e-03
5 
-1 -1 1 2 1.886116e+01 4.006446e-04
-1 -1 0 2 2.552839e+01 5.422686e-04
0 1 3 4 2.533660e+01 5.381946e-04
2 4 -1 -1 4.634133e+01 9.843726e-04
2 3 -1 -1 1.454323e+02 3.089241e-03
5 
-1 -1 1 2 2.240402e+01 4.759013e-04
-1 -1 0 2 4.145036e+01 8.804797e-04
0 1 3 4 5.248941e+01 1.114969e-03
2 4 -1 -1 1.018345e+01 2.163146e-04
2 3 -1 -1 1.392185e+01 2.957249e-04
5 
-1 -1 1 2 2.412949e+01 5.125533e-04
-1 -1 0 2 1.885354e+01 4.004829e-04
0 1 3 4 4.647290e+01 9.871673e-04
2 4 -1 -1 2.947956e+01 6.261985e-04
2 3 -1 -1 5.015104e+01 1.065298e-03
5 
-1 -1 1 2 8.676088e+00 1.842956e-04
-1 -1 0 2 3.089502e+01 6.562654e-04
0 1 3 4 5.323740e+01 1.130857e-03
2 4 -1 -1 1.839531e+01 3.907491e-04
2 3 -1 -1 1.694743e+01 3.599936e-04
5 
-1 -1 1 2 4.610531e+01 9.793591e-04
-1 -1 0 2 2.985811e+01 6.342396e-04
0 1 3 4 4.989553e+01 1.059870e-03
2 4 -1 -1 4.803260e+01 1.020298e-03
2 3 -1 -1 6.648505e+01 1.412261e-03
5 
-1 -1 1 2 4.063715e+01 8.632056e-04
-1 -1 0 2 4.032306e+01 8.565338e-04
0 1 3 4 5.439478e+01 1.155442e-03
2 4 -1 -1 9.274426e+01 1.970054e-03
2 3 -1 -1 1.003630e+01 2.131890e-04
5 
-1 -1 1 2 4.792380e+01 1.017987e-03
-1 -1 0 2 1.263728e+02 2.684384e-03
0 1 3 4 1.114365e+02 2.367110e-03
2 4 -1 -1 5.220845e+01 1.109001e-03
2 3 -1 -1 9.598266e+01 2.038843e-03
5 
-1 -1 1 2 2.926983e+01 6.217434e-04
-1 -1 0 2 1.956516e+02 4.155990e-03
0 1 3 4 4.437909e+01 9.426911e-04
2 4 -1 -1 4.952566e+01 1.052013e-03
2 3 -1 -1 8.472449e+01 1.799699e-03
5 
-1 -1 1 2 5.127351e+01 1.089141e-03
-1 -1 0 2 3.595583e+01 7.637659e-04
0 1 3 4 9.792914e+01 2.080190e-03
2 4 -1 -1 1.175766e+02 2.497538e-03
2 3 -1 -1 1.565452e+01 3.325299e-04
5 
-1 -1 1 2 2.994794e+01 6.361477e-04
-1 -1 0 2 1.634594e+01 3.472169e-04
0 1 3 4 5.653952e+01 1.201000e-03
2 4 -1 -1 5.280343e+01 1.121639e-03
2 3 -1 -1 5.017899e+01 1.065891e-03
5 
-1 -1 1 2 2.450227e+01 5.204720e-04
-1 -1 0 2 1.070289e+02 2.273485e-03
0 1 3 4 7.709068e+01 1.637544e-03
2 4 -1 -1 1.869550e+01 3.971258e-04
2 3 -1 -1 1.348017e+02 2.863429e-03
5 
-1 -1 1 2 1.031332e+02 2.190734e-03
-1 -1 0 2 4.704758e+01 9.993745e-04
0 1 3 4 3.592834e+01 7.631820e-04
2 4 -1 -1 1.542019e+01 3.275522e-04
2 3 -1 -1 4.470799e+01 9.496775e-04
