H 
4.000000e+01 
200 
5 
-1 -1 1 2 6.055229e+00 5.009987e-04
-1 -1 0 2 1.921665e+01 1.589950e-03
0 1 3 4 1.033335e+01 8.549629e-04
2 4 -1 -1 1.784489e+01 1.476454e-03
2 3 -1 -1 5.505669e+00 4.555291e-04
5 
-1 -1 1 2 6.927399e+00 5.731605e-04
-1 -1 0 2 8.956939e+00 7.410809e-04
0 1 3 4 1.207797e+01 9.993095e-04
2 4 -1 -1 2.293726e+01 1.897787e-03
2 3 -1 -1 1.055054e+01 8.729323e-04
5 
-1 -1 1 2 2.208980e+01 1.827670e-03
-1 -1 0 2 1.379576e+01 1.141436e-03
0 1 3 4 1.098567e+01 9.089345e-04
2 4 -1 -1 1.253500e+01 1.037123e-03
2 3 -1 -1 3.593333e+00 2.973059e-04
5 
-1 -1 1 2 5.843948e+00 4.835176e-04
-1 -1 0 2 4.876125e+00 4.034418e-04
0 1 3 4 9.913446e+00 8.202206e-04
2 4 -1 -1 1.458291e+01 1.206563e-03
2 3 -1 -1 8.811795e+00 7.290720e-04
5 
-1 -1 1 2 5.320029e+00 4.401695e-04
-1 -1 0 2 3.039374e+00 2.514723e-04
0 1 3 4 1.837322e+01 1.520167e-03
2 4 -1 -1 1.475592e+01 1.220878e-03
2 3 -1 -1 1.390059e+01 1.150109e-03
5 
-1 -1 1 2 1.027043e+01 8.497571e-04
-1 -1 0 2 1.782121e+01 1.474494e-03
0 1 3 4 1.481918e+01 1.226112e-03
2 4 -1 -1 8.608269e+00 7.122326e-04
2 3 -1 -1 6.227164e+00 5.152243e-04
5 
-1 -1 1 2 1.314725e+01 1.087779e-03
-1 -1 0 2 5.369001e+00 4.442214e-04
0 1 3 4 1.720511e+01 1.423520e-03
2 4 -1 -1 1.414901e+01 1.170663e-03
2 3 -1 -1 6.654533e+00 5.505840e-04
5 
-1 -1 1 2 1.647892e+01 1.363436e-03
-1 -1 0 2 1.866296e+01 1.544140e-03
0 1 3 4 1.568720e+01 1.297931e-03
2 4 -1 -1 5.567379e+00 4.606349e-04
2 3 -1 -1 7.216374e+00 5.970697e-04
5 
-1 -1 1 2 4.684012e+00 3.875467e-04
-1 -1 0 2 1.649696e+01 1.364929e-03
0 1 3 4 2.181234e+01 1.804713e-03
2 4 -1 -1 6.990587e+00 5.783885e-04
2 3 -1 -1 9.568744e+00 7.917005e-04
5 
-1 -1 1 2 3.485797e+00 2.884085e-04
-1 -1 0 2 5.971962e+00 4.941093e-04
0 1 3 4 2.024121e+01 1.674721e-03
2 4 -1 -1 4.816242e+00 3.984871e-04
2 3 -1 -1 7.483314e+00 6.191559e-04
5 
-1 -1 1 2 1.213454e+01 1.003989e-03
-1 -1 0 2 1.004374e+01 8.310007e-04
0 1 3 4 4.565136e+01 3.777111e-03
2 4 -1 -1 2.950936e+01 2.441551e-03
2 3 -1 -1 5.225580e+00 4.323550e-04
5 
-1 -1 1 2 2.182096e+01 1.805426e-03
-1 -1 0 2 1.029167e+01 8.515144e-04
0 1 3 4 1.236200e+01 1.022809e-03
2 4 -1 -1 1.069929e+01 8.852399e-04
2 3 -1 -1 7.059802e+00 5.841153e-04
5 
-1 -1 1 2 8.493969e+00 7.027756e-04
-1 -1 0 2 8.872365e+00 7.340834e-04
0 1 3 4 1.946854e+01 1.610792e-03
2 4 -1 -1 1.103587e+01 9.130881e-04
2 3 -1 -1 1.579655e+01 1.306978e-03
5 
-1 -1 1 2 1.764726e+01 1.460102e-03
-1 -1 0 2 3.132073e+01 2.591421e-03
0 1 3 4 1.011521e+01 8.369140e-04
2 4 -1 -1 9.920671e+00 8.208184e-04
2 3 -1 -1 2.363740e+00 1.955715e-04
5 
-1 -1 1 2 8.103562e+00 6.704741e-04
-1 -1 0 2 1.841772e+01 1.523848e-03
0 1 3 4 1.142004e+01 9.448738e-04
2 4 -1 -1 3.203480e+00 2.650502e-04
2 3 -1 -1 8.928969e+00 7.387667e-04
5 
-1 -1 1 2 2.242329e+01 1.855262e-03
-1 -1 0 2 1.561702e+01 1.292124e-03
0 1 3 4 1.424236e+01 1.178387e-03
2 4 -1 -1 1.769257e+01 1.463851e-03
2 3 -1 -1 9.626455e+00 7.964754e-04
5 
-1 -1 1 2 1.571101e+01 1.299900e-03
-1 -1 0 2 4.896315e+00 4.051123e-04
0 1 3 4 1.384332e+01 1.145371e-03
2 4 -1 -1 6.462508e+00 5.346962e-04
2 3 -1 -1 2.196665e+01 1.817481e-03
5 
-1 -1 1 2 3.593199e+01 2.972948e-03
-1 -1 0 2 6.624686e+00 5.481146e-04
0 1 3 4 1.481930e+01 1.226122e-03
2 4 -1 -1 5.980802e+00 4.948407e-04
2 3 -1 -1 9.705574e+00 8.030216e-04
5 
-1 -1 1 2 5.078750e+00 4.202065e-04
-1 -1 0 2 1.580213e+01 1.307440e-03
0 1 3 4 1.191368e+01 9.857162e-04
2 4 -1 -1 4.547437e+00 3.762467e-04
2 3 -1 -1 1.580570e+01 1.307735e-03
5 
-1 -1 1 2 4.252276e+00 3.518256e-04
-1 -1 0 2 2.864446e+01 2.369991e-03
0 1 3 4 2.069492e+01 1.712260e-03
2 4 -1 -1 7.075437e+00 5.854089e-04
2 3 -1 -1 8.169552e+00 6.759339e-04
5 
-1 -1 1 2 1.238264e+01 1.024517e-03
-1 -1 0 2 1.050112e+01 8.688433e-04
0 1 3 4 1.269151e+01 1.050072e-03
2 4 -1 -1 9.739731e+00 8.058477e-04
2 3 -1 -1 1.861008e+01 1.539764e-03
5 
-1 -1 1 2 4.145801e+00 3.430161e-04
-1 -1 0 2 1.689996e+01 1.398272e-03
0 1 3 4 1.583312e+01 1.310004e-03
2 4 -1 -1 8.350919e+00 6.909399e-04
2 3 -1 -1 7.066666e+00 5.846831e-04
5 
-1 -1 1 2 3.046743e+00 2.520820e-04
-1 -1 0 2 6.781543e+00 5.610926e-04
0 1 3 4 9.389303e+00 7.768539e-04
2 4 -1 -1 7.194266e+00 5.952405e-04
2 3 -1 -1 1.636043e+01 1.353633e-03
5 
-1 -1 1 2 7.718850e+00 6.386436e-04
-1 -1 0 2 4.765526e+00 3.942910e-04
0 1 3 4 1.751199e+01 1.448910e-03
2 4 -1 -1 1.928625e+01 1.595709e-03
2 3 -1 -1 1.126446e+01 9.320008e-04
5 
-1 -1 1 2 1.525594e+01 1.262249e-03
-1 -1 0 2 1.245588e+01 1.030577e-03
0 1 3 4 9.344818e+00 7.731733e-04
2 4 -1 -1 4.534383e+01 3.751666e-03
2 3 -1 -1 1.407403e+00 1.164460e-04
5 
-1 -1 1 2 9.691345e+00 8.018443e-04
-1 -1 0 2 1.837480e+00 1.520297e-04
0 1 3 4 2.690178e+01 2.225805e-03
2 4 -1 -1 5.761552e+00 4.767004e-04
2 3 -1 -1 5.779431e+00 4.781797e-04
5 
-1 -1 1 2 1.559676e+01 1.290448e-03
-1 -1 0 2 5.929161e+00 4.905680e-04
0 1 3 4 1.277054e+01 1.056611e-03
2 4 -1 -1 1.252289e+01 1.036121e-03
2 3 -1 -1 1.023507e+01 8.468311e-04
5 
-1 -1 1 2 2.377843e+01 1.967384e-03
-1 -1 0 2 1.598807e+01 1.322824e-03
0 1 3 4 1.219483e+01 1.008978e-03
2 4 -1 -1 2.957243e+00 2.446769e-04
2 3 -1 -1 1.978867e+01 1.637279e-03
5 
-1 -1 1 2 5.194126e+00 4.297526e-04
-1 -1 0 2 9.197892e+00 7.610169e-04
0 1 3 4 1.111876e+01 9.199458e-04
2 4 -1 -1 8.361762e+00 6.918371e-04
2 3 -1 -1 9.678122e+00 8.007503e-04
5 
-1 -1 1 2 7.465982e+00 6.177218e-04
-1 -1 0 2 7.323782e+00 6.059565e-04
0 1 3 4 1.545231e+01 1.278496e-03
2 4 -1 -1 2.906290e+00 2.404612e-04
2 3 -1 -1 6.000535e+00 4.964734e-04
5 
-1 -1 1 2 7.894129e+00 6.531459e-04
-1 -1 0 2 6.638128e+00 5.492267e-04
0 1 3 4 1.666427e+01 1.378772e-03
2 4 -1 -1 1.289384e+01 1.066813e-03
2 3 -1 -1 3.959619e+00 3.276117e-04
5 
-1 -1 1 2 6.050698e+00 5.006238e-04
-1 -1 0 2 1.185789e+01 9.811001e-04
0 1 3 4 1.168260e+01 9.665971e-04
2 4 -1 -1 1.444564e+01 1.195206e-03
2 3 -1 -1 7.336195e+00 6.069835e-04
5 
-1 -1 1 2 5.728694e+00 4.739818e-04
-1 -1 0 2 6.257670e+00 5.177482e-04
0 1 3 4 1.422222e+01 1.176721e-03
2 4 -1 -1 2.163121e+01 1.789727e-03
2 3 -1 -1 1.915694e+01 1.585011e-03
5 
-1 -1 1 2 8.574203e+00 7.094140e-04
-1 -1 0 2 5.151512e+00 4.262268e-04
0 1 3 4 1.533197e+01 1.268540e-03
2 4 -1 -1 1.434397e+01 1.186794e-03
2 3 -1 -1 2.307430e+01 1.909126e-03
5 
-1 -1 1 2 4.333502e+00 3.585461e-04
-1 -1 0 2 1.009700e+01 8.354072e-04
0 1 3 4 2.253607e+01 1.864594e-03
2 4 -1 -1 8.052364e+00 6.662380e-04
2 3 -1 -1 1.039083e+01 8.597183e-04
5 
-1 -1 1 2 8.786743e+00 7.269992e-04
-1 -1 0 2 7.306757e+00 6.045479e-04
0 1 3 4 1.550058e+01 1.282490e-03
2 4 -1 -1 2.915472e+01 2.412209e-03
2 3 -1 -1 8.993848e+00 7.441347e-04
5 
-1 -1 1 2 8.736298e+00 7.228255e-04
-1 -1 0 2 6.622950e+00 5.479709e-04
0 1 3 4 1.598381e+01 1.322472e-03
2 4 -1 -1 1.445118e+01 1.195664e-03
2 3 -1 -1 3.619901e+00 2.995041e-04
5 
-1 -1 1 2 1.347401e+01 1.114815e-03
-1 -1 0 2 5.094720e+01 4.215279e-03
0 1 3 4 1.891333e+01 1.564854e-03
2 4 -1 -1 5.813693e+00 4.810144e-04
2 3 -1 -1 1.193529e+01 9.875041e-04
5 
-1 -1 1 2 1.356182e+01 1.122080e-03
-1 -1 0 2 1.032914e+01 8.546147e-04
0 1 3 4 1.221971e+01 1.011036e-03
2 4 -1 -1 2.599189e+00 2.150522e-04
2 3 -1 -1 3.939613e+00 3.259564e-04
5 
-1 -1 1 2 3.622607e+00 2.997279e-04
-1 -1 0 2 9.093734e+00 7.523990e-04
0 1 3 4 1.324592e+01 1.095944e-03
2 4 -1 -1 1.200053e+01 9.929019e-04
2 3 -1 -1 2.929135e+01 2.423513e-03
5 
-1 -1 1 2 6.281035e+00 5.196815e-04
-1 -1 0 2 4.767743e+00 3.944744e-04
0 1 3 4 1.142400e+01 9.452014e-04
2 4 -1 -1 1.087924e+01 9.001287e-04
2 3 -1 -1 7.108376e+00 5.881341e-04
5 
-1 -1 1 2 4.554059e+00 3.767946e-04
-1 -1 0 2 1.131084e+01 9.358383e-04
0 1 3 4 1.778408e+01 1.471423e-03
2 4 -1 -1 7.813994e+00 6.465157e-04
2 3 -1 -1 7.830752e+00 6.479022e-04
5 
-1 -1 1 2 8.457062e+00 6.997220e-04
-1 -1 0 2 1.359559e+01 1.124875e-03
0 1 3 4 9.034070e+00 7.474625e-04
2 4 -1 -1 9.180725e+00 7.595965e-04
2 3 -1 -1 4.723542e+00 3.908173e-04
5 
-1 -1 1 2 3.459425e+01 2.862266e-03
-1 -1 0 2 6.990447e+00 5.783769e-04
0 1 3 4 1.843851e+01 1.525569e-03
2 4 -1 -1 1.322102e+01 1.093883e-03
2 3 -1 -1 7.680248e+00 6.354498e-04
5 
-1 -1 1 2 2.611356e+00 2.160589e-04
-1 -1 0 2 1.197012e+01 9.903860e-04
0 1 3 4 1.630996e+01 1.349456e-03
2 4 -1 -1 1.233890e+01 1.020898e-03
2 3 -1 -1 1.287966e+01 1.065640e-03
5 
-1 -1 1 2 3.514073e+00 2.907480e-04
-1 -1 0 2 9.439560e+00 7.810121e-04
0 1 3 4 1.032607e+01 8.543604e-04
2 4 -1 -1 1.287028e+01 1.064864e-03
2 3 -1 -1 1.592685e+01 1.317758e-03
5 
-1 -1 1 2 1.111617e+01 9.197317e-04
-1 -1 0 2 4.539001e+00 3.755487e-04
0 1 3 4 7.399031e+00 6.121824e-04
2 4 -1 -1 9.253642e+00 7.656296e-04
2 3 -1 -1 1.681787e+01 1.391480e-03
5 
-1 -1 1 2 1.487988e+01 1.231134e-03
-1 -1 0 2 1.874033e+01 1.550541e-03
0 1 3 4 6.678730e+00 5.525860e-04
2 4 -1 -1 3.274961e+01 2.709644e-03
2 3 -1 -1 2.201608e+01 1.821571e-03
5 
-1 -1 1 2 1.922290e+01 1.590468e-03
-1 -1 0 2 8.164169e+00 6.754886e-04
0 1 3 4 2.407049e+01 1.991549e-03
2 4 -1 -1 8.374244e+00 6.928698e-04
2 3 -1 -1 9.012665e+00 7.456915e-04
5 
-1 -1 1 2 1.152603e+01 9.536429e-04
-1 -1 0 2 5.743019e+00 4.751670e-04
0 1 3 4 1.789880e+01 1.480914e-03
2 4 -1 -1 7.446582e+00 6.161167e-04
2 3 -1 -1 3.218118e+00 2.662613e-04
5 
-1 -1 1 2 1.239025e+01 1.025147e-03
-1 -1 0 2 5.488628e+00 4.541191e-04
0 1 3 4 1.596451e+01 1.320875e-03
2 4 -1 -1 8.260727e+00 6.834776e-04
2 3 -1 -1 2.143383e+01 1.773396e-03
5 
-1 -1 1 2 4.697596e+00 3.886705e-04
-1 -1 0 2 8.692630e+00 7.192125e-04
0 1 3 4 1.126953e+01 9.324205e-04
2 4 -1 -1 1.527857e+01 1.264121e-03
2 3 -1 -1 5.723459e+00 4.735486e-04
5 
-1 -1 1 2 1.994172e+01 1.649942e-03
-1 -1 0 2 4.118329e+00 3.407431e-04
0 1 3 4 2.190098e+01 1.812047e-03
2 4 -1 -1 9.286606e+00 7.683569e-04
2 3 -1 -1 7.075982e+00 5.854539e-04
5 
-1 -1 1 2 2.428732e+01 2.009489e-03
-1 -1 0 2 3.553327e+01 2.939958e-03
0 1 3 4 2.220781e+01 1.837434e-03
2 4 -1 -1 4.937714e+00 4.085375e-04
2 3 -1 -1 1.337264e+01 1.106428e-03
5 
-1 -1 1 2 5.289574e+00 4.376497e-04
-1 -1 0 2 1.265743e+01 1.047253e-03
0 1 3 4 2.218903e+01 1.835880e-03
2 4 -1 -1 9.913196e+00 8.201999e-04
2 3 -1 -1 7.510642e+00 6.214169e-04
5 
-1 -1 1 2 1.558046e+01 1.289099e-03
-1 -1 0 2 1.801698e+01 1.490692e-03
0 1 3 4 1.502373e+01 1.243037e-03
2 4 -1 -1 4.104321e+00 3.395841e-04
2 3 -1 -1 1.377941e+01 1.140084e-03
5 
-1 -1 1 2 2.403579e+00 1.988678e-04
-1 -1 0 2 5.680437e+00 4.699890e-04
0 1 3 4 1.020566e+01 8.443977e-04
2 4 -1 -1 7.182069e+00 5.942313e-04
2 3 -1 -1 7.941407e+00 6.570576e-04
5 
-1 -1 1 2 9.851930e+00 8.151308e-04
-1 -1 0 2 4.062546e+00 3.361277e-04
0 1 3 4 7.872290e+00 6.513390e-04
2 4 -1 -1 3.446380e+00 2.851472e-04
2 3 -1 -1 8.036642e+00 6.649372e-04
5 
-1 -1 1 2 3.043869e+01 2.518442e-03
-1 -1 0 2 9.295173e+00 7.690658e-04
0 1 3 4 9.387812e+00 7.767306e-04
2 4 -1 -1 7.284349e+00 6.026938e-04
2 3 -1 -1 2.382812e+01 1.971495e-03
5 
-1 -1 1 2 7.130404e+00 5.899567e-04
-1 -1 0 2 1.139117e+01 9.424845e-04
0 1 3 4 2.645667e+01 2.188977e-03
2 4 -1 -1 1.189460e+01 9.841377e-04
2 3 -1 -1 8.937352e+00 7.394603e-04
5 
-1 -1 1 2 1.027008e+01 8.497275e-04
-1 -1 0 2 4.056958e+00 3.356654e-04
0 1 3 4 1.697461e+01 1.404449e-03
2 4 -1 -1 6.649843e+00 5.501960e-04
2 3 -1 -1 4.113226e+00 3.403209e-04
5 
-1 -1 1 2 2.164239e+00 1.790652e-04
-1 -1 0 2 1.150499e+01 9.519018e-04
0 1 3 4 1.330473e+01 1.100809e-03
2 4 -1 -1 1.825809e+01 1.510641e-03
2 3 -1 -1 1.067134e+01 8.829274e-04
5 
-1 -1 1 2 2.479161e+00 2.051213e-04
-1 -1 0 2 8.746880e+00 7.237010e-04
0 1 3 4 1.444324e+01 1.195007e-03
2 4 -1 -1 1.421177e+01 1.175856e-03
2 3 -1 -1 2.737194e+01 2.264705e-03
5 
-1 -1 1 2 7.115938e+00 5.887598e-04
-1 -1 0 2 1.031477e+01 8.534255e-04
0 1 3 4 1.704034e+01 1.409887e-03
2 4 -1 -1 1.205413e+01 9.973367e-04
2 3 -1 -1 5.839431e+00 4.831439e-04
5 
-1 -1 1 2 6.976242e+00 5.772016e-04
-1 -1 0 2 1.844994e+01 1.526514e-03
0 1 3 4 4.123064e+00 3.411348e-04
2 4 -1 -1 7.499893e+00 6.205276e-04
2 3 -1 -1 9.619257e+00 7.958799e-04
5 
-1 -1 1 2 1.041589e+01 8.617921e-04
-1 -1 0 2 1.324458e+01 1.095832e-03
0 1 3 4 2.273833e+01 1.881328e-03
2 4 -1 -1 7.989825e+00 6.610636e-04
2 3 -1 -1 3.525204e+00 2.916690e-04
5 
-1 -1 1 2 8.581453e+00 7.100139e-04
-1 -1 0 2 4.875656e+00 4.034029e-04
0 1 3 4 6.712089e+00 5.553461e-04
2 4 -1 -1 7.466332e+00 6.177508e-04
2 3 -1 -1 2.509868e+00 2.076619e-04
5 
-1 -1 1 2 4.250268e+01 3.516595e-03
-1 -1 0 2 1.017337e+01 8.417260e-04
0 1 3 4 7.872727e+00 6.513752e-04
2 4 -1 -1 1.262219e+01 1.044337e-03
2 3 -1 -1 5.467960e+00 4.524091e-04
5 
-1 -1 1 2 2.366266e+01 1.957806e-03
-1 -1 0 2 4.377529e+00 3.621888e-04
0 1 3 4 1.089476e+01 9.014124e-04
2 4 -1 -1 1.053543e+01 8.716821e-04
2 3 -1 -1 1.390824e+01 1.150743e-03
5 
-1 -1 1 2 8.345337e+00 6.904781e-04
-1 -1 0 2 1.271716e+01 1.052194e-03
0 1 3 4 7.861934e+00 6.504822e-04
2 4 -1 -1 3.112718e+01 2.575406e-03
2 3 -1 -1 5.775413e+00 4.778472e-04
5 
-1 -1 1 2 9.394924e+00 7.773189e-04
-1 -1 0 2 1.785897e+01 1.477619e-03
0 1 3 4 1.153357e+01 9.542668e-04
2 4 -1 -1 1.076911e+01 8.910164e-04
2 3 -1 -1 3.909779e+00 3.234881e-04
5 
-1 -1 1 2 1.622867e+01 1.342731e-03
-1 -1 0 2 1.253567e+01 1.037179e-03
0 1 3 4 1.102099e+01 9.118568e-04
2 4 -1 -1 8.157310e+00 6.749210e-04
2 3 -1 -1 8.363890e+00 6.920131e-04
5 
-1 -1 1 2 6.059103e+00 5.013192e-04
-1 -1 0 2 1.778572e+01 1.471558e-03
0 1 3 4 1.309371e+01 1.083349e-03
2 4 -1 -1 1.445859e+01 1.196277e-03
2 3 -1 -1 1.178733e+01 9.752619e-04
5 
-1 -1 1 2 8.932666e+00 7.390726e-04
-1 -1 0 2 8.115350e+00 6.714493e-04
0 1 3 4 1.487066e+01 1.230372e-03
2 4 -1 -1 1.206737e+01 9.984320e-04
2 3 -1 -1 5.362672e+00 4.436977e-04
5 
-1 -1 1 2 6.584359e+00 5.447779e-04
-1 -1 0 2 1.111091e+01 9.192966e-04
0 1 3 4 8.161995e+00 6.753087e-04
2 4 -1 -1 8.678463e+00 7.180403e-04
2 3 -1 -1 1.194603e+01 9.883930e-04
5 
-1 -1 1 2 1.382982e+01 1.144254e-03
-1 -1 0 2 1.179071e+01 9.755422e-04
0 1 3 4 1.357992e+01 1.123578e-03
2 4 -1 -1 1.088414e+01 9.005340e-04
2 3 -1 -1 7.185450e+00 5.945111e-04
5 
-1 -1 1 2 4.886919e+00 4.043348e-04
-1 -1 0 2 3.686077e+00 3.049793e-04
0 1 3 4 3.542508e+01 2.931007e-03
2 4 -1 -1 3.725286e+00 3.082234e-04
2 3 -1 -1 2.563656e+01 2.121123e-03
5 
-1 -1 1 2 1.659989e+01 1.373445e-03
-1 -1 0 2 8.763902e+00 7.251094e-04
0 1 3 4 1.294747e+01 1.071250e-03
2 4 -1 -1 6.819068e+00 5.641974e-04
2 3 -1 -1 6.719595e+00 5.559671e-04
5 
-1 -1 1 2 3.200043e+00 2.647657e-04
-1 -1 0 2 5.965268e+00 4.935555e-04
0 1 3 4 1.305120e+01 1.079832e-03
2 4 -1 -1 3.148980e+01 2.605409e-03
2 3 -1 -1 5.533099e+00 4.577986e-04
5 
-1 -1 1 2 8.180083e+00 6.768052e-04
-1 -1 0 2 1.796910e+01 1.486731e-03
0 1 3 4 1.765961e+01 1.461124e-03
2 4 -1 -1 6.166604e+00 5.102136e-04
2 3 -1 -1 7.952265e+00 6.579560e-04
5 
-1 -1 1 2 8.260803e+00 6.834839e-04
-1 -1 0 2 3.831726e+00 3.170301e-04
0 1 3 4 1.887789e+01 1.561922e-03
2 4 -1 -1 1.668305e+01 1.380326e-03
2 3 -1 -1 3.724533e+01 3.081611e-03
5 
-1 -1 1 2 1.246787e+01 1.031569e-03
-1 -1 0 2 1.164380e+01 9.633871e-04
0 1 3 4 7.650291e+00 6.329712e-04
2 4 -1 -1 7.711496e+00 6.380352e-04
2 3 -1 -1 9.548364e+00 7.900143e-04
5 
-1 -1 1 2 3.422112e+00 2.831394e-04
-1 -1 0 2 2.183827e+01 1.806859e-03
0 1 3 4 1.255905e+01 1.039113e-03
2 4 -1 -1 1.455112e+01 1.203933e-03
2 3 -1 -1 1.216705e+01 1.006680e-03
5 
-1 -1 1 2 1.082905e+01 8.959763e-04
-1 -1 0 2 1.493246e+01 1.235485e-03
0 1 3 4 2.447820e+01 2.025282e-03
2 4 -1 -1 5.142066e+01 4.254452e-03
2 3 -1 -1 1.314615e+01 1.087689e-03
5 
-1 -1 1 2 2.872298e+01 2.376487e-03
-1 -1 0 2 6.482484e+00 5.363490e-04
0 1 3 4 9.666536e+00 7.997916e-04
2 4 -1 -1 1.955833e+01 1.618221e-03
2 3 -1 -1 1.741796e+01 1.441131e-03
5 
-1 -1 1 2 4.495490e+00 3.719487e-04
-1 -1 0 2 9.947025e+00 8.229988e-04
0 1 3 4 1.275236e+01 1.055107e-03
2 4 -1 -1 1.664225e+01 1.376950e-03
2 3 -1 -1 5.244057e+00 4.338838e-04
5 
-1 -1 1 2 1.462514e+01 1.210058e-03
-1 -1 0 2 6.259009e+00 5.178591e-04
0 1 3 4 1.241613e+01 1.027288e-03
2 4 -1 -1 2.206520e+01 1.825634e-03
2 3 -1 -1 5.682036e+00 4.701214e-04
5 
-1 -1 1 2 2.239780e+01 1.853153e-03
-1 -1 0 2 5.644974e+00 4.670549e-04
0 1 3 4 1.184904e+01 9.803682e-04
2 4 -1 -1 7.482663e+00 6.191020e-04
2 3 -1 -1 8.675213e+00 7.177714e-04
5 
-1 -1 1 2 8.898526e+00 7.362479e-04
-1 -1 0 2 5.396524e+00 4.464986e-04
0 1 3 4 1.217691e+01 1.007495e-03
2 4 -1 -1 8.270793e+00 6.843104e-04
2 3 -1 -1 6.465900e+00 5.349768e-04
5 
-1 -1 1 2 9.682293e+00 8.010954e-04
-1 -1 0 2 4.007134e+01 3.315430e-03
0 1 3 4 1.156835e+01 9.571445e-04
2 4 -1 -1 1.331625e+01 1.101763e-03
2 3 -1 -1 8.523066e+00 7.051830e-04
5 
-1 -1 1 2 1.248035e+01 1.032602e-03
-1 -1 0 2 6.117241e+00 5.061295e-04
0 1 3 4 1.976214e+01 1.635083e-03
2 4 -1 -1 3.093932e+01 2.559864e-03
2 3 -1 -1 3.803145e+00 3.146653e-04
5 
-1 -1 1 2 1.720778e+00 1.423741e-04
-1 -1 0 2 5.150540e+00 4.261463e-04
0 1 3 4 1.345546e+01 1.113280e-03
2 4 -1 -1 2.209703e+01 1.828268e-03
2 3 -1 -1 2.129017e+01 1.761510e-03
5 
-1 -1 1 2 1.429832e+01 1.183017e-03
-1 -1 0 2 1.658191e+01 1.371957e-03
0 1 3 4 1.540629e+01 1.274688e-03
2 4 -1 -1 4.438640e+00 3.672450e-04
2 3 -1 -1 6.658604e+00 5.509208e-04
5 
-1 -1 1 2 1.667647e+01 1.379781e-03
-1 -1 0 2 9.505453e+00 7.864639e-04
0 1 3 4 1.590593e+01 1.316028e-03
2 4 -1 -1 7.735837e+00 6.400491e-04
2 3 -1 -1 6.338335e+00 5.244223e-04
5 
-1 -1 1 2 1.123841e+01 9.298457e-04
-1 -1 0 2 3.033612e+01 2.509956e-03
0 1 3 4 7.990787e+00 6.611433e-04
2 4 -1 -1 1.340770e+01 1.109329e-03
2 3 -1 -1 2.278072e+00 1.884835e-04
5 
-1 -1 1 2 8.137601e+00 6.732904e-04
-1 -1 0 2 1.078367e+01 8.922213e-04
0 1 3 4 1.100074e+01 9.101814e-04
2 4 -1 -1 9.352755e+00 7.738300e-04
2 3 -1 -1 4.255158e+00 3.520640e-04
5 
-1 -1 1 2 7.283692e+00 6.026395e-04
-1 -1 0 2 1.777013e+01 1.470269e-03
0 1 3 4 1.120182e+01 9.268186e-04
2 4 -1 -1 3.184148e+00 2.634506e-04
2 3 -1 -1 1.621985e+01 1.342001e-03
5 
-1 -1 1 2 1.214625e+01 1.004958e-03
-1 -1 0 2 2.421133e+01 2.003201e-03
0 1 3 4 1.315122e+01 1.088108e-03
2 4 -1 -1 1.834510e+01 1.517841e-03
2 3 -1 -1 2.987380e+00 2.471704e-04
5 
-1 -1 1 2 9.118686e+00 7.544635e-04
-1 -1 0 2 2.209284e+01 1.827922e-03
0 1 3 4 1.541887e+01 1.275729e-03
2 4 -1 -1 8.426516e+00 6.971947e-04
2 3 -1 -1 2.501416e+00 2.069626e-04
5 
-1 -1 1 2 1.917142e+01 1.586209e-03
-1 -1 0 2 5.184485e+00 4.289549e-04
0 1 3 4 1.240533e+01 1.026395e-03
2 4 -1 -1 8.095720e+00 6.698252e-04
2 3 -1 -1 8.666490e+00 7.170497e-04
5 
-1 -1 1 2 5.564387e+00 4.603873e-04
-1 -1 0 2 1.331962e+01 1.102041e-03
0 1 3 4 2.071696e+01 1.714083e-03
2 4 -1 -1 1.162418e+01 9.617637e-04
2 3 -1 -1 2.326780e+01 1.925135e-03
5 
-1 -1 1 2 7.237228e+00 5.987952e-04
-1 -1 0 2 5.738063e+00 4.747570e-04
0 1 3 4 1.033450e+01 8.550579e-04
2 4 -1 -1 5.344162e+00 4.421663e-04
2 3 -1 -1 1.091894e+01 9.034135e-04
5 
-1 -1 1 2 1.088836e+01 9.008830e-04
-1 -1 0 2 1.017107e+01 8.415362e-04
0 1 3 4 1.045847e+01 8.653149e-04
2 4 -1 -1 1.942120e+01 1.606875e-03
2 3 -1 -1 9.562202e+00 7.911592e-04
5 
-1 -1 1 2 4.913378e+00 4.065240e-04
-1 -1 0 2 2.141068e+01 1.771481e-03
0 1 3 4 1.757289e+01 1.453949e-03
2 4 -1 -1 8.014877e+00 6.631364e-04
2 3 -1 -1 7.970748e+00 6.594853e-04
5 
-1 -1 1 2 2.812172e+00 2.326740e-04
-1 -1 0 2 8.233554e+00 6.812293e-04
0 1 3 4 1.559879e+01 1.290616e-03
2 4 -1 -1 8.598192e+00 7.113988e-04
2 3 -1 -1 3.758752e+00 3.109923e-04
5 
-1 -1 1 2 5.455858e+00 4.514078e-04
-1 -1 0 2 4.083315e+00 3.378461e-04
0 1 3 4 1.134735e+01 9.388595e-04
2 4 -1 -1 1.008547e+01 8.344538e-04
2 3 -1 -1 6.651677e+00 5.503477e-04
5 
-1 -1 1 2 1.616157e+01 1.337179e-03
-1 -1 0 2 7.839939e+00 6.486623e-04
0 1 3 4 1.240584e+01 1.026436e-03
2 4 -1 -1 1.013368e+01 8.384426e-04
2 3 -1 -1 1.593765e+01 1.318653e-03
5 
-1 -1 1 2 6.136181e+00 5.076965e-04
-1 -1 0 2 2.384733e+01 1.973085e-03
0 1 3 4 9.494391e+00 7.855487e-04
2 4 -1 -1 1.650065e+01 1.365234e-03
2 3 -1 -1 2.535981e+00 2.098225e-04
5 
-1 -1 1 2 6.161457e+00 5.097878e-04
-1 -1 0 2 1.782394e+01 1.474721e-03
0 1 3 4 9.658566e+00 7.991323e-04
2 4 -1 -1 4.209362e+01 3.482750e-03
2 3 -1 -1 1.053964e+01 8.720305e-04
5 
-1 -1 1 2 1.480196e+01 1.224688e-03
-1 -1 0 2 1.371162e+01 1.134475e-03
0 1 3 4 1.553228e+01 1.285113e-03
2 4 -1 -1 9.377345e+00 7.758645e-04
2 3 -1 -1 1.528547e+01 1.264692e-03
5 
-1 -1 1 2 1.130110e+01 9.350321e-04
-1 -1 0 2 8.041737e+00 6.653587e-04
0 1 3 4 1.036373e+01 8.574760e-04
2 4 -1 -1 3.562167e+00 2.947272e-04
2 3 -1 -1 9.960240e+00 8.240922e-04
5 
-1 -1 1 2 7.697411e+00 6.368698e-04
-1 -1 0 2 8.225958e+00 6.806009e-04
0 1 3 4 1.603938e+01 1.327069e-03
2 4 -1 -1 5.125017e+00 4.240346e-04
2 3 -1 -1 5.319955e+00 4.401634e-04
5 
-1 -1 1 2 7.130374e+00 5.899542e-04
-1 -1 0 2 9.905883e+00 8.195948e-04
0 1 3 4 8.359177e+00 6.916232e-04
2 4 -1 -1 9.683591e+00 8.012028e-04
2 3 -1 -1 3.066171e+00 2.536895e-04
5 
-1 -1 1 2 7.687993e+00 6.360906e-04
-1 -1 0 2 1.769990e+00 1.464457e-04
0 1 3 4 2.077918e+01 1.719231e-03
2 4 -1 -1 6.020495e+00 4.981248e-04
2 3 -1 -1 8.336276e+00 6.897284e-04
5 
-1 -1 1 2 7.781982e+00 6.438671e-04
-1 -1 0 2 8.827998e+00 7.304125e-04
0 1 3 4 1.655498e+01 1.369729e-03
2 4 -1 -1 1.010659e+01 8.362009e-04
2 3 -1 -1 1.220074e+01 1.009467e-03
5 
-1 -1 1 2 7.216883e+00 5.971118e-04
-1 -1 0 2 7.682204e+00 6.356116e-04
0 1 3 4 2.267380e+01 1.875989e-03
2 4 -1 -1 5.758108e+01 4.764154e-03
2 3 -1 -1 1.676698e+01 1.387269e-03
5 
-1 -1 1 2 8.373187e+00 6.927823e-04
-1 -1 0 2 4.922485e+00 4.072775e-04
0 1 3 4 1.795554e+01 1.485609e-03
2 4 -1 -1 6.697089e+00 5.541050e-04
2 3 -1 -1 1.077368e+01 8.913951e-04
5 
-1 -1 1 2 1.390673e+01 1.150618e-03
-1 -1 0 2 9.501658e+00 7.861499e-04
0 1 3 4 1.040041e+01 8.605109e-04
2 4 -1 -1 6.645320e+00 5.498218e-04
2 3 -1 -1 1.284076e+01 1.062421e-03
5 
-1 -1 1 2 1.069158e+01 8.846021e-04
-1 -1 0 2 7.646248e+00 6.326367e-04
0 1 3 4 1.653324e+01 1.367931e-03
2 4 -1 -1 3.598919e+00 2.977680e-04
2 3 -1 -1 2.125767e+01 1.758821e-03
5 
-1 -1 1 2 4.614639e+00 3.818068e-04
-1 -1 0 2 8.985670e+00 7.434580e-04
0 1 3 4 1.168077e+01 9.664456e-04
2 4 -1 -1 2.019230e+01 1.670674e-03
2 3 -1 -1 5.334798e+00 4.413915e-04
5 
-1 -1 1 2 3.158125e+00 2.612975e-04
-1 -1 0 2 6.887757e+00 5.698805e-04
0 1 3 4 6.753692e+00 5.587883e-04
2 4 -1 -1 9.398346e+00 7.776021e-04
2 3 -1 -1 1.089224e+01 9.012039e-04
5 
-1 -1 1 2 3.215061e+01 2.660083e-03
-1 -1 0 2 5.483527e+00 4.536971e-04
0 1 3 4 1.653340e+01 1.367944e-03
2 4 -1 -1 1.017383e+01 8.417644e-04
2 3 -1 -1 1.688764e+01 1.397252e-03
5 
-1 -1 1 2 1.689259e+01 1.397662e-03
-1 -1 0 2 3.991573e+00 3.302555e-04
0 1 3 4 2.167329e+01 1.793209e-03
2 4 -1 -1 2.425871e+00 2.007121e-04
2 3 -1 -1 9.537073e+00 7.890801e-04
5 
-1 -1 1 2 1.444992e+01 1.195560e-03
-1 -1 0 2 1.007627e+01 8.336924e-04
0 1 3 4 1.117660e+01 9.247316e-04
2 4 -1 -1 8.022919e+00 6.638017e-04
2 3 -1 -1 2.481616e+01 2.053244e-03
5 
-1 -1 1 2 1.355851e+01 1.121807e-03
-1 -1 0 2 1.003176e+01 8.300099e-04
0 1 3 4 2.252361e+01 1.863563e-03
2 4 -1 -1 5.612044e+00 4.643303e-04
2 3 -1 -1 1.537448e+01 1.272057e-03
5 
-1 -1 1 2 2.224413e+01 1.840439e-03
-1 -1 0 2 1.349678e+01 1.116699e-03
0 1 3 4 1.651873e+01 1.366730e-03
2 4 -1 -1 1.377482e+01 1.139704e-03
2 3 -1 -1 7.184700e+00 5.944490e-04
5 
-1 -1 1 2 7.154096e+00 5.919170e-04
-1 -1 0 2 1.881597e+01 1.556799e-03
0 1 3 4 1.251248e+01 1.035260e-03
2 4 -1 -1 4.442618e+00 3.675742e-04
2 3 -1 -1 1.064540e+01 8.807811e-04
5 
-1 -1 1 2 1.631060e+01 1.349509e-03
-1 -1 0 2 6.300934e+00 5.213279e-04
0 1 3 4 1.313056e+01 1.086398e-03
2 4 -1 -1 1.309888e+01 1.083777e-03
2 3 -1 -1 6.144602e+00 5.083933e-04
5 
-1 -1 1 2 6.216629e+00 5.143526e-04
-1 -1 0 2 1.017942e+01 8.422266e-04
0 1 3 4 1.032278e+01 8.540880e-04
2 4 -1 -1 6.960242e+00 5.758778e-04
2 3 -1 -1 6.062595e+00 5.016081e-04
5 
-1 -1 1 2 4.139557e+00 3.424995e-04
-1 -1 0 2 2.556261e+01 2.115004e-03
0 1 3 4 1.547769e+01 1.280596e-03
2 4 -1 -1 1.273140e+01 1.053373e-03
2 3 -1 -1 7.122577e+00 5.893091e-04
5 
-1 -1 1 2 3.849063e+00 3.184645e-04
-1 -1 0 2 6.834510e+00 5.654750e-04
0 1 3 4 9.496448e+00 7.857189e-04
2 4 -1 -1 5.619612e+00 4.649565e-04
2 3 -1 -1 1.282636e+01 1.061230e-03
5 
-1 -1 1 2 2.283899e+01 1.889657e-03
-1 -1 0 2 1.832716e+01 1.516356e-03
0 1 3 4 7.429981e+00 6.147431e-04
2 4 -1 -1 2.506246e+01 2.073622e-03
2 3 -1 -1 1.684071e+01 1.393370e-03
5 
-1 -1 1 2 6.512737e+00 5.388521e-04
-1 -1 0 2 8.410580e+00 6.958761e-04
0 1 3 4 1.706381e+01 1.411829e-03
2 4 -1 -1 1.760259e+01 1.456407e-03
2 3 -1 -1 9.066693e+00 7.501617e-04
5 
-1 -1 1 2 4.254188e+00 3.519838e-04
-1 -1 0 2 2.195800e+01 1.816765e-03
0 1 3 4 1.258784e+01 1.041495e-03
2 4 -1 -1 5.935428e+00 4.910866e-04
2 3 -1 -1 2.825972e+00 2.338158e-04
5 
-1 -1 1 2 9.105563e+00 7.533778e-04
-1 -1 0 2 8.643028e+00 7.151084e-04
0 1 3 4 8.749654e+00 7.239305e-04
2 4 -1 -1 6.359896e+00 5.262062e-04
2 3 -1 -1 1.826344e+01 1.511084e-03
5 
-1 -1 1 2 8.474229e+00 7.011424e-04
-1 -1 0 2 3.639326e+00 3.011112e-04
0 1 3 4 2.205231e+01 1.824568e-03
2 4 -1 -1 7.608755e+00 6.295346e-04
2 3 -1 -1 1.107291e+01 9.161527e-04
5 
-1 -1 1 2 2.053598e+01 1.699110e-03
-1 -1 0 2 4.197288e+00 3.472760e-04
0 1 3 4 1.266324e+01 1.047734e-03
2 4 -1 -1 6.682966e+00 5.529365e-04
2 3 -1 -1 2.987504e+00 2.471807e-04
5 
-1 -1 1 2 5.916829e+00 4.895477e-04
-1 -1 0 2 2.688420e+01 2.224350e-03
0 1 3 4 2.285389e+01 1.890890e-03
2 4 -1 -1 1.215202e+01 1.005436e-03
2 3 -1 -1 7.589029e+00 6.279025e-04
5 
-1 -1 1 2 9.305566e+00 7.699256e-04
-1 -1 0 2 5.790736e+00 4.791150e-04
0 1 3 4 1.756963e+01 1.453679e-03
2 4 -1 -1 2.087058e+00 1.726794e-04
2 3 -1 -1 5.333993e+00 4.413249e-04
5 
-1 -1 1 2 1.604056e+00 1.327166e-04
-1 -1 0 2 1.093261e+01 9.045440e-04
0 1 3 4 9.315586e+00 7.707547e-04
2 4 -1 -1 1.886914e+01 1.561199e-03
2 3 -1 -1 7.474680e+00 6.184415e-04
5 
-1 -1 1 2 1.141127e+01 9.441477e-04
-1 -1 0 2 5.471448e+00 4.526977e-04
0 1 3 4 1.937140e+01 1.602754e-03
2 4 -1 -1 9.695104e+00 8.021553e-04
2 3 -1 -1 3.116867e+01 2.578839e-03
5 
-1 -1 1 2 1.152439e+01 9.535074e-04
-1 -1 0 2 1.084546e+01 8.973338e-04
0 1 3 4 1.280066e+01 1.059104e-03
2 4 -1 -1 4.109293e+00 3.399955e-04
2 3 -1 -1 4.380191e+00 3.624091e-04
5 
-1 -1 1 2 9.262988e+00 7.664029e-04
-1 -1 0 2 2.654022e+00 2.195890e-04
0 1 3 4 1.690752e+01 1.398898e-03
2 4 -1 -1 1.485034e+01 1.228690e-03
2 3 -1 -1 8.633036e+00 7.142818e-04
5 
-1 -1 1 2 9.112910e+00 7.539857e-04
-1 -1 0 2 1.509314e+01 1.248779e-03
0 1 3 4 6.668092e+00 5.517059e-04
2 4 -1 -1 3.338813e+01 2.762473e-03
2 3 -1 -1 4.035704e+00 3.339068e-04
5 
-1 -1 1 2 1.526144e+01 1.262704e-03
-1 -1 0 2 1.567094e+01 1.296585e-03
0 1 3 4 1.162274e+01 9.616446e-04
2 4 -1 -1 1.414870e+01 1.170638e-03
2 3 -1 -1 3.748735e+00 3.101635e-04
5 
-1 -1 1 2 1.157271e+01 9.575053e-04
-1 -1 0 2 6.570109e+00 5.435989e-04
0 1 3 4 1.794755e+01 1.484948e-03
2 4 -1 -1 1.184697e+01 9.801972e-04
2 3 -1 -1 3.862846e+00 3.196049e-04
5 
-1 -1 1 2 2.527509e+01 2.091216e-03
-1 -1 0 2 1.130278e+01 9.351713e-04
0 1 3 4 9.134217e+00 7.557485e-04
2 4 -1 -1 8.312966e+00 6.877997e-04
2 3 -1 -1 9.923594e+00 8.210602e-04
5 
-1 -1 1 2 8.745930e+00 7.236224e-04
-1 -1 0 2 9.330459e+00 7.719852e-04
0 1 3 4 1.081228e+01 8.945883e-04
2 4 -1 -1 1.908288e+01 1.578883e-03
2 3 -1 -1 7.437717e+00 6.153833e-04
5 
-1 -1 1 2 3.623700e+00 2.998184e-04
-1 -1 0 2 8.513878e+00 7.044228e-04
0 1 3 4 2.079307e+01 1.720381e-03
2 4 -1 -1 9.823440e+00 8.127736e-04
2 3 -1 -1 8.632830e+00 7.142647e-04
5 
-1 -1 1 2 4.310383e+01 3.566333e-03
-1 -1 0 2 1.596575e+01 1.320977e-03
0 1 3 4 9.984353e+00 8.260873e-04
2 4 -1 -1 1.178360e+01 9.749537e-04
2 3 -1 -1 2.356618e+01 1.949823e-03
5 
-1 -1 1 2 1.866381e+01 1.544210e-03
-1 -1 0 2 1.321545e+01 1.093423e-03
0 1 3 4 2.306452e+01 1.908316e-03
2 4 -1 -1 3.258999e+01 2.696436e-03
2 3 -1 -1 2.506603e+01 2.073918e-03
5 
-1 -1 1 2 3.362863e+01 2.782372e-03
-1 -1 0 2 7.576012e+00 6.268255e-04
0 1 3 4 1.578734e+01 1.306216e-03
2 4 -1 -1 8.117542e+00 6.716307e-04
2 3 -1 -1 9.985807e+00 8.262076e-04
5 
-1 -1 1 2 7.720747e+00 6.388006e-04
-1 -1 0 2 6.050711e+00 5.006248e-04
0 1 3 4 1.130659e+01 9.354870e-04
2 4 -1 -1 2.927749e+01 2.422366e-03
2 3 -1 -1 1.128048e+01 9.333266e-04
5 
-1 -1 1 2 1.868631e+01 1.546071e-03
-1 -1 0 2 3.543773e+00 2.932054e-04
0 1 3 4 8.844440e+00 7.317730e-04
2 4 -1 -1 1.559586e+01 1.290373e-03
2 3 -1 -1 1.452885e+01 1.202091e-03
5 
-1 -1 1 2 2.090632e+00 1.729751e-04
-1 -1 0 2 5.921952e+00 4.899715e-04
0 1 3 4 2.536825e+01 2.098923e-03
2 4 -1 -1 1.895998e+01 1.568714e-03
2 3 -1 -1 5.044882e+00 4.174044e-04
5 
-1 -1 1 2 2.241297e+01 1.854409e-03
-1 -1 0 2 8.793282e+00 7.275402e-04
0 1 3 4 1.254734e+01 1.038145e-03
2 4 -1 -1 1.316212e+01 1.089010e-03
2 3 -1 -1 4.972188e+00 4.113899e-04
5 
-1 -1 1 2 1.954331e+01 1.616978e-03
-1 -1 0 2 3.011619e+01 2.491759e-03
0 1 3 4 7.842501e+00 6.488743e-04
2 4 -1 -1 2.475748e+01 2.048389e-03
2 3 -1 -1 1.712321e+01 1.416743e-03
5 
-1 -1 1 2 1.840239e+01 1.522581e-03
-1 -1 0 2 2.642974e+00 2.186749e-04
0 1 3 4 1.020114e+01 8.440242e-04
2 4 -1 -1 3.285433e+01 2.718308e-03
2 3 -1 -1 9.432875e+00 7.804590e-04
5 
-1 -1 1 2 2.643640e+00 2.187300e-04
-1 -1 0 2 1.729762e+00 1.431174e-04
0 1 3 4 1.632554e+01 1.350746e-03
2 4 -1 -1 1.453742e+01 1.202800e-03
2 3 -1 -1 9.024620e+00 7.466807e-04
5 
-1 -1 1 2 3.072711e+00 2.542305e-04
-1 -1 0 2 8.444736e+00 6.987021e-04
0 1 3 4 1.897332e+01 1.569818e-03
2 4 -1 -1 8.132036e+00 6.728299e-04
2 3 -1 -1 9.111054e+00 7.538321e-04
5 
-1 -1 1 2 9.595825e+00 7.939412e-04
-1 -1 0 2 1.798617e+01 1.488143e-03
0 1 3 4 1.763193e+01 1.458834e-03
2 4 -1 -1 8.615703e+00 7.128477e-04
2 3 -1 -1 2.577486e+01 2.132565e-03
5 
-1 -1 1 2 8.050546e+00 6.660876e-04
-1 -1 0 2 6.844138e+00 5.662716e-04
0 1 3 4 9.672578e+00 8.002916e-04
2 4 -1 -1 1.654137e+00 1.368603e-04
2 3 -1 -1 1.341858e+01 1.110229e-03
5 
-1 -1 1 2 9.634059e+00 7.971045e-04
-1 -1 0 2 7.165151e+00 5.928316e-04
0 1 3 4 1.113930e+01 9.216456e-04
2 4 -1 -1 6.796194e+00 5.623048e-04
2 3 -1 -1 8.884241e+00 7.350660e-04
5 
-1 -1 1 2 1.144547e+01 9.469776e-04
-1 -1 0 2 3.294716e+00 2.725988e-04
0 1 3 4 1.177043e+01 9.738640e-04
2 4 -1 -1 1.986127e+01 1.643285e-03
2 3 -1 -1 2.343971e+00 1.939359e-04
5 
-1 -1 1 2 3.728534e+01 3.084922e-03
-1 -1 0 2 1.154275e+01 9.550262e-04
0 1 3 4 1.175693e+01 9.727472e-04
2 4 -1 -1 1.566312e+01 1.295938e-03
2 3 -1 -1 7.812402e+00 6.463840e-04
5 
-1 -1 1 2 8.059310e+00 6.668127e-04
-1 -1 0 2 6.803717e+00 5.629272e-04
0 1 3 4 8.220266e+00 6.801299e-04
2 4 -1 -1 1.072499e+01 8.873662e-04
2 3 -1 -1 1.617685e+01 1.338443e-03
5 
-1 -1 1 2 1.313320e+01 1.086617e-03
-1 -1 0 2 1.076559e+01 8.907250e-04
0 1 3 4 1.250835e+01 1.034918e-03
2 4 -1 -1 8.308254e+00 6.874098e-04
2 3 -1 -1 1.535703e+01 1.270613e-03
5 
-1 -1 1 2 9.306259e+00 7.699830e-04
-1 -1 0 2 6.815895e+00 5.639348e-04
0 1 3 4 1.364906e+01 1.129298e-03
2 4 -1 -1 9.142386e+00 7.564244e-04
2 3 -1 -1 9.807327e+00 8.114404e-04
5 
-1 -1 1 2 1.341157e+01 1.109649e-03
-1 -1 0 2 7.404587e+00 6.126421e-04
0 1 3 4 7.770166e+00 6.428894e-04
2 4 -1 -1 7.389525e+00 6.113959e-04
2 3 -1 -1 9.962663e+00 8.242927e-04
5 
-1 -1 1 2 8.784165e+00 7.267859e-04
-1 -1 0 2 1.917638e+01 1.586619e-03
0 1 3 4 8.937626e+00 7.394830e-04
2 4 -1 -1 1.653078e+01 1.367727e-03
2 3 -1 -1 4.509906e+00 3.731415e-04
5 
-1 -1 1 2 1.540309e+01 1.274424e-03
-1 -1 0 2 2.084542e+01 1.724712e-03
0 1 3 4 2.629354e+01 2.175480e-03
2 4 -1 -1 2.698159e+01 2.232408e-03
2 3 -1 -1 3.104736e+01 2.568802e-03
5 
-1 -1 1 2 1.010432e+01 8.360134e-04
-1 -1 0 2 7.061968e+00 5.842945e-04
0 1 3 4 9.612133e+00 7.952905e-04
2 4 -1 -1 8.584036e+00 7.102275e-04
2 3 -1 -1 2.797029e+01 2.314211e-03
5 
-1 -1 1 2 2.887287e+00 2.388889e-04
-1 -1 0 2 1.434143e+01 1.186584e-03
0 1 3 4 1.620961e+01 1.341153e-03
2 4 -1 -1 4.109519e+01 3.400142e-03
2 3 -1 -1 8.788517e+00 7.271460e-04
5 
-1 -1 1 2 2.062233e+01 1.706254e-03
-1 -1 0 2 1.473412e+01 1.219074e-03
0 1 3 4 1.592321e+01 1.317458e-03
2 4 -1 -1 9.676308e+00 8.006002e-04
2 3 -1 -1 5.644493e+00 4.670152e-04
5 
-1 -1 1 2 1.331611e+01 1.101751e-03
-1 -1 0 2 5.232091e+00 4.328938e-04
0 1 3 4 2.769174e+01 2.291165e-03
2 4 -1 -1 4.130043e+00 3.417123e-04
2 3 -1 -1 8.382160e+00 6.935247e-04
5 
-1 -1 1 2 1.578927e+01 1.306375e-03
-1 -1 0 2 1.343576e+01 1.111650e-03
0 1 3 4 9.977763e+00 8.255420e-04
2 4 -1 -1 5.841594e+00 4.833229e-04
2 3 -1 -1 1.081681e+01 8.949631e-04
5 
-1 -1 1 2 5.505660e+00 4.555283e-04
-1 -1 0 2 7.898504e+00 6.535079e-04
0 1 3 4 1.036550e+01 8.576226e-04
2 4 -1 -1 2.261468e+01 1.871098e-03
2 3 -1 -1 3.026155e+00 2.503786e-04
5 
-1 -1 1 2 1.503989e+01 1.244373e-03
-1 -1 0 2 7.082763e+00 5.860150e-04
0 1 3 4 6.463118e+00 5.347467e-04
2 4 -1 -1 1.449838e+01 1.199570e-03
2 3 -1 -1 1.072729e+01 8.875562e-04
5 
-1 -1 1 2 1.169051e+01 9.672513e-04
-1 -1 0 2 5.919269e+00 4.897496e-04
0 1 3 4 1.395021e+01 1.154215e-03
2 4 -1 -1 8.958026e+00 7.411709e-04
2 3 -1 -1 2.134548e+01 1.766086e-03
5 
-1 -1 1 2 1.335204e+01 1.104724e-03
-1 -1 0 2 2.008085e+01 1.661453e-03
0 1 3 4 1.669666e+01 1.381452e-03
2 4 -1 -1 6.604400e+00 5.464361e-04
2 3 -1 -1 4.960136e+00 4.103926e-04
5 
-1 -1 1 2 1.912578e+01 1.582432e-03
-1 -1 0 2 4.658892e+00 3.854683e-04
0 1 3 4 1.551119e+01 1.283368e-03
2 4 -1 -1 3.497651e+00 2.893893e-04
2 3 -1 -1 4.416759e+00 3.654347e-04
5 
-1 -1 1 2 1.501686e+01 1.242468e-03
-1 -1 0 2 9.509682e+00 7.868139e-04
0 1 3 4 1.325375e+01 1.096591e-03
2 4 -1 -1 1.965549e+01 1.626260e-03
2 3 -1 -1 1.839347e+01 1.521843e-03
5 
-1 -1 1 2 6.218710e+00 5.145248e-04
-1 -1 0 2 1.042656e+01 8.626750e-04
0 1 3 4 9.480851e+00 7.844284e-04
2 4 -1 -1 3.509129e+01 2.903390e-03
2 3 -1 -1 1.732763e+01 1.433657e-03
5 
-1 -1 1 2 7.139526e+00 5.907114e-04
-1 -1 0 2 2.863158e+01 2.368925e-03
0 1 3 4 8.636238e+00 7.145467e-04
2 4 -1 -1 1.776840e+01 1.470125e-03
2 3 -1 -1 7.466547e+00 6.177685e-04
5 
-1 -1 1 2 2.024968e+01 1.675422e-03
-1 -1 0 2 1.061557e+01 8.783128e-04
0 1 3 4 1.219698e+01 1.009156e-03
2 4 -1 -1 1.445788e+01 1.196218e-03
2 3 -1 -1 2.636455e+01 2.181355e-03
5 
-1 -1 1 2 3.810786e+00 3.152975e-04
-1 -1 0 2 3.585452e+01 2.966538e-03
0 1 3 4 1.003476e+01 8.302576e-04
2 4 -1 -1 1.445855e+01 1.196275e-03
2 3 -1 -1 1.774649e+01 1.468313e-03
5 
-1 -1 1 2 1.029525e+01 8.518103e-04
-1 -1 0 2 9.728890e+00 8.049507e-04
0 1 3 4 1.856130e+01 1.535728e-03
2 4 -1 -1 1.123704e+01 9.297325e-04
2 3 -1 -1 9.355327e+00 7.740428e-04
5 
-1 -1 1 2 5.024641e+00 4.157297e-04
-1 -1 0 2 1.505982e+01 1.246022e-03
0 1 3 4 8.580447e+00 7.099307e-04
2 4 -1 -1 4.101748e+00 3.393712e-04
2 3 -1 -1 4.282549e+00 3.543303e-04
5 
-1 -1 1 2 3.161487e+01 2.615757e-03
-1 -1 0 2 5.775329e+00 4.778402e-04
0 1 3 4 3.327748e+00 2.753318e-04
2 4 -1 -1 2.953067e+00 2.443314e-04
2 3 -1 -1 1.225163e+01 1.013677e-03
5 
-1 -1 1 2 3.502988e+00 2.898309e-04
-1 -1 0 2 9.206610e+00 7.617382e-04
0 1 3 4 3.137290e+01 2.595737e-03
2 4 -1 -1 8.983062e+00 7.432423e-04
2 3 -1 -1 1.115899e+01 9.232744e-04
5 
-1 -1 1 2 8.148799e+00 6.742168e-04
-1 -1 0 2 6.652035e+00 5.503773e-04
0 1 3 4 1.696492e+01 1.403646e-03
2 4 -1 -1 8.188703e+00 6.775184e-04
2 3 -1 -1 5.007740e+00 4.143313e-04
5 
-1 -1 1 2 1.585175e+01 1.311545e-03
-1 -1 0 2 9.158563e+00 7.577629e-04
0 1 3 4 1.721340e+01 1.424206e-03
2 4 -1 -1 6.807103e+00 5.632073e-04
2 3 -1 -1 4.446653e+00 3.679080e-04
5 
-1 -1 1 2 1.750345e+01 1.448204e-03
-1 -1 0 2 1.320854e+01 1.092851e-03
0 1 3 4 5.594750e+00 4.628995e-04
2 4 -1 -1 9.059105e+00 7.495340e-04
2 3 -1 -1 2.585559e+01 2.139245e-03
5 
-1 -1 1 2 1.226196e+01 1.014533e-03
-1 -1 0 2 3.801975e+00 3.145685e-04
0 1 3 4 1.236266e+01 1.022864e-03
2 4 -1 -1 2.709939e+01 2.242155e-03
2 3 -1 -1 7.552228e+00 6.248576e-04
5 
-1 -1 1 2 1.192657e+01 9.867826e-04
-1 -1 0 2 1.597687e+01 1.321897e-03
0 1 3 4 1.631894e+01 1.350200e-03
2 4 -1 -1 7.816331e+00 6.467091e-04
2 3 -1 -1 6.548489e+00 5.418101e-04
5 
-1 -1 1 2 5.922136e+00 4.899868e-04
-1 -1 0 2 8.236979e+00 6.815127e-04
0 1 3 4 1.183446e+01 9.791618e-04
2 4 -1 -1 5.111628e+00 4.229268e-04
2 3 -1 -1 3.759569e+01 3.110599e-03
5 
-1 -1 1 2 5.132694e+00 4.246698e-04
-1 -1 0 2 1.710530e+01 1.415261e-03
0 1 3 4 1.561989e+01 1.292361e-03
2 4 -1 -1 9.931631e+00 8.217251e-04
2 3 -1 -1 4.746121e+00 3.926854e-04
5 
-1 -1 1 2 5.250878e+00 4.344482e-04
-1 -1 0 2 5.497558e+00 4.548580e-04
0 1 3 4 1.515079e+01 1.253549e-03
2 4 -1 -1 3.698205e+00 3.059828e-04
2 3 -1 -1 1.036596e+01 8.576606e-04
5 
-1 -1 1 2 1.597711e+01 1.321918e-03
-1 -1 0 2 4.921208e+00 4.071718e-04
0 1 3 4 1.198720e+01 9.917991e-04
2 4 -1 -1 1.706284e+01 1.411748e-03
2 3 -1 -1 5.971438e+00 4.940659e-04
5 
-1 -1 1 2 1.356848e+01 1.122632e-03
-1 -1 0 2 6.631843e+00 5.487066e-04
0 1 3 4 1.414547e+01 1.170371e-03
2 4 -1 -1 6.052383e+00 5.007632e-04
2 3 -1 -1 4.318696e+00 3.573211e-04
