H 
4.000000e+01 
200 
5 
-1 -1 1 2 2.700361e+00 6.620125e-04
-1 -1 0 2 6.729724e+00 1.649839e-03
0 1 3 4 7.430364e+00 1.821606e-03
2 4 -1 -1 2.500000e-05 6.128925e-09
2 3 -1 -1 3.840401e+00 9.415011e-04
5 
-1 -1 1 2 4.985924e+00 1.222334e-03
-1 -1 0 2 1.013446e+01 2.484533e-03
0 1 3 4 2.500000e-05 6.128925e-09
2 4 -1 -1 1.279855e+00 3.137654e-04
2 3 -1 -1 7.492844e+00 1.836923e-03
5 
-1 -1 1 2 4.424450e+00 1.084685e-03
-1 -1 0 2 2.500000e-05 6.128925e-09
0 1 3 4 8.210876e+00 2.012954e-03
2 4 -1 -1 2.500000e-05 6.128925e-09
2 3 -1 -1 7.010713e+00 1.718726e-03
5 
-1 -1 1 2 6.648700e+00 1.629976e-03
-1 -1 0 2 9.318675e+00 2.284538e-03
0 1 3 4 2.500000e-05 6.128925e-09
2 4 -1 -1 2.500000e-05 6.128925e-09
2 3 -1 -1 2.500000e-05 6.128925e-09
5 
-1 -1 1 2 8.110750e+00 1.988407e-03
-1 -1 0 2 4.680700e+00 1.147506e-03
0 1 3 4 6.013145e+00 1.474165e-03
2 4 -1 -1 7.047476e+00 1.727738e-03
2 3 -1 -1 8.531418e+00 2.091537e-03
5 
-1 -1 1 2 5.373895e+00 1.317448e-03
-1 -1 0 2 2.500000e-05 6.128925e-09
0 1 3 4 8.385339e+00 2.055725e-03
2 4 -1 -1 9.500215e+00 2.329044e-03
2 3 -1 -1 4.217038e+00 1.033837e-03
5 
-1 -1 1 2 4.938263e-01 1.210650e-04
-1 -1 0 2 7.341928e+00 1.799925e-03
0 1 3 4 2.500000e-05 6.128925e-09
2 4 -1 -1 4.469664e+00 1.095769e-03
2 3 -1 -1 4.083976e+00 1.001215e-03
5 
-1 -1 1 2 1.861761e-01 4.564238e-05
-1 -1 0 2 2.717431e+00 6.661973e-04
0 1 3 4 2.933080e+00 7.190652e-04
2 4 -1 -1 4.629896e+00 1.135052e-03
2 3 -1 -1 3.928051e+00 9.629893e-04
5 
-1 -1 1 2 2.500000e-05 6.128925e-09
-1 -1 0 2 8.831526e+00 2.165111e-03
0 1 3 4 5.713912e+00 1.400806e-03
2 4 -1 -1 2.500000e-05 6.128925e-09
2 3 -1 -1 1.162458e-01 2.849847e-05
5 
-1 -1 1 2 4.071698e+00 9.982054e-04
-1 -1 0 2 6.952332e+00 1.704413e-03
0 1 3 4 2.500000e-05 6.128925e-09
2 4 -1 -1 4.122696e+00 1.010708e-03
2 3 -1 -1 3.468479e+00 8.503221e-04
5 
-1 -1 1 2 2.500000e-05 6.128925e-09
-1 -1 0 2 1.098178e+01 2.692260e-03
0 1 3 4 2.075705e+00 5.088738e-04
2 4 -1 -1 5.488591e+00 1.345567e-03
2 3 -1 -1 6.079215e+00 1.490362e-03
5 
-1 -1 1 2 3.940988e+00 9.661608e-04
-1 -1 0 2 1.671366e+00 4.097471e-04
0 1 3 4 2.843449e+00 6.970914e-04
2 4 -1 -1 2.047899e-01 5.020569e-05
2 3 -1 -1 5.698610e+00 1.397054e-03
5 
-1 -1 1 2 3.470639e+00 8.508516e-04
-1 -1 0 2 5.123600e+00 1.256086e-03
0 1 3 4 6.298163e+00 1.544039e-03
2 4 -1 -1 3.981925e+00 9.761968e-04
2 3 -1 -1 9.134943e-01 2.239495e-04
5 
-1 -1 1 2 3.406751e+00 8.351889e-04
-1 -1 0 2 2.675005e+00 6.557962e-04
0 1 3 4 4.378655e+00 1.073458e-03
2 4 -1 -1 3.759422e-02 9.216487e-06
2 3 -1 -1 5.695871e+00 1.396383e-03
5 
-1 -1 1 2 7.784769e+00 1.908491e-03
-1 -1 0 2 6.296092e+00 1.543531e-03
0 1 3 4 3.274419e+00 8.027468e-04
2 4 -1 -1 3.950183e+00 9.684151e-04
2 3 -1 -1 6.218946e+00 1.524618e-03
5 
-1 -1 1 2 1.301599e+00 3.190961e-04
-1 -1 0 2 3.826354e+00 9.380575e-04
0 1 3 4 8.047363e-01 1.972868e-04
2 4 -1 -1 9.774123e+00 2.396195e-03
2 3 -1 -1 2.500000e-05 6.128925e-09
5 
-1 -1 1 2 8.012871e+00 1.964411e-03
-1 -1 0 2 3.626096e+00 8.889628e-04
0 1 3 4 2.500000e-05 6.128925e-09
2 4 -1 -1 2.500000e-05 6.128925e-09
2 3 -1 -1 4.266618e+00 1.045991e-03
5 
-1 -1 1 2 1.863777e+00 4.569181e-04
-1 -1 0 2 3.221203e+00 7.897005e-04
0 1 3 4 9.913189e+00 2.430288e-03
2 4 -1 -1 8.682388e+00 2.128548e-03
2 3 -1 -1 4.005268e+00 9.819195e-04
5 
-1 -1 1 2 4.134675e+00 1.013645e-03
-1 -1 0 2 1.906218e+00 4.673227e-04
0 1 3 4 2.500000e-05 6.128925e-09
2 4 -1 -1 5.929773e+00 1.453725e-03
2 3 -1 -1 5.934790e+00 1.454955e-03
5 
-1 -1 1 2 9.970912e+00 2.444439e-03
-1 -1 0 2 2.509705e+00 6.152717e-04
0 1 3 4 3.366941e+00 8.254293e-04
2 4 -1 -1 3.285026e+00 8.053472e-04
2 3 -1 -1 2.500000e-05 6.128925e-09
5 
-1 -1 1 2 5.318932e+00 1.303973e-03
-1 -1 0 2 3.229881e+00 7.918279e-04
0 1 3 4 1.986233e+00 4.869390e-04
2 4 -1 -1 4.676738e+00 1.146535e-03
2 3 -1 -1 2.500000e-05 6.128925e-09
5 
-1 -1 1 2 5.060007e+00 1.240496e-03
-1 -1 0 2 5.487699e+00 1.345348e-03
0 1 3 4 2.500000e-05 6.128925e-09
2 4 -1 -1 8.167534e+00 2.002328e-03
2 3 -1 -1 2.500000e-05 6.128925e-09
5 
-1 -1 1 2 1.845329e+00 4.523953e-04
-1 -1 0 2 6.241643e+00 1.530183e-03
0 1 3 4 3.781620e+00 9.270906e-04
2 4 -1 -1 7.371857e+00 1.807263e-03
2 3 -1 -1 9.339066e+00 2.289537e-03
5 
-1 -1 1 2 4.266253e+00 1.045902e-03
-1 -1 0 2 9.530014e+00 2.336350e-03
0 1 3 4 3.651333e+00 8.951499e-04
2 4 -1 -1 5.366015e+00 1.315516e-03
2 3 -1 -1 9.318948e+00 2.284606e-03
5 
-1 -1 1 2 2.500000e-05 6.128925e-09
-1 -1 0 2 9.102124e+00 2.231450e-03
0 1 3 4 1.015655e+01 2.489949e-03
2 4 -1 -1 2.500000e-05 6.128925e-09
2 3 -1 -1 4.513727e+00 1.106572e-03
5 
-1 -1 1 2 3.296161e+00 8.080770e-04
-1 -1 0 2 2.538733e+00 6.223882e-04
0 1 3 4 2.500000e-05 6.128925e-09
2 4 -1 -1 1.039259e+00 2.547817e-04
2 3 -1 -1 1.507623e+00 3.696044e-04
5 
-1 -1 1 2 2.500000e-05 6.128925e-09
-1 -1 0 2 4.387287e+00 1.075574e-03
0 1 3 4 2.500000e-05 6.128925e-09
2 4 -1 -1 7.366320e-01 1.805905e-04
2 3 -1 -1 9.311087e+00 2.282678e-03
5 
-1 -1 1 2 1.342361e+00 3.290893e-04
-1 -1 0 2 6.956481e+00 1.705430e-03
0 1 3 4 6.846916e+00 1.678569e-03
2 4 -1 -1 6.308910e+00 1.546674e-03
2 3 -1 -1 2.678403e+00 6.566293e-04
5 
-1 -1 1 2 4.125835e+00 1.011477e-03
-1 -1 0 2 6.444856e+00 1.580002e-03
0 1 3 4 1.904549e+00 4.669135e-04
2 4 -1 -1 5.967746e+00 1.463035e-03
2 3 -1 -1 1.379773e+01 3.382611e-03
5 
-1 -1 1 2 2.500000e-05 6.128925e-09
-1 -1 0 2 4.452829e+00 1.091642e-03
0 1 3 4 7.224902e+00 1.771235e-03
2 4 -1 -1 7.029051e+00 1.723221e-03
2 3 -1 -1 7.025873e+00 1.722442e-03
5 
-1 -1 1 2 2.635252e+00 6.460505e-04
-1 -1 0 2 6.971379e+00 1.709083e-03
0 1 3 4 1.073605e-01 2.632018e-05
2 4 -1 -1 9.042159e+00 2.216749e-03
2 3 -1 -1 2.049403e-01 5.024256e-05
5 
-1 -1 1 2 4.824838e+00 1.182843e-03
-1 -1 0 2 6.280588e+00 1.539730e-03
0 1 3 4 4.191789e+00 1.027646e-03
2 4 -1 -1 2.500000e-05 6.128925e-09
2 3 -1 -1 2.771992e+00 6.795732e-04
5 
-1 -1 1 2 4.661025e+00 1.142683e-03
-1 -1 0 2 1.609769e+00 3.946462e-04
0 1 3 4 2.500000e-05 6.128925e-09
2 4 -1 -1 1.310272e+00 3.212224e-04
2 3 -1 -1 3.484043e+00 8.541375e-04
5 
-1 -1 1 2 2.444362e+00 5.992525e-04
-1 -1 0 2 1.372770e+01 3.365443e-03
0 1 3 4 5.794641e-01 1.420597e-04
2 4 -1 -1 3.998300e+00 9.802114e-04
2 3 -1 -1 2.198388e+00 5.389503e-04
5 
-1 -1 1 2 2.139947e+00 5.246231e-04
-1 -1 0 2 2.500000e-05 6.128925e-09
0 1 3 4 4.980501e+00 1.221005e-03
2 4 -1 -1 1.777865e+00 4.358561e-04
2 3 -1 -1 5.060680e+00 1.240661e-03
5 
-1 -1 1 2 2.952572e+00 7.238438e-04
-1 -1 0 2 2.500000e-05 6.128925e-09
0 1 3 4 2.102749e+00 5.155037e-04
2 4 -1 -1 1.134257e+00 2.780710e-04
2 3 -1 -1 1.888140e+00 4.628908e-04
5 
-1 -1 1 2 2.500000e-05 6.128925e-09
-1 -1 0 2 1.824486e+00 4.472854e-04
0 1 3 4 8.149926e-01 1.998012e-04
2 4 -1 -1 8.230372e+00 2.017733e-03
2 3 -1 -1 3.546701e+00 8.694986e-04
5 
-1 -1 1 2 2.500000e-05 6.128925e-09
-1 -1 0 2 2.500000e-05 6.128925e-09
0 1 3 4 2.500000e-05 6.128925e-09
2 4 -1 -1 3.336801e+00 8.180403e-04
2 3 -1 -1 3.093940e+00 7.585012e-04
5 
-1 -1 1 2 8.504191e+00 2.084862e-03
-1 -1 0 2 5.931813e+00 1.454226e-03
0 1 3 4 1.009989e+01 2.476058e-03
2 4 -1 -1 5.437229e+00 1.332975e-03
2 3 -1 -1 3.869737e+00 9.486932e-04
5 
-1 -1 1 2 2.500000e-05 6.128925e-09
-1 -1 0 2 1.389156e+00 3.405615e-04
0 1 3 4 3.126005e+00 7.663622e-04
2 4 -1 -1 6.209629e+00 1.522334e-03
2 3 -1 -1 3.674531e+00 9.008371e-04
5 
-1 -1 1 2 5.560980e+00 1.363313e-03
-1 -1 0 2 5.996099e+00 1.469986e-03
0 1 3 4 3.615736e+00 8.864231e-04
2 4 -1 -1 8.176020e+00 2.004409e-03
2 3 -1 -1 9.425917e+00 2.310830e-03
5 
-1 -1 1 2 2.846329e+00 6.977976e-04
-1 -1 0 2 2.500000e-05 6.128925e-09
0 1 3 4 9.161106e+00 2.245909e-03
2 4 -1 -1 2.500000e-05 6.128925e-09
2 3 -1 -1 3.953169e+00 9.691472e-04
5 
-1 -1 1 2 2.500000e-05 6.128925e-09
-1 -1 0 2 2.500000e-05 6.128925e-09
0 1 3 4 5.744742e+00 1.408364e-03
2 4 -1 -1 8.528999e+00 2.090944e-03
2 3 -1 -1 2.171279e+00 5.323042e-04
5 
-1 -1 1 2 7.704669e+00 1.888854e-03
-1 -1 0 2 6.638614e+00 1.627503e-03
0 1 3 4 1.860484e+00 4.561106e-04
2 4 -1 -1 8.087212e+00 1.982637e-03
2 3 -1 -1 2.500000e-05 6.128925e-09
5 
-1 -1 1 2 3.165408e+00 7.760220e-04
-1 -1 0 2 9.234340e+00 2.263863e-03
0 1 3 4 1.081258e+01 2.650780e-03
2 4 -1 -1 6.899199e+00 1.691387e-03
2 3 -1 -1 5.272435e-01 1.292574e-04
5 
-1 -1 1 2 1.598590e+00 3.919056e-04
-1 -1 0 2 1.015595e+01 2.489803e-03
0 1 3 4 3.715207e+00 9.108090e-04
2 4 -1 -1 2.139537e+00 5.245225e-04
2 3 -1 -1 7.746813e+00 1.899185e-03
5 
-1 -1 1 2 2.500000e-05 6.128925e-09
-1 -1 0 2 1.370404e+01 3.359641e-03
0 1 3 4 3.960559e+00 9.709587e-04
2 4 -1 -1 2.500000e-05 6.128925e-09
2 3 -1 -1 5.603085e+00 1.373636e-03
5 
-1 -1 1 2 2.500000e-05 6.128925e-09
-1 -1 0 2 4.190028e+00 1.027215e-03
0 1 3 4 2.500000e-05 6.128925e-09
2 4 -1 -1 6.145828e+00 1.506693e-03
2 3 -1 -1 4.002579e+00 9.812603e-04
5 
-1 -1 1 2 1.866771e+00 4.576519e-04
-1 -1 0 2 3.643430e+00 8.932124e-04
0 1 3 4 1.073511e+01 2.631787e-03
2 4 -1 -1 2.500000e-05 6.128925e-09
2 3 -1 -1 6.040118e+00 1.480777e-03
5 
-1 -1 1 2 1.567811e+00 3.843598e-04
-1 -1 0 2 3.718268e+00 9.115596e-04
0 1 3 4 2.185142e+00 5.357029e-04
2 4 -1 -1 2.500000e-05 6.128925e-09
2 3 -1 -1 2.500000e-05 6.128925e-09
5 
-1 -1 1 2 2.500000e-05 6.128925e-09
-1 -1 0 2 1.015685e+01 2.490023e-03
0 1 3 4 2.037279e+00 4.994533e-04
2 4 -1 -1 2.360007e+00 5.785724e-04
2 3 -1 -1 6.524332e+00 1.599486e-03
5 
-1 -1 1 2 4.514909e+00 1.106862e-03
-1 -1 0 2 7.690583e+00 1.885400e-03
0 1 3 4 3.646721e+00 8.940193e-04
2 4 -1 -1 1.638744e+00 4.017497e-04
2 3 -1 -1 2.028705e+00 4.973513e-04
5 
-1 -1 1 2 1.209303e+00 2.964690e-04
-1 -1 0 2 1.042210e+01 2.555050e-03
0 1 3 4 5.092132e+00 1.248372e-03
2 4 -1 -1 2.500000e-05 6.128925e-09
2 3 -1 -1 9.036237e+00 2.215297e-03
5 
-1 -1 1 2 9.539979e+00 2.338793e-03
-1 -1 0 2 3.577374e+00 8.770183e-04
0 1 3 4 5.510499e+00 1.350937e-03
2 4 -1 -1 2.814316e+00 6.899493e-04
2 3 -1 -1 2.500000e-05 6.128925e-09
5 
-1 -1 1 2 1.665032e+00 4.081942e-04
-1 -1 0 2 2.500000e-05 6.128925e-09
0 1 3 4 2.500000e-05 6.128925e-09
2 4 -1 -1 2.500000e-05 6.128925e-09
2 3 -1 -1 6.204300e+00 1.521028e-03
5 
-1 -1 1 2 5.708202e+00 1.399406e-03
-1 -1 0 2 3.134951e+00 7.685553e-04
0 1 3 4 2.500000e-05 6.128925e-09
2 4 -1 -1 2.500000e-05 6.128925e-09
2 3 -1 -1 8.921515e+00 2.187172e-03
5 
-1 -1 1 2 1.072320e+01 2.628867e-03
-1 -1 0 2 4.525554e-01 1.109471e-04
0 1 3 4 9.870967e-01 2.419937e-04
2 4 -1 -1 2.762035e+00 6.771323e-04
2 3 -1 -1 1.575161e+00 3.861618e-04
5 
-1 -1 1 2 3.084029e+00 7.560714e-04
-1 -1 0 2 5.291595e+00 1.297272e-03
0 1 3 4 2.858105e+00 7.006845e-04
2 4 -1 -1 2.500000e-05 6.128925e-09
2 3 -1 -1 8.868575e+00 2.174193e-03
5 
-1 -1 1 2 1.246408e+00 3.055658e-04
-1 -1 0 2 5.231061e+00 1.282431e-03
0 1 3 4 7.908611e+00 1.938852e-03
2 4 -1 -1 2.014629e+00 4.939004e-04
2 3 -1 -1 2.500000e-05 6.128925e-09
5 
-1 -1 1 2 5.383221e-01 1.319734e-04
-1 -1 0 2 1.158497e+01 2.840137e-03
0 1 3 4 2.957862e+00 7.251406e-04
2 4 -1 -1 2.328873e+00 5.709395e-04
2 3 -1 -1 3.960849e+00 9.710300e-04
5 
-1 -1 1 2 1.757250e+00 4.308022e-04
-1 -1 0 2 6.957713e+00 1.705732e-03
0 1 3 4 4.540729e+00 1.113192e-03
2 4 -1 -1 4.113023e+00 1.008336e-03
2 3 -1 -1 7.056628e+00 1.729982e-03
5 
-1 -1 1 2 7.735972e+00 1.896528e-03
-1 -1 0 2 5.416569e+00 1.327910e-03
0 1 3 4 2.500000e-05 6.128925e-09
2 4 -1 -1 8.794568e+00 2.156050e-03
2 3 -1 -1 5.370938e+00 1.316723e-03
5 
-1 -1 1 2 3.731622e+00 9.148333e-04
-1 -1 0 2 8.892352e+00 2.180022e-03
0 1 3 4 2.500000e-05 6.128925e-09
2 4 -1 -1 6.792920e+00 1.665332e-03
2 3 -1 -1 5.355723e+00 1.312993e-03
5 
-1 -1 1 2 1.191832e+01 2.921859e-03
-1 -1 0 2 6.686182e+00 1.639164e-03
0 1 3 4 7.485666e-02 1.835163e-05
2 4 -1 -1 9.151456e+00 2.243544e-03
2 3 -1 -1 1.492906e+00 3.659964e-04
5 
-1 -1 1 2 3.909277e+00 9.583868e-04
-1 -1 0 2 3.644295e+00 8.934245e-04
0 1 3 4 1.323127e+00 3.243738e-04
2 4 -1 -1 1.011017e+01 2.478579e-03
2 3 -1 -1 2.235323e+00 5.480052e-04
5 
-1 -1 1 2 1.002741e+01 2.458290e-03
-1 -1 0 2 1.015879e+01 2.490499e-03
0 1 3 4 5.897409e+00 1.445791e-03
2 4 -1 -1 2.500000e-05 6.128925e-09
2 3 -1 -1 3.082945e-01 7.558057e-05
5 
-1 -1 1 2 8.895618e-01 2.180823e-04
-1 -1 0 2 2.500000e-05 6.128925e-09
0 1 3 4 2.616702e+00 6.415028e-04
2 4 -1 -1 2.500000e-05 6.128925e-09
2 3 -1 -1 4.218377e+00 1.034165e-03
5 
-1 -1 1 2 7.600534e+00 1.863324e-03
-1 -1 0 2 2.500000e-05 6.128925e-09
0 1 3 4 2.500000e-05 6.128925e-09
2 4 -1 -1 6.914793e+00 1.695210e-03
2 3 -1 -1 4.231197e+00 1.037308e-03
5 
-1 -1 1 2 2.185974e+00 5.359069e-04
-1 -1 0 2 6.865932e+00 1.683231e-03
0 1 3 4 2.500000e-05 6.128925e-09
2 4 -1 -1 2.505952e+00 6.143516e-04
2 3 -1 -1 4.528289e+00 1.110142e-03
5 
-1 -1 1 2 6.276004e+00 1.538606e-03
-1 -1 0 2 2.500000e-05 6.128925e-09
0 1 3 4 2.663741e-01 6.530349e-05
2 4 -1 -1 3.396021e+00 8.325583e-04
2 3 -1 -1 2.498053e+00 6.124153e-04
5 
-1 -1 1 2 5.698266e+00 1.396970e-03
-1 -1 0 2 4.422626e+00 1.084238e-03
0 1 3 4 2.500000e-05 6.128925e-09
2 4 -1 -1 6.199402e+00 1.519827e-03
2 3 -1 -1 1.598628e+00 3.919148e-04
5 
-1 -1 1 2 1.242192e+01 3.045320e-03
-1 -1 0 2 4.320018e+00 1.059083e-03
0 1 3 4 4.780418e+00 1.171953e-03
2 4 -1 -1 2.500000e-05 6.128925e-09
2 3 -1 -1 2.459084e+00 6.028617e-04
5 
-1 -1 1 2 2.954206e+00 7.242442e-04
-1 -1 0 2 6.430753e-01 1.576544e-04
0 1 3 4 3.464852e+00 8.494328e-04
2 4 -1 -1 7.381928e+00 1.809731e-03
2 3 -1 -1 2.053198e+00 5.033559e-04
5 
-1 -1 1 2 5.563485e+00 1.363927e-03
-1 -1 0 2 2.341142e+00 5.739474e-04
0 1 3 4 8.831143e+00 2.165017e-03
2 4 -1 -1 3.768463e+00 9.238652e-04
2 3 -1 -1 2.664282e+00 6.531675e-04
5 
-1 -1 1 2 2.026291e+00 4.967595e-04
-1 -1 0 2 1.630354e+00 3.996927e-04
0 1 3 4 1.153990e+00 2.829087e-04
2 4 -1 -1 7.803653e-01 1.913120e-04
2 3 -1 -1 6.492263e+00 1.591624e-03
5 
-1 -1 1 2 6.454275e+00 1.582311e-03
-1 -1 0 2 4.532516e+00 1.111178e-03
0 1 3 4 8.247109e+00 2.021837e-03
2 4 -1 -1 4.781158e+00 1.172134e-03
2 3 -1 -1 8.769668e+00 2.149946e-03
5 
-1 -1 1 2 4.512031e+00 1.106156e-03
-1 -1 0 2 2.500000e-05 6.128925e-09
0 1 3 4 7.598960e+00 1.862938e-03
2 4 -1 -1 3.864496e+00 9.474083e-04
2 3 -1 -1 7.902463e+00 1.937344e-03
5 
-1 -1 1 2 5.358887e+00 1.313769e-03
-1 -1 0 2 7.266798e+00 1.781507e-03
0 1 3 4 9.182088e+00 2.251053e-03
2 4 -1 -1 2.575013e+00 6.312826e-04
2 3 -1 -1 4.170550e+00 1.022440e-03
5 
-1 -1 1 2 2.500000e-05 6.128925e-09
-1 -1 0 2 1.924423e+00 4.717857e-04
0 1 3 4 7.954502e+00 1.950102e-03
2 4 -1 -1 1.035441e+00 2.538456e-04
2 3 -1 -1 5.250874e+00 1.287289e-03
5 
-1 -1 1 2 1.824795e+00 4.473613e-04
-1 -1 0 2 2.500000e-05 6.128925e-09
0 1 3 4 1.191580e+01 2.921241e-03
2 4 -1 -1 2.500000e-05 6.128925e-09
2 3 -1 -1 5.120377e+00 1.255296e-03
5 
-1 -1 1 2 9.086527e-01 2.227626e-04
-1 -1 0 2 9.300670e+00 2.280124e-03
0 1 3 4 6.122573e+00 1.500992e-03
2 4 -1 -1 1.249951e+01 3.064343e-03
2 3 -1 -1 2.500000e-05 6.128925e-09
5 
-1 -1 1 2 3.845314e+00 9.427057e-04
-1 -1 0 2 2.500000e-05 6.128925e-09
0 1 3 4 6.845581e+00 1.678242e-03
2 4 -1 -1 4.265335e+00 1.045677e-03
2 3 -1 -1 2.124002e-01 5.207140e-05
5 
-1 -1 1 2 1.735550e+00 4.254823e-04
-1 -1 0 2 2.500000e-05 6.128925e-09
0 1 3 4 2.500000e-05 6.128925e-09
2 4 -1 -1 2.500000e-05 6.128925e-09
2 3 -1 -1 4.195152e+00 1.028471e-03
5 
-1 -1 1 2 1.167801e+01 2.862945e-03
-1 -1 0 2 5.254635e+00 1.288211e-03
0 1 3 4 4.167618e-01 1.021721e-04
2 4 -1 -1 5.016398e+00 1.229805e-03
2 3 -1 -1 2.521685e+00 6.182087e-04
5 
-1 -1 1 2 6.567170e+00 1.609988e-03
-1 -1 0 2 5.647711e+00 1.384576e-03
0 1 3 4 2.500000e-05 6.128925e-09
2 4 -1 -1 2.500000e-05 6.128925e-09
2 3 -1 -1 1.940446e+00 4.757140e-04
5 
-1 -1 1 2 1.470807e+00 3.605787e-04
-1 -1 0 2 2.483405e+00 6.088241e-04
0 1 3 4 2.500000e-05 6.128925e-09
2 4 -1 -1 1.709577e+00 4.191148e-04
2 3 -1 -1 2.989670e+00 7.329385e-04
5 
-1 -1 1 2 1.029776e+01 2.524569e-03
-1 -1 0 2 2.434867e+00 5.969246e-04
0 1 3 4 8.323967e+00 2.040679e-03
2 4 -1 -1 2.536486e-01 6.218373e-05
2 3 -1 -1 2.500000e-05 6.128925e-09
5 
-1 -1 1 2 2.500000e-05 6.128925e-09
-1 -1 0 2 5.456580e+00 1.337719e-03
0 1 3 4 5.359022e+00 1.313802e-03
2 4 -1 -1 2.515590e+00 6.167145e-04
2 3 -1 -1 6.452617e+00 1.581904e-03
5 
-1 -1 1 2 2.743395e-01 6.725625e-05
-1 -1 0 2 4.946336e+00 1.212629e-03
0 1 3 4 2.500000e-05 6.128925e-09
2 4 -1 -1 8.033744e+00 1.969529e-03
2 3 -1 -1 2.284899e-01 5.601590e-05
5 
-1 -1 1 2 6.981717e-01 1.711617e-04
-1 -1 0 2 4.327147e+00 1.060830e-03
0 1 3 4 1.141177e+01 2.797677e-03
2 4 -1 -1 3.693231e+00 9.054216e-04
2 3 -1 -1 6.074276e+00 1.489151e-03
5 
-1 -1 1 2 1.583585e+01 3.882269e-03
-1 -1 0 2 2.750956e+00 6.744161e-04
0 1 3 4 1.329487e+00 3.259330e-04
2 4 -1 -1 2.500000e-05 6.128925e-09
2 3 -1 -1 2.500000e-05 6.128925e-09
5 
-1 -1 1 2 2.500000e-05 6.128925e-09
-1 -1 0 2 3.260758e+00 7.993978e-04
0 1 3 4 1.916499e+00 4.698432e-04
2 4 -1 -1 6.316062e-01 1.548427e-04
2 3 -1 -1 8.850214e+00 2.169692e-03
5 
-1 -1 1 2 2.500000e-05 6.128925e-09
-1 -1 0 2 2.500000e-05 6.128925e-09
0 1 3 4 2.500000e-05 6.128925e-09
2 4 -1 -1 2.500000e-05 6.128925e-09
2 3 -1 -1 2.500000e-05 6.128925e-09
5 
-1 -1 1 2 8.612509e+00 2.111417e-03
-1 -1 0 2 4.579541e+00 1.122707e-03
0 1 3 4 9.045147e+00 2.217481e-03
2 4 -1 -1 4.700894e+00 1.152457e-03
2 3 -1 -1 4.065751e+00 9.967474e-04
5 
-1 -1 1 2 4.646310e+00 1.139075e-03
-1 -1 0 2 3.883226e+00 9.520001e-04
0 1 3 4 1.883142e+00 4.616655e-04
2 4 -1 -1 2.500000e-05 6.128925e-09
2 3 -1 -1 2.500000e-05 6.128925e-09
5 
-1 -1 1 2 3.725744e+00 9.133923e-04
-1 -1 0 2 1.381169e+01 3.386033e-03
0 1 3 4 5.253354e+00 1.287897e-03
2 4 -1 -1 1.040198e+01 2.550118e-03
2 3 -1 -1 4.362305e+00 1.069450e-03
5 
-1 -1 1 2 9.428066e+00 2.311357e-03
-1 -1 0 2 4.271645e+00 1.047224e-03
0 1 3 4 6.558197e+00 1.607788e-03
2 4 -1 -1 2.500000e-05 6.128925e-09
2 3 -1 -1 8.863065e+00 2.172843e-03
5 
-1 -1 1 2 9.830556e+00 2.410030e-03
-1 -1 0 2 2.500000e-05 6.128925e-09
0 1 3 4 6.891913e+00 1.689601e-03
2 4 -1 -1 2.628475e-01 6.443890e-05
2 3 -1 -1 9.124213e+00 2.236865e-03
5 
-1 -1 1 2 3.807025e+00 9.333188e-04
-1 -1 0 2 2.890055e+00 7.085173e-04
0 1 3 4 1.975378e+00 4.842778e-04
2 4 -1 -1 2.500000e-05 6.128925e-09
2 3 -1 -1 4.228489e+00 1.036644e-03
5 
-1 -1 1 2 6.639375e+00 1.627689e-03
-1 -1 0 2 6.157865e+00 1.509644e-03
0 1 3 4 2.991026e+00 7.332711e-04
2 4 -1 -1 2.500000e-05 6.128925e-09
2 3 -1 -1 6.280852e+00 1.539795e-03
5 
-1 -1 1 2 5.883002e+00 1.442259e-03
-1 -1 0 2 3.491564e+00 8.559814e-04
0 1 3 4 7.731817e+00 1.895509e-03
2 4 -1 -1 2.500000e-05 6.128925e-09
2 3 -1 -1 9.114175e-01 2.234404e-04
5 
-1 -1 1 2 9.036789e+00 2.215432e-03
-1 -1 0 2 2.500000e-05 6.128925e-09
0 1 3 4 2.500000e-05 6.128925e-09
2 4 -1 -1 3.006060e+00 7.369566e-04
2 3 -1 -1 6.544687e+00 1.604476e-03
5 
-1 -1 1 2 5.770730e+00 1.414735e-03
-1 -1 0 2 4.131319e+00 1.012822e-03
0 1 3 4 9.976397e+00 2.445784e-03
2 4 -1 -1 4.460034e+00 1.093409e-03
2 3 -1 -1 8.613023e+00 2.111543e-03
5 
-1 -1 1 2 3.450948e+00 8.460241e-04
-1 -1 0 2 8.107142e+00 1.987523e-03
0 1 3 4 2.500000e-05 6.128925e-09
2 4 -1 -1 8.941299e+00 2.192022e-03
2 3 -1 -1 9.612918e-01 2.356674e-04
5 
-1 -1 1 2 1.633638e+01 4.004978e-03
-1 -1 0 2 9.670937e-01 2.370898e-04
0 1 3 4 2.142583e+00 5.252693e-04
2 4 -1 -1 3.477655e+00 8.525714e-04
2 3 -1 -1 9.816042e-01 2.406472e-04
5 
-1 -1 1 2 4.898186e+00 1.200825e-03
-1 -1 0 2 2.500000e-05 6.128925e-09
0 1 3 4 2.500000e-05 6.128925e-09
2 4 -1 -1 2.500000e-05 6.128925e-09
2 3 -1 -1 5.306072e+00 1.300821e-03
5 
-1 -1 1 2 2.500000e-05 6.128925e-09
-1 -1 0 2 9.602139e+00 2.354032e-03
0 1 3 4 1.004547e+01 2.462718e-03
2 4 -1 -1 2.500000e-05 6.128925e-09
2 3 -1 -1 6.138957e+00 1.505008e-03
5 
-1 -1 1 2 2.500000e-05 6.128925e-09
-1 -1 0 2 5.241605e+00 1.285016e-03
0 1 3 4 2.500000e-05 6.128925e-09
2 4 -1 -1 2.568281e+00 6.296321e-04
2 3 -1 -1 5.257604e+00 1.288939e-03
5 
-1 -1 1 2 2.500000e-05 6.128925e-09
-1 -1 0 2 1.618480e+00 3.967817e-04
0 1 3 4 5.643525e+00 1.383550e-03
2 4 -1 -1 1.011572e+01 2.479939e-03
2 3 -1 -1 4.649127e+00 1.139766e-03
5 
-1 -1 1 2 2.500000e-05 6.128925e-09
-1 -1 0 2 2.500000e-05 6.128925e-09
0 1 3 4 2.081583e+00 5.103146e-04
2 4 -1 -1 2.500000e-05 6.128925e-09
2 3 -1 -1 3.106015e+00 7.614613e-04
5 
-1 -1 1 2 3.805894e+00 9.330417e-04
-1 -1 0 2 2.500000e-05 6.128925e-09
0 1 3 4 5.438831e+00 1.333367e-03
2 4 -1 -1 5.004918e+00 1.226991e-03
2 3 -1 -1 1.934665e-01 4.742967e-05
5 
-1 -1 1 2 7.730506e+00 1.895188e-03
-1 -1 0 2 2.500000e-05 6.128925e-09
0 1 3 4 6.317765e+00 1.548844e-03
2 4 -1 -1 2.500000e-05 6.128925e-09
2 3 -1 -1 8.180582e+00 2.005527e-03
5 
-1 -1 1 2 1.977049e+00 4.846875e-04
-1 -1 0 2 1.566451e+00 3.840264e-04
0 1 3 4 3.744064e+00 9.178834e-04
2 4 -1 -1 5.300623e+00 1.299485e-03
2 3 -1 -1 9.352548e+00 2.292843e-03
5 
-1 -1 1 2 2.500000e-05 6.128925e-09
-1 -1 0 2 8.056176e+00 1.975028e-03
0 1 3 4 2.500000e-05 6.128925e-09
2 4 -1 -1 7.720282e+00 1.892681e-03
2 3 -1 -1 2.966463e+00 7.272493e-04
5 
-1 -1 1 2 2.500000e-05 6.128925e-09
-1 -1 0 2 4.234696e+00 1.038165e-03
0 1 3 4 4.058906e+00 9.950693e-04
2 4 -1 -1 5.693681e+00 1.395846e-03
2 3 -1 -1 2.500000e-05 6.128925e-09
5 
-1 -1 1 2 3.049371e+00 7.475746e-04
-1 -1 0 2 4.764302e-01 1.168002e-04
0 1 3 4 5.497890e+00 1.347846e-03
2 4 -1 -1 3.344255e+00 8.198675e-04
2 3 -1 -1 9.377542e+00 2.298970e-03
5 
-1 -1 1 2 5.800958e+00 1.422146e-03
-1 -1 0 2 2.443429e+00 5.990237e-04
0 1 3 4 5.511550e+00 1.351195e-03
2 4 -1 -1 9.578920e+00 2.348339e-03
2 3 -1 -1 2.067548e+00 5.068738e-04
5 
-1 -1 1 2 2.412244e+00 5.913785e-04
-1 -1 0 2 1.459367e+01 3.577740e-03
0 1 3 4 1.461257e+00 3.582374e-04
2 4 -1 -1 4.828567e+00 1.183757e-03
2 3 -1 -1 3.758618e+00 9.214516e-04
5 
-1 -1 1 2 6.599789e+00 1.617985e-03
-1 -1 0 2 4.993580e+00 1.224211e-03
0 1 3 4 2.519033e-01 6.175587e-05
2 4 -1 -1 1.297936e+00 3.181982e-04
2 3 -1 -1 6.064153e+00 1.486670e-03
5 
-1 -1 1 2 3.579376e+00 8.775091e-04
-1 -1 0 2 5.609173e+00 1.375128e-03
0 1 3 4 4.254648e+00 1.043057e-03
2 4 -1 -1 2.500000e-05 6.128925e-09
2 3 -1 -1 6.219284e+00 1.524701e-03
5 
-1 -1 1 2 1.508640e+01 3.698537e-03
-1 -1 0 2 1.596588e+01 3.914147e-03
0 1 3 4 3.845092e+00 9.426512e-04
2 4 -1 -1 1.406778e+01 3.448814e-03
2 3 -1 -1 5.243550e+00 1.285493e-03
5 
-1 -1 1 2 4.110162e+00 1.007635e-03
-1 -1 0 2 2.500000e-05 6.128925e-09
0 1 3 4 1.232483e+00 3.021518e-04
2 4 -1 -1 2.500000e-05 6.128925e-09
2 3 -1 -1 5.785287e+00 1.418304e-03
5 
-1 -1 1 2 2.500000e-05 6.128925e-09
-1 -1 0 2 6.467006e+00 1.585432e-03
0 1 3 4 2.572109e+00 6.305705e-04
2 4 -1 -1 7.320437e+00 1.794657e-03
2 3 -1 -1 3.777056e+00 9.259718e-04
5 
-1 -1 1 2 2.341768e+00 5.741009e-04
-1 -1 0 2 8.674777e+00 2.126682e-03
0 1 3 4 4.209219e+00 1.031919e-03
2 4 -1 -1 2.090470e+00 5.124934e-04
2 3 -1 -1 2.500000e-05 6.128925e-09
5 
-1 -1 1 2 2.627916e+00 6.442521e-04
-1 -1 0 2 8.887289e+00 2.178781e-03
0 1 3 4 2.500000e-05 6.128925e-09
2 4 -1 -1 3.565133e+00 8.740172e-04
2 3 -1 -1 3.393665e+00 8.319807e-04
5 
-1 -1 1 2 6.450980e+00 1.581503e-03
-1 -1 0 2 6.133038e+00 1.503557e-03
0 1 3 4 2.500000e-05 6.128925e-09
2 4 -1 -1 2.199956e+00 5.393347e-04
2 3 -1 -1 2.500000e-05 6.128925e-09
5 
-1 -1 1 2 2.500000e-05 6.128925e-09
-1 -1 0 2 1.164156e+01 2.854009e-03
0 1 3 4 8.060682e+00 1.976133e-03
2 4 -1 -1 4.840960e+00 1.186795e-03
2 3 -1 -1 3.501429e+00 8.583998e-04
5 
-1 -1 1 2 2.994945e+00 7.342317e-04
-1 -1 0 2 6.468729e+00 1.585854e-03
0 1 3 4 5.667880e+00 1.389521e-03
2 4 -1 -1 3.138247e+00 7.693632e-04
2 3 -1 -1 1.611566e+01 3.950867e-03
5 
-1 -1 1 2 4.802201e+00 1.177293e-03
-1 -1 0 2 3.129017e+00 7.671005e-04
0 1 3 4 7.570709e+00 1.856012e-03
2 4 -1 -1 4.189270e-01 1.027029e-04
2 3 -1 -1 6.889258e+00 1.688950e-03
5 
-1 -1 1 2 2.500000e-05 6.128925e-09
-1 -1 0 2 2.591785e+00 6.353943e-04
0 1 3 4 1.811479e+00 4.440967e-04
2 4 -1 -1 2.500000e-05 6.128925e-09
2 3 -1 -1 5.347962e-01 1.311091e-04
5 
-1 -1 1 2 8.541503e+00 2.094009e-03
-1 -1 0 2 2.500000e-05 6.128925e-09
0 1 3 4 1.957696e+00 4.799430e-04
2 4 -1 -1 3.875087e+00 9.500047e-04
2 3 -1 -1 2.460602e+00 6.032339e-04
5 
-1 -1 1 2 2.500000e-05 6.128925e-09
-1 -1 0 2 8.481536e+00 2.079308e-03
0 1 3 4 5.947381e+00 1.458042e-03
2 4 -1 -1 2.500000e-05 6.128925e-09
2 3 -1 -1 3.513414e+00 8.613382e-04
5 
-1 -1 1 2 9.975993e+00 2.445685e-03
-1 -1 0 2 2.500000e-05 6.128925e-09
0 1 3 4 2.500000e-05 6.128925e-09
2 4 -1 -1 6.896946e+00 1.690835e-03
2 3 -1 -1 1.310560e-01 3.212930e-05
5 
-1 -1 1 2 2.500000e-05 6.128925e-09
-1 -1 0 2 3.392806e+00 8.317701e-04
0 1 3 4 2.500000e-05 6.128925e-09
2 4 -1 -1 7.605581e+00 1.864562e-03
2 3 -1 -1 6.039432e+00 1.480609e-03
5 
-1 -1 1 2 5.628034e+00 1.379752e-03
-1 -1 0 2 2.500000e-05 6.128925e-09
0 1 3 4 7.916816e+00 1.940863e-03
2 4 -1 -1 8.591782e-01 2.106336e-04
2 3 -1 -1 4.774385e+00 1.170474e-03
5 
-1 -1 1 2 3.619294e+00 8.872952e-04
-1 -1 0 2 2.500000e-05 6.128925e-09
0 1 3 4 4.302634e+00 1.054821e-03
2 4 -1 -1 5.977307e+00 1.465379e-03
2 3 -1 -1 5.987477e+00 1.467872e-03
5 
-1 -1 1 2 9.425193e+00 2.310652e-03
-1 -1 0 2 2.500000e-05 6.128925e-09
0 1 3 4 3.419773e+00 8.383814e-04
2 4 -1 -1 9.868883e+00 2.419426e-03
2 3 -1 -1 2.500000e-05 6.128925e-09
5 
-1 -1 1 2 3.676372e+00 9.012883e-04
-1 -1 0 2 5.729839e+00 1.404710e-03
0 1 3 4 2.500000e-05 6.128925e-09
2 4 -1 -1 3.546156e+00 8.693651e-04
2 3 -1 -1 8.346045e+00 2.046092e-03
5 
-1 -1 1 2 2.500000e-05 6.128925e-09
-1 -1 0 2 4.807355e+00 1.178557e-03
0 1 3 4 4.628673e+00 1.134752e-03
2 4 -1 -1 1.042030e+01 2.554610e-03
2 3 -1 -1 7.070137e+00 1.733294e-03
5 
-1 -1 1 2 2.500000e-05 6.128925e-09
-1 -1 0 2 7.942045e-01 1.947048e-04
0 1 3 4 2.784869e+00 6.827301e-04
2 4 -1 -1 8.562818e-01 2.099235e-04
2 3 -1 -1 2.751534e+00 6.745578e-04
5 
-1 -1 1 2 2.512695e+00 6.160049e-04
-1 -1 0 2 2.500000e-05 6.128925e-09
0 1 3 4 9.059419e-03 2.220980e-06
2 4 -1 -1 1.010404e+00 2.477075e-04
2 3 -1 -1 5.961626e+00 1.461534e-03
5 
-1 -1 1 2 2.037415e+00 4.994866e-04
-1 -1 0 2 8.197309e+00 2.009628e-03
0 1 3 4 3.744267e+00 9.179334e-04
2 4 -1 -1 2.500000e-05 6.128925e-09
2 3 -1 -1 7.879280e+00 1.931661e-03
5 
-1 -1 1 2 5.022467e+00 1.231293e-03
-1 -1 0 2 5.906868e+00 1.448110e-03
0 1 3 4 1.163785e+01 2.853100e-03
2 4 -1 -1 4.569229e+00 1.120179e-03
2 3 -1 -1 4.719731e+00 1.157075e-03
5 
-1 -1 1 2 2.500000e-05 6.128925e-09
-1 -1 0 2 3.133336e+00 7.681594e-04
0 1 3 4 7.192605e+00 1.763318e-03
2 4 -1 -1 7.453696e+00 1.827326e-03
2 3 -1 -1 2.500000e-05 6.128925e-09
5 
-1 -1 1 2 2.500000e-05 6.128925e-09
-1 -1 0 2 1.290020e+01 3.162574e-03
0 1 3 4 1.393466e+00 3.416180e-04
2 4 -1 -1 2.500000e-05 6.128925e-09
2 3 -1 -1 4.912358e+00 1.204299e-03
5 
-1 -1 1 2 8.927526e-01 2.188646e-04
-1 -1 0 2 6.702192e+00 1.643089e-03
0 1 3 4 2.500000e-05 6.128925e-09
2 4 -1 -1 1.125179e+01 2.758455e-03
2 3 -1 -1 6.383991e+00 1.565080e-03
5 
-1 -1 1 2 1.050982e+01 2.576557e-03
-1 -1 0 2 2.500000e-05 6.128925e-09
0 1 3 4 1.153099e+01 2.826903e-03
2 4 -1 -1 1.942428e+00 4.761999e-04
2 3 -1 -1 5.981243e+00 1.466344e-03
5 
-1 -1 1 2 1.172557e+01 2.874607e-03
-1 -1 0 2 4.426893e-01 1.085284e-04
0 1 3 4 2.500000e-05 6.128925e-09
2 4 -1 -1 8.299748e-01 2.034741e-04
2 3 -1 -1 5.679377e+00 1.392339e-03
5 
-1 -1 1 2 1.267589e+01 3.107583e-03
-1 -1 0 2 4.229916e+00 1.036994e-03
0 1 3 4 2.500000e-05 6.128925e-09
2 4 -1 -1 5.339898e+00 1.309114e-03
2 3 -1 -1 1.054833e+00 2.585997e-04
5 
-1 -1 1 2 2.500000e-05 6.128925e-09
-1 -1 0 2 2.457900e+00 6.025714e-04
0 1 3 4 1.150622e+01 2.820831e-03
2 4 -1 -1 7.964919e+00 1.952656e-03
2 3 -1 -1 2.500000e-05 6.128925e-09
5 
-1 -1 1 2 6.389536e+00 1.566440e-03
-1 -1 0 2 5.906859e+00 1.448108e-03
0 1 3 4 6.800861e+00 1.667279e-03
2 4 -1 -1 5.551187e+00 1.360912e-03
2 3 -1 -1 2.500000e-05 6.128925e-09
5 
-1 -1 1 2 2.500000e-05 6.128925e-09
-1 -1 0 2 2.244794e+00 5.503270e-04
0 1 3 4 7.060544e+00 1.730942e-03
2 4 -1 -1 5.223292e+00 1.280527e-03
2 3 -1 -1 5.934287e-01 1.454832e-04
5 
-1 -1 1 2 4.639807e+00 1.137481e-03
-1 -1 0 2 6.515978e+00 1.597438e-03
0 1 3 4 6.422603e+00 1.574546e-03
2 4 -1 -1 5.511745e+00 1.351243e-03
2 3 -1 -1 9.835883e+00 2.411336e-03
5 
-1 -1 1 2 6.558013e+00 1.607743e-03
-1 -1 0 2 5.622616e+00 1.378424e-03
0 1 3 4 3.236352e+00 7.934145e-04
2 4 -1 -1 2.500000e-05 6.128925e-09
2 3 -1 -1 1.109638e+00 2.720356e-04
5 
-1 -1 1 2 5.701238e+00 1.397698e-03
-1 -1 0 2 1.784421e+00 4.374632e-04
0 1 3 4 6.375771e+00 1.563065e-03
2 4 -1 -1 7.465613e+00 1.830247e-03
2 3 -1 -1 8.401030e+00 2.059571e-03
5 
-1 -1 1 2 2.500000e-05 6.128925e-09
-1 -1 0 2 2.500000e-05 6.128925e-09
0 1 3 4 1.688997e+01 4.140695e-03
2 4 -1 -1 3.792037e+00 9.296445e-04
2 3 -1 -1 2.500000e-05 6.128925e-09
5 
-1 -1 1 2 2.500000e-05 6.128925e-09
-1 -1 0 2 7.353711e+00 1.802814e-03
0 1 3 4 4.198474e+00 1.029285e-03
2 4 -1 -1 2.372106e+00 5.815384e-04
2 3 -1 -1 3.070390e+00 7.527278e-04
5 
-1 -1 1 2 2.500000e-05 6.128925e-09
-1 -1 0 2 4.389949e+00 1.076227e-03
0 1 3 4 2.500000e-05 6.128925e-09
2 4 -1 -1 9.683606e+00 2.374004e-03
2 3 -1 -1 2.500000e-05 6.128925e-09
5 
-1 -1 1 2 6.813911e+00 1.670478e-03
-1 -1 0 2 1.958034e+00 4.800258e-04
0 1 3 4 2.387266e+00 5.852550e-04
2 4 -1 -1 3.399623e+00 8.334415e-04
2 3 -1 -1 2.500000e-05 6.128925e-09
5 
-1 -1 1 2 9.855379e-01 2.416115e-04
-1 -1 0 2 2.500000e-05 6.128925e-09
0 1 3 4 6.494180e+00 1.592094e-03
2 4 -1 -1 1.469701e+00 3.603075e-04
2 3 -1 -1 5.326297e-01 1.305779e-04
5 
-1 -1 1 2 2.500000e-05 6.128925e-09
-1 -1 0 2 4.923405e+00 1.207007e-03
0 1 3 4 2.813118e+00 6.896557e-04
2 4 -1 -1 1.682628e+00 4.125080e-04
2 3 -1 -1 8.684440e-01 2.129051e-04
5 
-1 -1 1 2 5.834706e+00 1.430419e-03
-1 -1 0 2 3.585685e+00 8.790560e-04
0 1 3 4 4.560881e+00 1.118132e-03
2 4 -1 -1 2.500000e-05 6.128925e-09
2 3 -1 -1 1.984713e+00 4.865663e-04
5 
-1 -1 1 2 3.838496e+00 9.410343e-04
-1 -1 0 2 1.974301e+00 4.840137e-04
0 1 3 4 2.500000e-05 6.128925e-09
2 4 -1 -1 1.003944e+01 2.461240e-03
2 3 -1 -1 4.722826e+00 1.157834e-03
5 
-1 -1 1 2 2.500000e-05 6.128925e-09
-1 -1 0 2 5.093895e+00 1.248804e-03
0 1 3 4 3.229318e+00 7.916901e-04
2 4 -1 -1 7.487748e+00 1.835674e-03
2 3 -1 -1 9.660287e+00 2.368287e-03
5 
-1 -1 1 2 1.540957e+00 3.777764e-04
-1 -1 0 2 4.667773e+00 1.144337e-03
0 1 3 4 3.735912e+00 9.158850e-04
2 4 -1 -1 3.515002e+00 8.617273e-04
2 3 -1 -1 5.675229e-01 1.391322e-04
5 
-1 -1 1 2 8.982744e+00 2.202183e-03
-1 -1 0 2 2.500000e-05 6.128925e-09
0 1 3 4 8.351012e+00 2.047309e-03
2 4 -1 -1 1.166705e+01 2.860259e-03
2 3 -1 -1 1.279943e+01 3.137870e-03
5 
-1 -1 1 2 5.706964e+00 1.399102e-03
-1 -1 0 2 2.847025e+00 6.979680e-04
0 1 3 4 2.139116e+00 5.244192e-04
2 4 -1 -1 2.213458e+00 5.426448e-04
2 3 -1 -1 1.100275e+00 2.697400e-04
5 
-1 -1 1 2 9.935813e+00 2.435834e-03
-1 -1 0 2 6.635367e+00 1.626707e-03
0 1 3 4 2.825469e+00 6.926836e-04
2 4 -1 -1 2.500000e-05 6.128925e-09
2 3 -1 -1 2.500000e-05 6.128925e-09
5 
-1 -1 1 2 2.500000e-05 6.128925e-09
-1 -1 0 2 1.503701e+01 3.686428e-03
0 1 3 4 4.288955e+00 1.051468e-03
2 4 -1 -1 6.632084e+00 1.625902e-03
2 3 -1 -1 2.850683e+00 6.988650e-04
5 
-1 -1 1 2 9.093252e+00 2.229275e-03
-1 -1 0 2 7.347091e+00 1.801191e-03
0 1 3 4 5.079953e+00 1.245386e-03
2 4 -1 -1 8.424855e-01 2.065412e-04
2 3 -1 -1 2.500000e-05 6.128925e-09
5 
-1 -1 1 2 3.525535e+00 8.643098e-04
-1 -1 0 2 2.500000e-05 6.128925e-09
0 1 3 4 1.140027e-01 2.794855e-05
2 4 -1 -1 5.771509e+00 1.414926e-03
2 3 -1 -1 7.179646e+00 1.760140e-03
5 
-1 -1 1 2 2.500000e-05 6.128925e-09
-1 -1 0 2 2.075250e+00 5.087622e-04
0 1 3 4 8.957987e+00 2.196113e-03
2 4 -1 -1 3.316454e+00 8.130519e-04
2 3 -1 -1 2.500000e-05 6.128925e-09
5 
-1 -1 1 2 2.500000e-05 6.128925e-09
-1 -1 0 2 2.500000e-05 6.128925e-09
0 1 3 4 8.734639e+00 2.141358e-03
2 4 -1 -1 4.903314e+00 1.202082e-03
2 3 -1 -1 2.500000e-05 6.128925e-09
5 
-1 -1 1 2 8.537752e+00 2.093090e-03
-1 -1 0 2 9.714078e+00 2.381474e-03
0 1 3 4 8.476258e+00 2.078014e-03
2 4 -1 -1 1.009667e+01 2.475270e-03
2 3 -1 -1 2.500000e-05 6.128925e-09
5 
-1 -1 1 2 3.875397e+00 9.500807e-04
-1 -1 0 2 2.500000e-05 6.128925e-09
0 1 3 4 2.500000e-05 6.128925e-09
2 4 -1 -1 5.374749e+00 1.317657e-03
2 3 -1 -1 6.817013e+00 1.671239e-03
5 
-1 -1 1 2 7.761651e+00 1.902823e-03
-1 -1 0 2 1.181379e+00 2.896233e-04
0 1 3 4 3.132240e+00 7.678906e-04
2 4 -1 -1 2.500000e-05 6.128925e-09
2 3 -1 -1 5.260606e+00 1.289674e-03
5 
-1 -1 1 2 5.998109e+00 1.470478e-03
-1 -1 0 2 8.064643e+00 1.977104e-03
0 1 3 4 5.942187e+00 1.456769e-03
2 4 -1 -1 7.758118e+00 1.901957e-03
2 3 -1 -1 6.093766e+00 1.493930e-03
5 
-1 -1 1 2 2.896259e+00 7.100383e-04
-1 -1 0 2 3.223626e+00 7.902946e-04
0 1 3 4 7.883874e+00 1.932787e-03
2 4 -1 -1 7.895323e+00 1.935594e-03
2 3 -1 -1 2.500000e-05 6.128925e-09
5 
-1 -1 1 2 2.657260e+00 6.514459e-04
-1 -1 0 2 2.500000e-05 6.128925e-09
0 1 3 4 2.580968e+00 6.327425e-04
2 4 -1 -1 4.267924e+00 1.046311e-03
2 3 -1 -1 1.039931e+01 2.549465e-03
5 
-1 -1 1 2 8.596391e+00 2.107466e-03
-1 -1 0 2 1.065791e+01 2.612862e-03
0 1 3 4 8.906685e+00 2.183536e-03
2 4 -1 -1 2.500000e-05 6.128925e-09
2 3 -1 -1 1.300727e+01 3.188824e-03
5 
-1 -1 1 2 7.162420e+00 1.755917e-03
-1 -1 0 2 5.124771e+00 1.256373e-03
0 1 3 4 7.872673e+00 1.930041e-03
2 4 -1 -1 1.475798e+00 3.618023e-04
2 3 -1 -1 4.341688e+00 1.064395e-03
5 
-1 -1 1 2 1.337288e+00 3.278456e-04
-1 -1 0 2 2.500000e-05 6.128925e-09
0 1 3 4 2.500000e-05 6.128925e-09
2 4 -1 -1 4.653778e+00 1.140906e-03
2 3 -1 -1 1.775066e+01 4.351699e-03
5 
-1 -1 1 2 2.500000e-05 6.128925e-09
-1 -1 0 2 4.425031e+00 1.084827e-03
0 1 3 4 2.092675e+00 5.130339e-04
2 4 -1 -1 5.253878e+00 1.288025e-03
2 3 -1 -1 2.500000e-05 6.128925e-09
5 
-1 -1 1 2 7.291568e+00 1.787579e-03
-1 -1 0 2 8.931206e+00 2.189548e-03
0 1 3 4 2.500000e-05 6.128925e-09
2 4 -1 -1 6.220320e+00 1.524955e-03
2 3 -1 -1 5.065113e+00 1.241748e-03
5 
-1 -1 1 2 2.500000e-05 6.128925e-09
-1 -1 0 2 1.491258e+00 3.655924e-04
0 1 3 4 9.053150e+00 2.219443e-03
2 4 -1 -1 7.754831e-01 1.901151e-04
2 3 -1 -1 7.849201e+00 1.924287e-03
5 
-1 -1 1 2 1.144451e+01 2.805702e-03
-1 -1 0 2 9.058623e+00 2.220785e-03
0 1 3 4 5.784153e+00 1.418026e-03
2 4 -1 -1 4.874989e+00 1.195138e-03
2 3 -1 -1 6.539331e+00 1.603163e-03
5 
-1 -1 1 2 4.111007e+00 1.007842e-03
-1 -1 0 2 7.350613e+00 1.802054e-03
0 1 3 4 2.500000e-05 6.128925e-09
2 4 -1 -1 2.500000e-05 6.128925e-09
2 3 -1 -1 1.456450e+01 3.570591e-03
5 
-1 -1 1 2 2.366033e+00 5.800495e-04
-1 -1 0 2 5.871845e+00 1.439524e-03
0 1 3 4 5.225088e+00 1.280967e-03
2 4 -1 -1 1.775438e+00 4.352610e-04
2 3 -1 -1 7.616576e+00 1.867257e-03
5 
-1 -1 1 2 6.447028e+00 1.580534e-03
-1 -1 0 2 2.500000e-05 6.128925e-09
0 1 3 4 9.890191e+00 2.424650e-03
2 4 -1 -1 5.507134e+00 1.350112e-03
2 3 -1 -1 2.500000e-05 6.128925e-09
5 
-1 -1 1 2 4.046560e+00 9.920425e-04
-1 -1 0 2 1.602316e+00 3.928191e-04
0 1 3 4 1.324890e+01 3.248062e-03
2 4 -1 -1 4.916307e+00 1.205267e-03
2 3 -1 -1 8.561285e+00 2.098859e-03
5 
-1 -1 1 2 5.839794e-01 1.431666e-04
-1 -1 0 2 1.697345e+00 4.161159e-04
0 1 3 4 1.272394e+00 3.119363e-04
2 4 -1 -1 9.954727e+00 2.440471e-03
2 3 -1 -1 5.233617e+00 1.283058e-03
5 
-1 -1 1 2 4.026522e+00 9.871302e-04
-1 -1 0 2 7.486373e+00 1.835337e-03
0 1 3 4 1.156436e+01 2.835084e-03
2 4 -1 -1 2.500000e-05 6.128925e-09
2 3 -1 -1 9.161521e+00 2.246011e-03
5 
-1 -1 1 2 2.500000e-05 6.128925e-09
-1 -1 0 2 8.731757e-01 2.140651e-04
0 1 3 4 2.950557e+00 7.233498e-04
2 4 -1 -1 2.959335e+00 7.255018e-04
2 3 -1 -1 2.315830e+00 5.677420e-04
5 
-1 -1 1 2 2.500000e-05 6.128925e-09
-1 -1 0 2 6.874973e+00 1.685448e-03
0 1 3 4 1.084616e+00 2.659013e-04
2 4 -1 -1 2.337412e+00 5.730330e-04
2 3 -1 -1 2.500000e-05 6.128925e-09
5 
-1 -1 1 2 8.880011e+00 2.176997e-03
-1 -1 0 2 7.128498e+00 1.747601e-03
0 1 3 4 2.500000e-05 6.128925e-09
2 4 -1 -1 3.197106e+00 7.837929e-04
2 3 -1 -1 2.500000e-05 6.128925e-09
5 
-1 -1 1 2 4.401197e+00 1.078984e-03
-1 -1 0 2 5.983273e+00 1.466841e-03
0 1 3 4 2.500000e-05 6.128925e-09
2 4 -1 -1 4.977163e+00 1.220186e-03
2 3 -1 -1 1.652014e+00 4.050029e-04
5 
-1 -1 1 2 7.364306e+00 1.805411e-03
-1 -1 0 2 2.466482e+00 6.046753e-04
0 1 3 4 1.205899e+00 2.956347e-04
2 4 -1 -1 1.278774e+00 3.135005e-04
2 3 -1 -1 6.746539e+00 1.653961e-03
5 
-1 -1 1 2 2.673119e+00 6.553338e-04
-1 -1 0 2 4.170539e-01 1.022437e-04
0 1 3 4 2.675456e+00 6.559069e-04
2 4 -1 -1 7.208666e+00 1.767255e-03
2 3 -1 -1 2.500000e-05 6.128925e-09
5 
-1 -1 1 2 3.733580e+00 9.153132e-04
-1 -1 0 2 2.500000e-05 6.128925e-09
0 1 3 4 4.498615e+00 1.102867e-03
2 4 -1 -1 1.482553e+01 3.634583e-03
2 3 -1 -1 2.500000e-05 6.128925e-09
5 
-1 -1 1 2 3.995837e+00 9.796074e-04
-1 -1 0 2 2.341946e+00 5.741444e-04
0 1 3 4 2.500000e-05 6.128925e-09
2 4 -1 -1 2.003267e-01 4.911148e-05
2 3 -1 -1 2.500000e-05 6.128925e-09
