3.000000e-11 8.695949e+07 
3.600000e-11 8.528841e+07 
4.320000e-11 8.336238e+07 
5.184000e-11 8.115931e+07 
6.220800e-11 7.866170e+07 
7.464960e-11 7.585942e+07 
8.957952e-11 7.275290e+07 
1.074954e-10 6.935632e+07 
1.289945e-10 6.570033e+07 
1.547934e-10 6.183339e+07 
1.857521e-10 5.782109e+07 
2.229025e-10 5.374241e+07 
2.674830e-10 4.968300e+07 
3.209796e-10 4.572609e+07 
3.851755e-10 4.194291e+07 
4.622106e-10 3.838514e+07 
5.546528e-10 3.508175e+07 
6.655833e-10 3.203973e+07 
7.987000e-10 2.925067e+07 
9.584400e-10 2.670475e+07 
1.150128e-09 2.438081e+07 
1.380154e-09 2.225956e+07 
1.656184e-09 2.032338e+07 
1.987421e-09 1.855620e+07 
2.384905e-09 1.694337e+07 
2.861886e-09 1.547151e+07 
3.434264e-09 1.412846e+07 
4.121117e-09 1.290309e+07 
4.945340e-09 1.178530e+07 
5.934408e-09 1.076587e+07 
7.121289e-09 9.836443e+06 
8.545547e-09 8.989400e+06 
1.025466e-08 8.217841e+06 
1.230559e-08 7.515514e+06 
1.476671e-08 6.876763e+06 
1.772005e-08 6.296492e+06 
2.126406e-08 5.770113e+06 
2.551687e-08 5.293511e+06 
3.062024e-08 4.863009e+06 
3.674429e-08 4.475327e+06 
4.409315e-08 4.127543e+06 
5.291178e-08 3.817052e+06 
6.349413e-08 3.541515e+06 
7.619296e-08 3.298806e+06 
9.143155e-08 3.086940e+06 
1.097179e-07 2.904001e+06 
1.316614e-07 2.748055e+06 
1.579937e-07 2.617061e+06 
1.895925e-07 2.508793e+06 
2.275110e-07 2.420773e+06 
2.730131e-07 2.350267e+06 
3.276158e-07 2.294318e+06 
3.931389e-07 2.249877e+06 
4.717667e-07 2.213986e+06 
5.661201e-07 2.184005e+06 
6.793441e-07 2.157818e+06 
8.152129e-07 2.133955e+06 
9.782555e-07 2.111578e+06 
1.173907e-06 2.090348e+06 
1.408688e-06 2.070217e+06 
1.690425e-06 2.051243e+06 
2.028511e-06 2.033466e+06 
2.434213e-06 2.016871e+06 
2.921055e-06 2.001389e+06 
3.505266e-06 1.986931e+06 
4.206319e-06 1.973400e+06 
5.047583e-06 1.960701e+06 
6.057100e-06 1.948749e+06 
7.268520e-06 1.937462e+06 
8.722224e-06 1.926769e+06 
1.046667e-05 1.916600e+06 
1.256000e-05 1.906894e+06 
1.507200e-05 1.897593e+06 
1.808640e-05 1.888643e+06 
2.170368e-05 1.879996e+06 
2.604442e-05 1.871606e+06 
3.125331e-05 1.863430e+06 
3.750397e-05 1.855429e+06 
4.500476e-05 1.847566e+06 
5.400571e-05 1.839807e+06 
6.480685e-05 1.832119e+06 
7.776822e-05 1.824472e+06 
9.332187e-05 1.816837e+06 
1.119862e-04 1.809188e+06 
1.343835e-04 1.785579e+06 
1.612602e-04 1.779571e+06 
1.935122e-04 1.773319e+06 
2.322147e-04 1.766814e+06 
2.786576e-04 1.760044e+06 
3.343891e-04 1.753001e+06 
4.012670e-04 1.745674e+06 
4.815203e-04 1.738052e+06 
5.778244e-04 1.730125e+06 
6.933893e-04 1.721882e+06 
8.320672e-04 1.713313e+06 
9.984806e-04 1.704408e+06 
1.198177e-03 1.695158e+06 
1.437812e-03 1.685554e+06 
1.725374e-03 1.675590e+06 
2.070449e-03 1.665259e+06 
2.484539e-03 1.654557e+06 
2.981447e-03 1.643482e+06 
3.577736e-03 1.632035e+06 
4.293284e-03 1.620217e+06 
5.151941e-03 1.608035e+06 
6.182329e-03 1.595498e+06 
7.418794e-03 1.582617e+06 
8.902553e-03 1.569408e+06 
1.068306e-02 1.555890e+06 
1.281968e-02 1.542085e+06 
1.538361e-02 1.528019e+06 
1.846033e-02 1.513720e+06 
2.215240e-02 1.499221e+06 
2.658288e-02 1.484554e+06 
3.189946e-02 1.469755e+06 
3.827935e-02 1.454860e+06 
4.593522e-02 1.439908e+06 
5.512226e-02 1.424936e+06 
6.614672e-02 1.409979e+06 
7.937606e-02 1.395074e+06 
9.525127e-02 1.380252e+06 
1.143015e-01 1.365545e+06 
1.371618e-01 1.350981e+06 
1.645942e-01 1.336584e+06 
1.975130e-01 1.322376e+06 
2.370156e-01 1.308374e+06 
2.844188e-01 1.294595e+06 
3.413025e-01 1.281049e+06 
4.095630e-01 1.267745e+06 
4.914756e-01 1.254689e+06 
5.897708e-01 1.241884e+06 
7.077249e-01 1.229333e+06 
8.492699e-01 1.217033e+06 
1.019124e+00 1.204981e+06 
1.222949e+00 1.193175e+06 
1.467538e+00 1.181608e+06 
1.761046e+00 1.170274e+06 
2.113255e+00 1.159166e+06 
2.535906e+00 1.148276e+06 
3.043088e+00 1.137597e+06 
3.651705e+00 1.127120e+06 
4.382046e+00 1.116837e+06 
5.258455e+00 1.106740e+06 
6.310146e+00 1.096822e+06 
7.572176e+00 1.087074e+06 
9.086611e+00 1.077490e+06 
1.090393e+01 1.068063e+06 
1.308472e+01 1.058785e+06 
1.570166e+01 1.049651e+06 
1.884200e+01 1.040655e+06 
2.261040e+01 1.031790e+06 
2.713247e+01 1.023052e+06 
3.255897e+01 1.014436e+06 
3.907076e+01 1.005937e+06 
4.688492e+01 9.975502e+05 
5.626190e+01 9.892720e+05 
6.751428e+01 9.810985e+05 
8.101714e+01 9.730261e+05 
9.722056e+01 9.650513e+05 
1.166647e+02 9.571711e+05 
1.399976e+02 9.493824e+05 
1.679971e+02 9.416825e+05 
2.015966e+02 9.340687e+05 
2.419159e+02 9.265386e+05 
2.902990e+02 9.190898e+05 
3.483589e+02 9.117201e+05 
4.180306e+02 9.044274e+05 
5.016367e+02 8.972098e+05 
6.019641e+02 8.900652e+05 
7.223569e+02 8.829919e+05 
8.668283e+02 8.759878e+05 
1.040194e+03 8.690514e+05 
1.248233e+03 8.621805e+05 
1.497879e+03 8.553735e+05 
1.797455e+03 8.486284e+05 
2.156946e+03 8.419434e+05 
2.588335e+03 8.353167e+05 
3.106003e+03 8.287464e+05 
3.727203e+03 8.222310e+05 
4.472644e+03 8.157690e+05 
5.367172e+03 8.093591e+05 
6.440607e+03 8.030002e+05 
7.728728e+03 7.966915e+05 
9.274474e+03 7.904325e+05 
1.112937e+04 7.842228e+05 
1.335524e+04 7.780622e+05 
1.602629e+04 7.719509e+05 
1.923155e+04 7.658888e+05 
2.307786e+04 7.598762e+05 
2.769343e+04 7.539131e+05 
3.323212e+04 7.479995e+05 
3.987854e+04 7.421353e+05 
4.785425e+04 7.363203e+05 
5.742510e+04 7.305540e+05 
6.891012e+04 7.248361e+05 
8.269214e+04 7.191659e+05 
9.923057e+04 7.135429e+05 
1.190767e+05 7.079664e+05 
1.428920e+05 7.024356e+05 
1.714704e+05 6.969496e+05 
2.057645e+05 6.915073e+05 
2.469174e+05 6.861077e+05 
2.963009e+05 6.807497e+05 
3.555611e+05 6.754321e+05 
4.266733e+05 6.701539e+05 
5.120079e+05 6.649139e+05 
6.144095e+05 6.597109e+05 
7.372914e+05 6.545435e+05 
8.847497e+05 6.494105e+05 
1.061700e+06 6.443103e+05 
1.274040e+06 6.392413e+05 
1.528848e+06 6.342021e+05 
1.834617e+06 6.291908e+05 
2.201540e+06 6.242059e+05 
2.641849e+06 6.192456e+05 
3.170218e+06 6.143081e+05 
3.804262e+06 6.093914e+05 
4.565114e+06 6.044935e+05 
5.478137e+06 5.996124e+05 
6.573764e+06 5.947455e+05 
7.888517e+06 5.898905e+05 
9.466221e+06 5.850446e+05 
1.135946e+07 5.802049e+05 
1.363136e+07 5.753683e+05 
1.635763e+07 5.705312e+05 
1.962916e+07 5.656902e+05 
2.355499e+07 5.608418e+05 
2.826598e+07 5.559827e+05 
3.391918e+07 5.511101e+05 
4.070302e+07 5.462221e+05 
4.884362e+07 5.413183e+05 
5.861234e+07 5.363997e+05 
7.033481e+07 5.314691e+05 
8.440178e+07 5.265312e+05 
1.012821e+08 5.215916e+05 
1.215386e+08 5.166564e+05 
1.458463e+08 5.117303e+05 
1.750155e+08 5.068149e+05 
2.100186e+08 5.019076e+05 
2.520224e+08 4.970003e+05 
3.024268e+08 4.920806e+05 
3.629122e+08 4.871334e+05 
4.354946e+08 4.821433e+05 
5.225935e+08 4.770961e+05 
6.271123e+08 4.719794e+05 
7.525347e+08 4.667816e+05 
9.030417e+08 4.614913e+05 
1.083650e+09 4.560970e+05 
1.300380e+09 4.505884e+05 
1.560456e+09 4.449572e+05 
1.872547e+09 4.391988e+05 
2.247057e+09 4.333126e+05 
2.696468e+09 4.273019e+05 
3.235762e+09 4.211734e+05 
3.882914e+09 4.149381e+05 
4.659497e+09 4.086120e+05 
5.591396e+09 4.022167e+05 
6.709675e+09 3.957798e+05 
8.051610e+09 3.893336e+05 
9.661932e+09 3.829127e+05 
1.159432e+10 3.765510e+05 
1.391318e+10 3.702790e+05 
1.669582e+10 3.641208e+05 
2.003498e+10 3.580919e+05 
2.404198e+10 3.521981e+05 
2.885037e+10 3.464350e+05 
3.462045e+10 3.407896e+05 
4.154454e+10 3.352428e+05 
4.985345e+10 3.297737e+05 
5.982414e+10 3.243629e+05 
7.178896e+10 3.189968e+05 
8.614676e+10 3.136708e+05 
1.033761e+11 3.083908e+05 
1.240513e+11 3.031726e+05 
1.488616e+11 2.980376e+05 
1.786339e+11 2.930060e+05 
2.143607e+11 2.880909e+05 
2.572328e+11 2.832934e+05 
3.086794e+11 2.786016e+05 
3.704153e+11 2.739924e+05 
4.444983e+11 2.694359e+05 
5.333980e+11 2.649001e+05 
6.400776e+11 2.603559e+05 
7.680931e+11 2.557805e+05 
9.217118e+11 2.511579e+05 
1.106054e+12 2.464787e+05 
1.327265e+12 2.417378e+05 
1.592718e+12 2.369334e+05 
1.911262e+12 2.320665e+05 
2.293514e+12 2.271429e+05 
2.752217e+12 2.221751e+05 
3.302660e+12 2.171827e+05 
3.963192e+12 2.121919e+05 
4.755830e+12 2.072311e+05 
5.706996e+12 2.023272e+05 
6.848396e+12 1.975013e+05 
8.218075e+12 1.927670e+05 
9.861690e+12 1.881319e+05 
1.183403e+13 1.835993e+05 
1.420083e+13 1.791715e+05 
