H 
4.000000e+01 
200 
5 
-1 -1 1 2 3.021352e+01 5.348315e-04
-1 -1 0 2 8.053462e+01 1.425602e-03
0 1 3 4 1.091959e+02 1.932957e-03
2 4 -1 -1 3.870948e+01 6.852247e-04
2 3 -1 -1 3.834948e+01 6.788519e-04
5 
-1 -1 1 2 2.622038e+01 4.641460e-04
-1 -1 0 2 6.673356e+01 1.181299e-03
0 1 3 4 8.130189e+01 1.439184e-03
2 4 -1 -1 1.458191e+01 2.581249e-04
2 3 -1 -1 1.254142e+01 2.220047e-04
5 
-1 -1 1 2 1.176567e+02 2.082726e-03
-1 -1 0 2 3.634792e+01 6.434209e-04
0 1 3 4 6.257697e+01 1.107720e-03
2 4 -1 -1 4.099085e+01 7.256087e-04
2 3 -1 -1 9.866134e+01 1.746476e-03
5 
-1 -1 1 2 4.815950e+01 8.525062e-04
-1 -1 0 2 5.806538e+01 1.027857e-03
0 1 3 4 4.073805e+01 7.211337e-04
2 4 -1 -1 1.372766e+02 2.430033e-03
2 3 -1 -1 4.748521e+01 8.405701e-04
5 
-1 -1 1 2 4.705634e+01 8.329784e-04
-1 -1 0 2 2.530831e+01 4.480008e-04
0 1 3 4 5.203222e+01 9.210600e-04
2 4 -1 -1 4.418478e+01 7.821468e-04
2 3 -1 -1 2.896376e+01 5.127085e-04
5 
-1 -1 1 2 5.352779e+01 9.475342e-04
-1 -1 0 2 2.199598e+01 3.893669e-04
0 1 3 4 6.825677e+01 1.208263e-03
2 4 -1 -1 3.468037e+01 6.139024e-04
2 3 -1 -1 4.614221e+01 8.167967e-04
5 
-1 -1 1 2 5.973652e+01 1.057440e-03
-1 -1 0 2 3.578555e+01 6.334660e-04
0 1 3 4 5.797882e+01 1.026325e-03
2 4 -1 -1 3.947569e+01 6.987879e-04
2 3 -1 -1 5.247203e+01 9.288455e-04
5 
-1 -1 1 2 2.555153e+01 4.523062e-04
-1 -1 0 2 7.550497e+01 1.336568e-03
0 1 3 4 1.055566e+02 1.868534e-03
2 4 -1 -1 9.713611e+01 1.719477e-03
2 3 -1 -1 4.091470e+01 7.242609e-04
5 
-1 -1 1 2 7.303272e+01 1.292805e-03
-1 -1 0 2 2.087553e+01 3.695329e-04
0 1 3 4 4.110827e+01 7.276874e-04
2 4 -1 -1 2.934310e+01 5.194235e-04
2 3 -1 -1 9.917887e+01 1.755637e-03
5 
-1 -1 1 2 4.193929e+01 7.423979e-04
-1 -1 0 2 7.768593e+01 1.375175e-03
0 1 3 4 5.899587e+01 1.044329e-03
2 4 -1 -1 7.128627e+01 1.261890e-03
2 3 -1 -1 3.295957e+01 5.834413e-04
5 
-1 -1 1 2 8.322461e+00 1.473219e-04
-1 -1 0 2 2.141162e+01 3.790226e-04
0 1 3 4 4.070211e+01 7.204975e-04
2 4 -1 -1 1.509367e+01 2.671840e-04
2 3 -1 -1 4.196926e+01 7.429283e-04
5 
-1 -1 1 2 2.654959e+01 4.699736e-04
-1 -1 0 2 9.569167e+00 1.693908e-04
0 1 3 4 6.356551e+01 1.125219e-03
2 4 -1 -1 1.611530e+02 2.852687e-03
2 3 -1 -1 2.474323e+01 4.379979e-04
5 
-1 -1 1 2 4.044425e+01 7.159331e-04
-1 -1 0 2 1.430110e+01 2.531541e-04
0 1 3 4 3.833479e+01 6.785919e-04
2 4 -1 -1 4.019386e+01 7.115006e-04
2 3 -1 -1 5.240186e+01 9.276033e-04
5 
-1 -1 1 2 2.951468e+01 5.224608e-04
-1 -1 0 2 4.155365e+01 7.355713e-04
0 1 3 4 3.036520e+01 5.375164e-04
2 4 -1 -1 7.550970e+01 1.336652e-03
2 3 -1 -1 2.838410e+01 5.024476e-04
5 
-1 -1 1 2 6.758342e+01 1.196343e-03
-1 -1 0 2 2.457933e+02 4.350966e-03
0 1 3 4 1.083747e+02 1.918419e-03
2 4 -1 -1 6.109193e+01 1.081433e-03
2 3 -1 -1 2.532438e+01 4.482853e-04
5 
-1 -1 1 2 3.758291e+01 6.652824e-04
-1 -1 0 2 4.631952e+01 8.199354e-04
0 1 3 4 6.578680e+01 1.164540e-03
2 4 -1 -1 1.360733e+02 2.408732e-03
2 3 -1 -1 1.971943e+01 3.490680e-04
5 
-1 -1 1 2 6.820342e+01 1.207318e-03
-1 -1 0 2 1.161317e+02 2.055732e-03
0 1 3 4 3.781385e+01 6.693704e-04
2 4 -1 -1 9.727945e+01 1.722014e-03
2 3 -1 -1 4.994793e+01 8.841645e-04
5 
-1 -1 1 2 1.996972e+01 3.534985e-04
-1 -1 0 2 3.183536e+01 5.635408e-04
0 1 3 4 7.064124e+01 1.250472e-03
2 4 -1 -1 1.195236e+02 2.115774e-03
2 3 -1 -1 4.190726e+01 7.418308e-04
5 
-1 -1 1 2 1.085485e+02 1.921496e-03
-1 -1 0 2 5.368784e+01 9.503675e-04
0 1 3 4 1.269504e+02 2.247241e-03
2 4 -1 -1 3.691448e+01 6.534500e-04
2 3 -1 -1 3.907253e+01 6.916512e-04
5 
-1 -1 1 2 6.292523e+01 1.113885e-03
-1 -1 0 2 4.587778e+01 8.121158e-04
0 1 3 4 7.910064e+01 1.400218e-03
2 4 -1 -1 3.378973e+01 5.981366e-04
2 3 -1 -1 3.823389e+01 6.768059e-04
5 
-1 -1 1 2 3.734993e+01 6.611583e-04
-1 -1 0 2 5.610856e+01 9.932184e-04
0 1 3 4 6.653320e+01 1.177752e-03
2 4 -1 -1 4.279788e+01 7.575963e-04
2 3 -1 -1 2.044628e+01 3.619345e-04
5 
-1 -1 1 2 4.296576e+01 7.605680e-04
-1 -1 0 2 5.562760e+01 9.847045e-04
0 1 3 4 4.225197e+01 7.479328e-04
2 4 -1 -1 2.277889e+01 4.032257e-04
2 3 -1 -1 1.904949e+01 3.372089e-04
5 
-1 -1 1 2 2.483334e+01 4.395929e-04
-1 -1 0 2 3.567681e+01 6.315411e-04
0 1 3 4 6.709681e+01 1.187729e-03
2 4 -1 -1 4.819617e+01 8.531553e-04
2 3 -1 -1 7.710350e+01 1.364865e-03
5 
-1 -1 1 2 2.141352e+01 3.790563e-04
-1 -1 0 2 4.597710e+01 8.138740e-04
0 1 3 4 7.642164e+01 1.352795e-03
2 4 -1 -1 6.916245e+01 1.224295e-03
2 3 -1 -1 4.540337e+01 8.037181e-04
5 
-1 -1 1 2 1.455596e+02 2.576657e-03
-1 -1 0 2 1.043596e+02 1.847345e-03
0 1 3 4 6.958377e+01 1.231753e-03
2 4 -1 -1 1.515267e+01 2.682284e-04
2 3 -1 -1 1.195955e+02 2.117047e-03
5 
-1 -1 1 2 5.196236e+01 9.198235e-04
-1 -1 0 2 7.770808e+01 1.375567e-03
0 1 3 4 4.360760e+01 7.719298e-04
2 4 -1 -1 3.118787e+01 5.520791e-04
2 3 -1 -1 7.356738e+01 1.302270e-03
5 
-1 -1 1 2 6.009107e+01 1.063716e-03
-1 -1 0 2 8.958348e+01 1.585782e-03
0 1 3 4 1.008988e+02 1.786083e-03
2 4 -1 -1 4.795396e+01 8.488679e-04
2 3 -1 -1 2.452841e+02 4.341953e-03
5 
-1 -1 1 2 6.438182e+01 1.139669e-03
-1 -1 0 2 1.637216e+01 2.898155e-04
0 1 3 4 4.494395e+01 7.955854e-04
2 4 -1 -1 4.199660e+01 7.434123e-04
2 3 -1 -1 1.481586e+01 2.622662e-04
5 
-1 -1 1 2 5.415767e+01 9.586842e-04
-1 -1 0 2 2.396982e+01 4.243072e-04
0 1 3 4 4.524303e+01 8.008796e-04
2 4 -1 -1 3.545468e+01 6.276091e-04
2 3 -1 -1 3.428808e+01 6.069583e-04
5 
-1 -1 1 2 1.874615e+01 3.318391e-04
-1 -1 0 2 3.608022e+01 6.386822e-04
0 1 3 4 6.148518e+01 1.088394e-03
2 4 -1 -1 1.854098e+01 3.282074e-04
2 3 -1 -1 6.285722e+01 1.112681e-03
5 
-1 -1 1 2 7.712880e+00 1.365313e-04
-1 -1 0 2 2.153616e+01 3.812272e-04
0 1 3 4 3.529783e+01 6.248325e-04
2 4 -1 -1 3.200802e+01 5.665973e-04
2 3 -1 -1 4.603016e+02 8.148134e-03
5 
-1 -1 1 2 1.821359e+01 3.224120e-04
-1 -1 0 2 1.043405e+02 1.847006e-03
0 1 3 4 6.049873e+01 1.070932e-03
2 4 -1 -1 3.659603e+01 6.478129e-04
2 3 -1 -1 1.498333e+01 2.652307e-04
5 
-1 -1 1 2 4.983307e+01 8.821314e-04
-1 -1 0 2 1.889644e+01 3.344996e-04
0 1 3 4 3.095424e+01 5.479434e-04
2 4 -1 -1 5.463351e+01 9.671074e-04
2 3 -1 -1 1.106006e+02 1.957822e-03
5 
-1 -1 1 2 4.326296e+01 7.658290e-04
-1 -1 0 2 1.741934e+01 3.083524e-04
0 1 3 4 5.889519e+01 1.042547e-03
2 4 -1 -1 2.252680e+01 3.987632e-04
2 3 -1 -1 3.679179e+01 6.512783e-04
5 
-1 -1 1 2 9.791211e+01 1.733213e-03
-1 -1 0 2 6.091544e+01 1.078308e-03
0 1 3 4 7.003812e+01 1.239796e-03
2 4 -1 -1 5.440044e+01 9.629817e-04
2 3 -1 -1 4.433247e+01 7.847613e-04
5 
-1 -1 1 2 5.015524e+01 8.878343e-04
-1 -1 0 2 3.765909e+01 6.666308e-04
0 1 3 4 4.477633e+01 7.926184e-04
2 4 -1 -1 3.843384e+01 6.803454e-04
2 3 -1 -1 1.255394e+02 2.222264e-03
5 
-1 -1 1 2 2.040871e+01 3.612694e-04
-1 -1 0 2 4.459987e+01 7.894947e-04
0 1 3 4 4.552395e+01 8.058524e-04
2 4 -1 -1 8.620799e+01 1.526030e-03
2 3 -1 -1 1.269495e+02 2.247225e-03
5 
-1 -1 1 2 3.424624e+01 6.062175e-04
-1 -1 0 2 4.476808e+01 7.924723e-04
0 1 3 4 3.498730e+01 6.193356e-04
2 4 -1 -1 2.004585e+01 3.548461e-04
2 3 -1 -1 5.902677e+01 1.044876e-03
5 
-1 -1 1 2 3.278410e+01 5.803352e-04
-1 -1 0 2 6.732259e+01 1.191726e-03
0 1 3 4 6.697165e+01 1.185514e-03
2 4 -1 -1 3.326384e+01 5.888273e-04
2 3 -1 -1 1.022190e+02 1.809453e-03
5 
-1 -1 1 2 5.572729e+01 9.864692e-04
-1 -1 0 2 2.331212e+01 4.126648e-04
0 1 3 4 3.894027e+01 6.893100e-04
2 4 -1 -1 2.352216e+01 4.163828e-04
2 3 -1 -1 3.867849e+01 6.846760e-04
5 
-1 -1 1 2 5.751093e+01 1.018043e-03
-1 -1 0 2 2.828216e+01 5.006430e-04
0 1 3 4 4.444745e+01 7.867966e-04
2 4 -1 -1 6.576792e+01 1.164206e-03
2 3 -1 -1 1.278826e+01 2.263743e-04
5 
-1 -1 1 2 4.142208e+01 7.332424e-04
-1 -1 0 2 1.593666e+02 2.821063e-03
0 1 3 4 3.667388e+01 6.491910e-04
2 4 -1 -1 7.227076e+01 1.279317e-03
2 3 -1 -1 9.579226e+01 1.695688e-03
5 
-1 -1 1 2 4.082861e+01 7.227368e-04
-1 -1 0 2 6.351167e+01 1.124266e-03
0 1 3 4 1.066288e+02 1.887514e-03
2 4 -1 -1 2.646318e+01 4.684440e-04
2 3 -1 -1 2.233736e+01 3.954098e-04
5 
-1 -1 1 2 1.971409e+01 3.489735e-04
-1 -1 0 2 3.010792e+01 5.329621e-04
0 1 3 4 1.659720e+02 2.937991e-03
2 4 -1 -1 1.783842e+01 3.157707e-04
2 3 -1 -1 2.268045e+01 4.014832e-04
5 
-1 -1 1 2 3.273987e+01 5.795522e-04
-1 -1 0 2 5.927985e+01 1.049356e-03
0 1 3 4 8.358626e+01 1.479621e-03
2 4 -1 -1 1.220573e+02 2.160624e-03
2 3 -1 -1 3.618973e+01 6.406206e-04
5 
-1 -1 1 2 4.522120e+01 8.004933e-04
-1 -1 0 2 1.607437e+01 2.845440e-04
0 1 3 4 5.800131e+01 1.026723e-03
2 4 -1 -1 6.473977e+01 1.146006e-03
2 3 -1 -1 1.812934e+01 3.209207e-04
5 
-1 -1 1 2 6.097382e+01 1.079342e-03
-1 -1 0 2 7.100984e+01 1.256997e-03
0 1 3 4 9.966667e+01 1.764272e-03
2 4 -1 -1 2.877666e+01 5.093966e-04
2 3 -1 -1 3.592543e+01 6.359421e-04
5 
-1 -1 1 2 5.396387e+01 9.552537e-04
-1 -1 0 2 1.371864e+01 2.428437e-04
0 1 3 4 1.110019e+02 1.964925e-03
2 4 -1 -1 6.624498e+01 1.172650e-03
2 3 -1 -1 4.572046e+01 8.093310e-04
5 
-1 -1 1 2 3.088225e+01 5.466692e-04
-1 -1 0 2 2.907080e+01 5.146033e-04
0 1 3 4 4.564546e+01 8.080033e-04
2 4 -1 -1 4.491299e+01 7.950375e-04
2 3 -1 -1 2.105314e+02 3.726769e-03
5 
-1 -1 1 2 4.443609e+01 7.865955e-04
-1 -1 0 2 5.432168e+01 9.615875e-04
0 1 3 4 6.611765e+01 1.170397e-03
2 4 -1 -1 9.874735e+01 1.747999e-03
2 3 -1 -1 5.223362e+01 9.246252e-04
5 
-1 -1 1 2 2.632239e+01 4.659517e-04
-1 -1 0 2 2.693724e+01 4.768356e-04
0 1 3 4 1.029014e+02 1.821533e-03
2 4 -1 -1 9.553392e+01 1.691115e-03
2 3 -1 -1 2.201573e+01 3.897164e-04
5 
-1 -1 1 2 4.708812e+01 8.335410e-04
-1 -1 0 2 3.032126e+01 5.367386e-04
0 1 3 4 7.112031e+01 1.258952e-03
2 4 -1 -1 4.456590e+01 7.888933e-04
2 3 -1 -1 2.075611e+01 3.674190e-04
5 
-1 -1 1 2 1.299840e+02 2.300940e-03
-1 -1 0 2 6.092507e+01 1.078479e-03
0 1 3 4 6.588381e+01 1.166257e-03
2 4 -1 -1 7.967698e+01 1.410420e-03
2 3 -1 -1 4.309876e+01 7.629225e-04
5 
-1 -1 1 2 4.682525e+01 8.288877e-04
-1 -1 0 2 5.149780e+01 9.116000e-04
0 1 3 4 8.779052e+01 1.554044e-03
2 4 -1 -1 4.719399e+01 8.354151e-04
2 3 -1 -1 5.225176e+01 9.249463e-04
5 
-1 -1 1 2 7.112385e+01 1.259015e-03
-1 -1 0 2 1.814212e+01 3.211469e-04
0 1 3 4 4.801565e+01 8.499599e-04
2 4 -1 -1 7.671166e+00 1.357929e-04
2 3 -1 -1 1.964045e+01 3.476698e-04
5 
-1 -1 1 2 1.907601e+01 3.376783e-04
-1 -1 0 2 1.554846e+01 2.752346e-04
0 1 3 4 6.083696e+01 1.076919e-03
2 4 -1 -1 7.747765e+01 1.371488e-03
2 3 -1 -1 1.039735e+02 1.840510e-03
5 
-1 -1 1 2 4.162835e+01 7.368936e-04
-1 -1 0 2 1.907855e+02 3.377233e-03
0 1 3 4 4.102207e+01 7.261615e-04
2 4 -1 -1 1.755721e+02 3.107928e-03
2 3 -1 -1 1.686539e+01 2.985465e-04
5 
-1 -1 1 2 3.665757e+01 6.489023e-04
-1 -1 0 2 3.468286e+01 6.139465e-04
0 1 3 4 5.817087e+01 1.029725e-03
2 4 -1 -1 5.790591e+01 1.025035e-03
2 3 -1 -1 5.277375e+01 9.341865e-04
5 
-1 -1 1 2 1.076845e+02 1.906201e-03
-1 -1 0 2 1.672292e+01 2.960245e-04
0 1 3 4 9.103580e+01 1.611491e-03
2 4 -1 -1 3.464689e+01 6.133098e-04
2 3 -1 -1 1.732975e+02 3.067665e-03
5 
-1 -1 1 2 3.901209e+01 6.905812e-04
-1 -1 0 2 3.691405e+01 6.534424e-04
0 1 3 4 3.498885e+01 6.193631e-04
2 4 -1 -1 3.504877e+01 6.204237e-04
2 3 -1 -1 2.564415e+01 4.539458e-04
5 
-1 -1 1 2 2.111664e+01 3.738009e-04
-1 -1 0 2 7.031355e+01 1.244671e-03
0 1 3 4 7.470816e+01 1.322463e-03
2 4 -1 -1 3.245191e+01 5.744548e-04
2 3 -1 -1 2.812176e+01 4.978037e-04
5 
-1 -1 1 2 5.279046e+01 9.344822e-04
-1 -1 0 2 4.528267e+01 8.015814e-04
0 1 3 4 6.275061e+01 1.110794e-03
2 4 -1 -1 1.246562e+02 2.206631e-03
2 3 -1 -1 2.017676e+01 3.571634e-04
5 
-1 -1 1 2 4.514503e+01 7.991450e-04
-1 -1 0 2 2.193974e+01 3.883712e-04
0 1 3 4 1.446221e+02 2.560062e-03
2 4 -1 -1 2.260141e+01 4.000840e-04
2 3 -1 -1 2.892792e+01 5.120740e-04
5 
-1 -1 1 2 3.101695e+01 5.490535e-04
-1 -1 0 2 1.652790e+01 2.925724e-04
0 1 3 4 5.540265e+01 9.807226e-04
2 4 -1 -1 2.765563e+01 4.895523e-04
2 3 -1 -1 2.387254e+01 4.225852e-04
5 
-1 -1 1 2 4.638969e+01 8.211775e-04
-1 -1 0 2 2.467422e+01 4.367763e-04
0 1 3 4 8.379651e+01 1.483343e-03
2 4 -1 -1 5.488822e+01 9.716163e-04
2 3 -1 -1 1.194415e+02 2.114321e-03
5 
-1 -1 1 2 3.691801e+01 6.535125e-04
-1 -1 0 2 2.715048e+01 4.806103e-04
0 1 3 4 4.359322e+01 7.716752e-04
2 4 -1 -1 5.221194e+01 9.242414e-04
2 3 -1 -1 1.182604e+01 2.093413e-04
5 
-1 -1 1 2 3.585539e+01 6.347022e-04
-1 -1 0 2 3.462362e+01 6.128979e-04
0 1 3 4 8.809637e+01 1.559458e-03
2 4 -1 -1 7.921454e+00 1.402234e-04
2 3 -1 -1 1.635387e+02 2.894918e-03
5 
-1 -1 1 2 5.344248e+01 9.460241e-04
-1 -1 0 2 4.373386e+01 7.741647e-04
0 1 3 4 7.786637e+01 1.378369e-03
2 4 -1 -1 1.527333e+01 2.703644e-04
2 3 -1 -1 2.802440e+01 4.960803e-04
5 
-1 -1 1 2 5.457134e+01 9.660068e-04
-1 -1 0 2 1.472641e+02 2.606828e-03
0 1 3 4 5.875912e+01 1.040138e-03
2 4 -1 -1 6.517340e+01 1.153682e-03
2 3 -1 -1 4.008342e+01 7.095458e-04
5 
-1 -1 1 2 1.282745e+01 2.270681e-04
-1 -1 0 2 4.499359e+01 7.964642e-04
0 1 3 4 3.967274e+01 7.022760e-04
2 4 -1 -1 3.709406e+01 6.566290e-04
2 3 -1 -1 4.733974e+01 8.379951e-04
5 
-1 -1 1 2 5.204108e+01 9.212169e-04
-1 -1 0 2 3.387886e+01 5.997143e-04
0 1 3 4 5.095188e+01 9.019362e-04
2 4 -1 -1 8.589483e+01 1.520487e-03
2 3 -1 -1 1.473131e+02 2.607696e-03
5 
-1 -1 1 2 5.060468e+01 8.957902e-04
-1 -1 0 2 1.991010e+01 3.524432e-04
0 1 3 4 3.530554e+01 6.249689e-04
2 4 -1 -1 1.162991e+01 2.058695e-04
2 3 -1 -1 3.463136e+01 6.130349e-04
5 
-1 -1 1 2 1.575229e+02 2.788428e-03
-1 -1 0 2 5.229820e+01 9.257684e-04
0 1 3 4 7.209646e+01 1.276232e-03
2 4 -1 -1 4.283898e+01 7.583239e-04
2 3 -1 -1 3.171799e+01 5.614631e-04
5 
-1 -1 1 2 6.378673e+01 1.129135e-03
-1 -1 0 2 8.024053e+01 1.420396e-03
0 1 3 4 4.450152e+01 7.877537e-04
2 4 -1 -1 3.251517e+01 5.755746e-04
2 3 -1 -1 2.299307e+01 4.070170e-04
5 
-1 -1 1 2 2.741584e+01 4.853076e-04
-1 -1 0 2 6.270047e+01 1.109906e-03
0 1 3 4 6.095723e+01 1.079048e-03
2 4 -1 -1 4.531654e+01 8.021810e-04
2 3 -1 -1 8.723401e+01 1.544193e-03
5 
-1 -1 1 2 5.669244e+01 1.003554e-03
-1 -1 0 2 4.296309e+01 7.605208e-04
0 1 3 4 7.416029e+01 1.312765e-03
2 4 -1 -1 9.332163e+00 1.651954e-04
2 3 -1 -1 1.105237e+02 1.956461e-03
5 
-1 -1 1 2 1.371409e+01 2.427630e-04
-1 -1 0 2 7.485028e+01 1.324979e-03
0 1 3 4 1.004564e+02 1.778252e-03
2 4 -1 -1 3.624019e+01 6.415139e-04
2 3 -1 -1 2.308917e+01 4.087181e-04
5 
-1 -1 1 2 2.189864e+01 3.876437e-04
-1 -1 0 2 2.239118e+01 3.963625e-04
0 1 3 4 5.579471e+01 9.876626e-04
2 4 -1 -1 7.472723e+01 1.322801e-03
2 3 -1 -1 1.819835e+01 3.221422e-04
5 
-1 -1 1 2 3.520762e+01 6.232357e-04
-1 -1 0 2 1.237711e+01 2.190962e-04
0 1 3 4 5.351057e+01 9.472295e-04
2 4 -1 -1 1.944212e+01 3.441591e-04
2 3 -1 -1 2.300166e+01 4.071691e-04
5 
-1 -1 1 2 2.064203e+01 3.653995e-04
-1 -1 0 2 3.119396e+01 5.521869e-04
0 1 3 4 9.923211e+01 1.756580e-03
2 4 -1 -1 6.891229e+01 1.219866e-03
2 3 -1 -1 5.216782e+01 9.234604e-04
5 
-1 -1 1 2 2.191398e+01 3.879153e-04
-1 -1 0 2 8.844106e+01 1.565559e-03
0 1 3 4 2.996319e+01 5.304002e-04
2 4 -1 -1 6.441674e+01 1.140287e-03
2 3 -1 -1 5.227949e+01 9.254371e-04
5 
-1 -1 1 2 3.596938e+01 6.367201e-04
-1 -1 0 2 4.820473e+01 8.533069e-04
0 1 3 4 6.468033e+01 1.144953e-03
2 4 -1 -1 1.486269e+02 2.630953e-03
2 3 -1 -1 1.109210e+02 1.963494e-03
5 
-1 -1 1 2 4.247012e+01 7.517944e-04
-1 -1 0 2 5.074370e+01 8.982511e-04
0 1 3 4 4.553997e+01 8.061360e-04
2 4 -1 -1 1.465973e+02 2.595026e-03
2 3 -1 -1 4.368967e+01 7.733825e-04
5 
-1 -1 1 2 2.520440e+01 4.461614e-04
-1 -1 0 2 4.487569e+01 7.943772e-04
0 1 3 4 3.573619e+01 6.325923e-04
2 4 -1 -1 1.072970e+02 1.899343e-03
2 3 -1 -1 3.732826e+01 6.607747e-04
5 
-1 -1 1 2 3.602603e+01 6.377230e-04
-1 -1 0 2 3.943509e+01 6.980691e-04
0 1 3 4 1.229137e+02 2.175784e-03
2 4 -1 -1 1.036795e+01 1.835306e-04
2 3 -1 -1 7.927412e+01 1.403289e-03
5 
-1 -1 1 2 3.213655e+01 5.688725e-04
-1 -1 0 2 2.170689e+01 3.842494e-04
0 1 3 4 4.397862e+01 7.784976e-04
2 4 -1 -1 1.682360e+02 2.978068e-03
2 3 -1 -1 5.109084e+01 9.043960e-04
5 
-1 -1 1 2 8.188500e+01 1.449506e-03
-1 -1 0 2 1.763690e+02 3.122037e-03
0 1 3 4 8.194414e+01 1.450553e-03
2 4 -1 -1 2.725586e+01 4.824758e-04
2 3 -1 -1 3.684010e+01 6.521334e-04
5 
-1 -1 1 2 2.891856e+01 5.119084e-04
-1 -1 0 2 1.586702e+01 2.808736e-04
0 1 3 4 8.466808e+01 1.498771e-03
2 4 -1 -1 9.388663e+01 1.661955e-03
2 3 -1 -1 1.134864e+02 2.008905e-03
5 
-1 -1 1 2 5.350793e+01 9.471827e-04
-1 -1 0 2 3.010220e+01 5.328609e-04
0 1 3 4 4.603592e+01 8.149153e-04
2 4 -1 -1 5.220529e+01 9.241238e-04
2 3 -1 -1 8.893087e+01 1.574230e-03
5 
-1 -1 1 2 1.991068e+01 3.524534e-04
-1 -1 0 2 4.803184e+01 8.502465e-04
0 1 3 4 9.700318e+01 1.717124e-03
2 4 -1 -1 1.723278e+01 3.050499e-04
2 3 -1 -1 2.292417e+01 4.057975e-04
5 
-1 -1 1 2 4.107189e+01 7.270433e-04
-1 -1 0 2 1.049298e+02 1.857439e-03
0 1 3 4 1.480757e+02 2.621196e-03
2 4 -1 -1 5.241345e+01 9.278085e-04
2 3 -1 -1 2.356592e+01 4.171574e-04
5 
-1 -1 1 2 1.852298e+01 3.278887e-04
-1 -1 0 2 1.782861e+01 3.155972e-04
0 1 3 4 8.425304e+01 1.491424e-03
2 4 -1 -1 9.024583e+01 1.597507e-03
2 3 -1 -1 1.401514e+01 2.480921e-04
5 
-1 -1 1 2 5.258712e+01 9.308827e-04
-1 -1 0 2 6.250349e+01 1.106420e-03
0 1 3 4 8.659453e+01 1.532873e-03
2 4 -1 -1 1.278898e+02 2.263870e-03
2 3 -1 -1 2.248215e+01 3.979728e-04
5 
-1 -1 1 2 3.003200e+01 5.316182e-04
-1 -1 0 2 4.231699e+01 7.490838e-04
0 1 3 4 7.535936e+01 1.333991e-03
2 4 -1 -1 7.524200e+01 1.331913e-03
2 3 -1 -1 4.205215e+01 7.443957e-04
5 
-1 -1 1 2 1.902961e+02 3.368569e-03
-1 -1 0 2 7.388361e+01 1.307867e-03
0 1 3 4 2.745139e+01 4.859370e-04
2 4 -1 -1 3.801489e+01 6.729291e-04
2 3 -1 -1 6.904489e+01 1.222214e-03
5 
-1 -1 1 2 2.033732e+01 3.600056e-04
-1 -1 0 2 3.112416e+01 5.509514e-04
0 1 3 4 7.813440e+01 1.383114e-03
2 4 -1 -1 1.264253e+01 2.237945e-04
2 3 -1 -1 2.331168e+01 4.126569e-04
5 
-1 -1 1 2 1.494868e+01 2.646174e-04
-1 -1 0 2 4.429292e+01 7.840611e-04
0 1 3 4 7.188869e+01 1.272554e-03
2 4 -1 -1 2.016799e+01 3.570083e-04
2 3 -1 -1 1.342279e+02 2.376065e-03
5 
-1 -1 1 2 1.665930e+01 2.948984e-04
-1 -1 0 2 1.795526e+02 3.178392e-03
0 1 3 4 9.675734e+01 1.712772e-03
2 4 -1 -1 4.344245e+01 7.690063e-04
2 3 -1 -1 1.449496e+02 2.565858e-03
5 
-1 -1 1 2 2.555548e+01 4.523761e-04
-1 -1 0 2 1.389591e+01 2.459816e-04
0 1 3 4 6.545381e+01 1.158645e-03
2 4 -1 -1 3.835835e+01 6.790091e-04
2 3 -1 -1 6.393664e+01 1.131789e-03
5 
-1 -1 1 2 2.569013e+01 4.547596e-04
-1 -1 0 2 1.803724e+01 3.192902e-04
0 1 3 4 6.359624e+01 1.125763e-03
2 4 -1 -1 4.354854e+01 7.708843e-04
2 3 -1 -1 1.836747e+01 3.251359e-04
5 
-1 -1 1 2 3.248013e+01 5.749543e-04
-1 -1 0 2 2.795533e+01 4.948577e-04
0 1 3 4 1.280146e+02 2.266079e-03
2 4 -1 -1 3.339838e+01 5.912090e-04
2 3 -1 -1 3.429609e+01 6.071000e-04
5 
-1 -1 1 2 2.156377e+01 3.817159e-04
-1 -1 0 2 5.372840e+01 9.510854e-04
0 1 3 4 5.430470e+01 9.612869e-04
2 4 -1 -1 5.081131e+01 8.994478e-04
2 3 -1 -1 9.647672e+01 1.707804e-03
5 
-1 -1 1 2 3.984549e+01 7.053339e-04
-1 -1 0 2 4.196323e+01 7.428216e-04
0 1 3 4 6.057265e+01 1.072240e-03
2 4 -1 -1 6.636036e+01 1.174693e-03
2 3 -1 -1 2.859061e+01 5.061032e-04
5 
-1 -1 1 2 7.195617e+01 1.273748e-03
-1 -1 0 2 1.661454e+02 2.941060e-03
0 1 3 4 5.485875e+01 9.710945e-04
2 4 -1 -1 1.006868e+02 1.782331e-03
2 3 -1 -1 4.359953e+01 7.717869e-04
5 
-1 -1 1 2 7.672396e+00 1.358147e-04
-1 -1 0 2 1.542307e+02 2.730150e-03
0 1 3 4 4.762474e+01 8.430401e-04
2 4 -1 -1 5.534933e+01 9.797786e-04
2 3 -1 -1 2.602657e+01 4.607152e-04
5 
-1 -1 1 2 7.378207e+01 1.306070e-03
-1 -1 0 2 2.478392e+01 4.387182e-04
0 1 3 4 9.377966e+01 1.660062e-03
2 4 -1 -1 1.005701e+01 1.780264e-04
2 3 -1 -1 3.419830e+01 6.053689e-04
5 
-1 -1 1 2 5.695379e+01 1.008180e-03
-1 -1 0 2 1.514372e+02 2.680700e-03
0 1 3 4 8.541948e+01 1.512072e-03
2 4 -1 -1 5.430916e+01 9.613658e-04
2 3 -1 -1 5.611381e+01 9.933112e-04
5 
-1 -1 1 2 2.679381e+01 4.742968e-04
-1 -1 0 2 4.954049e+01 8.769521e-04
0 1 3 4 4.165269e+01 7.373246e-04
2 4 -1 -1 4.681504e+01 8.287070e-04
2 3 -1 -1 5.281816e+01 9.349726e-04
5 
-1 -1 1 2 4.748151e+01 8.405046e-04
-1 -1 0 2 9.291709e+01 1.644793e-03
0 1 3 4 5.345931e+01 9.463221e-04
2 4 -1 -1 5.989061e+01 1.060167e-03
2 3 -1 -1 6.362352e+01 1.126246e-03
5 
-1 -1 1 2 2.889363e+01 5.114672e-04
-1 -1 0 2 7.391840e+01 1.308483e-03
0 1 3 4 5.283819e+01 9.353271e-04
2 4 -1 -1 1.161101e+02 2.055350e-03
2 3 -1 -1 3.417010e+01 6.048697e-04
5 
-1 -1 1 2 4.038930e+01 7.149603e-04
-1 -1 0 2 5.295075e+01 9.373197e-04
0 1 3 4 9.932935e+01 1.758301e-03
2 4 -1 -1 1.110023e+01 1.964932e-04
2 3 -1 -1 5.531248e+01 9.791263e-04
5 
-1 -1 1 2 4.187896e+01 7.413298e-04
-1 -1 0 2 1.162301e+02 2.057474e-03
0 1 3 4 5.598188e+01 9.909758e-04
2 4 -1 -1 5.605929e+01 9.923462e-04
2 3 -1 -1 7.294295e+01 1.291216e-03
5 
-1 -1 1 2 4.726197e+01 8.366184e-04
-1 -1 0 2 7.075320e+01 1.252454e-03
0 1 3 4 1.335680e+02 2.364383e-03
2 4 -1 -1 1.135272e+02 2.009627e-03
2 3 -1 -1 4.370658e+01 7.736818e-04
5 
-1 -1 1 2 1.220877e+02 2.161162e-03
-1 -1 0 2 1.162701e+02 2.058182e-03
0 1 3 4 6.768033e+01 1.198059e-03
2 4 -1 -1 7.029017e+01 1.244257e-03
2 3 -1 -1 2.470851e+01 4.373832e-04
5 
-1 -1 1 2 3.617022e+02 6.402753e-03
-1 -1 0 2 5.977425e+01 1.058107e-03
0 1 3 4 4.689789e+01 8.301736e-04
2 4 -1 -1 5.425246e+01 9.603622e-04
2 3 -1 -1 5.887301e+01 1.042154e-03
5 
-1 -1 1 2 3.026548e+01 5.357512e-04
-1 -1 0 2 8.942944e+00 1.583055e-04
0 1 3 4 3.393984e+01 6.007938e-04
2 4 -1 -1 3.535703e+01 6.258804e-04
2 3 -1 -1 3.554336e+01 6.291789e-04
5 
-1 -1 1 2 6.576882e+01 1.164222e-03
-1 -1 0 2 9.380892e+01 1.660580e-03
0 1 3 4 3.499067e+01 6.193952e-04
2 4 -1 -1 5.211063e+01 9.224480e-04
2 3 -1 -1 1.267218e+01 2.243194e-04
5 
-1 -1 1 2 5.876404e+01 1.040225e-03
-1 -1 0 2 1.316798e+02 2.330959e-03
0 1 3 4 4.572853e+01 8.094739e-04
2 4 -1 -1 2.629749e+01 4.655110e-04
2 3 -1 -1 2.628948e+01 4.653692e-04
5 
-1 -1 1 2 4.550172e+01 8.054589e-04
-1 -1 0 2 9.997302e+01 1.769695e-03
0 1 3 4 3.193025e+01 5.652206e-04
2 4 -1 -1 3.774479e+01 6.681478e-04
2 3 -1 -1 3.962937e+01 7.015083e-04
5 
-1 -1 1 2 3.123285e+01 5.528754e-04
-1 -1 0 2 3.109278e+01 5.503960e-04
0 1 3 4 7.176232e+01 1.270317e-03
2 4 -1 -1 4.461691e+01 7.897963e-04
2 3 -1 -1 2.255947e+01 3.993415e-04
5 
-1 -1 1 2 1.938621e+01 3.431694e-04
-1 -1 0 2 1.263472e+02 2.236564e-03
0 1 3 4 8.489685e+01 1.502821e-03
2 4 -1 -1 3.210283e+01 5.682755e-04
2 3 -1 -1 2.186066e+01 3.869714e-04
5 
-1 -1 1 2 2.875144e+01 5.089500e-04
-1 -1 0 2 4.232810e+01 7.492803e-04
0 1 3 4 4.164506e+01 7.371894e-04
2 4 -1 -1 3.780290e+01 6.691766e-04
2 3 -1 -1 5.406404e+01 9.570267e-04
5 
-1 -1 1 2 6.385652e+01 1.130371e-03
-1 -1 0 2 3.263669e+01 5.777257e-04
0 1 3 4 4.730820e+01 8.374368e-04
2 4 -1 -1 6.798677e+01 1.203483e-03
2 3 -1 -1 1.790132e+02 3.168842e-03
5 
-1 -1 1 2 4.473215e+01 7.918363e-04
-1 -1 0 2 1.977007e+01 3.499643e-04
0 1 3 4 9.449369e+01 1.672701e-03
2 4 -1 -1 3.069677e+01 5.433859e-04
2 3 -1 -1 7.728027e+01 1.367994e-03
5 
-1 -1 1 2 6.161234e+01 1.090645e-03
-1 -1 0 2 1.381554e+02 2.445589e-03
0 1 3 4 5.849793e+01 1.035514e-03
2 4 -1 -1 3.979390e+01 7.044206e-04
2 3 -1 -1 2.004352e+01 3.548049e-04
5 
-1 -1 1 2 8.088851e+01 1.431866e-03
-1 -1 0 2 2.325397e+01 4.116353e-04
0 1 3 4 5.318562e+01 9.414773e-04
2 4 -1 -1 1.520077e+01 2.690798e-04
2 3 -1 -1 1.822798e+02 3.226667e-03
5 
-1 -1 1 2 2.561839e+01 4.534897e-04
-1 -1 0 2 2.608783e+01 4.617997e-04
0 1 3 4 5.106443e+01 9.039286e-04
2 4 -1 -1 8.929153e+01 1.580614e-03
2 3 -1 -1 5.921701e+01 1.048243e-03
5 
-1 -1 1 2 5.165624e+01 9.144046e-04
-1 -1 0 2 3.854107e+01 6.822435e-04
0 1 3 4 2.675565e+01 4.736212e-04
2 4 -1 -1 2.152145e+01 3.809668e-04
2 3 -1 -1 7.211866e+01 1.276625e-03
5 
-1 -1 1 2 1.466808e+02 2.596503e-03
-1 -1 0 2 2.485005e+01 4.398888e-04
0 1 3 4 5.518837e+01 9.769294e-04
2 4 -1 -1 2.700437e+01 4.780240e-04
2 3 -1 -1 4.211641e+01 7.455331e-04
5 
-1 -1 1 2 7.687392e+01 1.360801e-03
-1 -1 0 2 6.870269e+01 1.216156e-03
0 1 3 4 7.455802e+01 1.319806e-03
2 4 -1 -1 3.292703e+01 5.828653e-04
2 3 -1 -1 2.830051e+01 5.009679e-04
5 
-1 -1 1 2 2.759110e+01 4.884101e-04
-1 -1 0 2 1.710842e+01 3.028486e-04
0 1 3 4 6.091098e+01 1.078230e-03
2 4 -1 -1 1.368444e+01 2.422383e-04
2 3 -1 -1 5.617950e+01 9.944741e-04
5 
-1 -1 1 2 1.640190e+01 2.903419e-04
-1 -1 0 2 4.996323e+01 8.844354e-04
0 1 3 4 3.917643e+01 6.934905e-04
2 4 -1 -1 1.639091e+02 2.901473e-03
2 3 -1 -1 1.996504e+01 3.534157e-04
5 
-1 -1 1 2 2.965051e+01 5.248652e-04
-1 -1 0 2 1.328941e+01 2.352456e-04
0 1 3 4 6.300216e+01 1.115247e-03
2 4 -1 -1 1.251156e+02 2.214761e-03
2 3 -1 -1 2.646119e+01 4.684088e-04
5 
-1 -1 1 2 8.633904e+00 1.528350e-04
-1 -1 0 2 1.002408e+02 1.774436e-03
0 1 3 4 3.801291e+01 6.728941e-04
2 4 -1 -1 1.900853e+01 3.364837e-04
2 3 -1 -1 7.032614e+01 1.244894e-03
5 
-1 -1 1 2 9.850223e+01 1.743659e-03
-1 -1 0 2 9.965574e+01 1.764079e-03
0 1 3 4 7.688581e+01 1.361012e-03
2 4 -1 -1 2.220945e+01 3.931456e-04
2 3 -1 -1 2.558391e+01 4.528794e-04
5 
-1 -1 1 2 1.996035e+01 3.533326e-04
-1 -1 0 2 6.416442e+01 1.135821e-03
0 1 3 4 4.730954e+01 8.374605e-04
2 4 -1 -1 7.150170e+01 1.265704e-03
2 3 -1 -1 2.856460e+01 5.056427e-04
5 
-1 -1 1 2 5.323891e+01 9.424206e-04
-1 -1 0 2 3.740551e+01 6.621421e-04
0 1 3 4 6.484690e+01 1.147902e-03
2 4 -1 -1 8.632183e+01 1.528045e-03
2 3 -1 -1 4.567261e+01 8.084840e-04
5 
-1 -1 1 2 1.676123e+01 2.967026e-04
-1 -1 0 2 3.602090e+01 6.376320e-04
0 1 3 4 1.210906e+02 2.143512e-03
2 4 -1 -1 1.803708e+01 3.192874e-04
2 3 -1 -1 4.494732e+01 7.956452e-04
5 
-1 -1 1 2 3.678618e+01 6.511789e-04
-1 -1 0 2 6.606466e+01 1.169458e-03
0 1 3 4 4.383962e+01 7.760370e-04
2 4 -1 -1 6.717391e+01 1.189094e-03
2 3 -1 -1 4.468077e+01 7.909267e-04
5 
-1 -1 1 2 5.102933e+01 9.033072e-04
-1 -1 0 2 4.808947e+01 8.512666e-04
0 1 3 4 5.969341e+01 1.056676e-03
2 4 -1 -1 1.964862e+01 3.478145e-04
2 3 -1 -1 1.663011e+01 2.943816e-04
5 
-1 -1 1 2 7.665101e+01 1.356855e-03
-1 -1 0 2 2.320538e+01 4.107754e-04
0 1 3 4 9.189998e+01 1.626788e-03
2 4 -1 -1 4.484361e+01 7.938093e-04
2 3 -1 -1 4.557747e+01 8.067999e-04
5 
-1 -1 1 2 4.666245e+01 8.260059e-04
-1 -1 0 2 2.905300e+01 5.142882e-04
0 1 3 4 6.820751e+01 1.207391e-03
2 4 -1 -1 5.223680e+01 9.246816e-04
2 3 -1 -1 6.693168e+01 1.184806e-03
5 
-1 -1 1 2 3.198893e+01 5.662592e-04
-1 -1 0 2 7.958439e+01 1.408781e-03
0 1 3 4 3.239436e+01 5.734360e-04
2 4 -1 -1 3.629026e+01 6.424002e-04
2 3 -1 -1 4.311890e+01 7.632789e-04
5 
-1 -1 1 2 4.908975e+01 8.689733e-04
-1 -1 0 2 1.915222e+01 3.390274e-04
0 1 3 4 1.427214e+02 2.526415e-03
2 4 -1 -1 5.312140e+01 9.403405e-04
2 3 -1 -1 3.875607e+01 6.860493e-04
5 
-1 -1 1 2 1.386633e+02 2.454580e-03
-1 -1 0 2 8.522414e+01 1.508614e-03
0 1 3 4 1.359270e+02 2.406142e-03
2 4 -1 -1 2.994051e+01 5.299987e-04
2 3 -1 -1 6.432689e+01 1.138697e-03
5 
-1 -1 1 2 7.944892e+01 1.406383e-03
-1 -1 0 2 5.690323e+01 1.007285e-03
0 1 3 4 3.819141e+01 6.760538e-04
2 4 -1 -1 7.143215e+01 1.264472e-03
2 3 -1 -1 2.698021e+01 4.775962e-04
5 
-1 -1 1 2 1.942375e+01 3.438338e-04
-1 -1 0 2 8.333635e+01 1.475197e-03
0 1 3 4 6.315012e+01 1.117866e-03
2 4 -1 -1 1.311707e+01 2.321947e-04
2 3 -1 -1 1.279294e+02 2.264572e-03
5 
-1 -1 1 2 3.576301e+01 6.330670e-04
-1 -1 0 2 6.193852e+01 1.096419e-03
0 1 3 4 8.160840e+01 1.444610e-03
2 4 -1 -1 2.251416e+01 3.985395e-04
2 3 -1 -1 5.086265e+01 9.003567e-04
5 
-1 -1 1 2 4.952913e+01 8.767511e-04
-1 -1 0 2 2.900139e+01 5.133747e-04
0 1 3 4 1.191371e+02 2.108932e-03
2 4 -1 -1 5.832830e+01 1.032512e-03
2 3 -1 -1 9.840629e+01 1.741961e-03
5 
-1 -1 1 2 5.454239e+01 9.654945e-04
-1 -1 0 2 8.849165e+01 1.566455e-03
0 1 3 4 7.220773e+01 1.278201e-03
2 4 -1 -1 2.894864e+01 5.124408e-04
2 3 -1 -1 2.163286e+01 3.829390e-04
5 
-1 -1 1 2 1.325841e+01 2.346967e-04
-1 -1 0 2 1.513017e+01 2.678302e-04
0 1 3 4 4.076838e+01 7.216706e-04
2 4 -1 -1 4.215471e+01 7.462111e-04
2 3 -1 -1 3.469015e+02 6.140755e-03
5 
-1 -1 1 2 1.033940e+02 1.830252e-03
-1 -1 0 2 1.857039e+02 3.287280e-03
0 1 3 4 5.986108e+01 1.059644e-03
2 4 -1 -1 4.654133e+01 8.238619e-04
2 3 -1 -1 7.733752e+01 1.369008e-03
5 
-1 -1 1 2 4.668733e+01 8.264463e-04
-1 -1 0 2 3.358390e+01 5.944931e-04
0 1 3 4 9.392792e+01 1.662686e-03
2 4 -1 -1 4.345908e+01 7.693007e-04
2 3 -1 -1 2.673708e+01 4.732925e-04
5 
-1 -1 1 2 1.261231e+01 2.232596e-04
-1 -1 0 2 4.334250e+01 7.672370e-04
0 1 3 4 4.736415e+01 8.384272e-04
2 4 -1 -1 3.920315e+01 6.939635e-04
2 3 -1 -1 1.560310e+01 2.762018e-04
5 
-1 -1 1 2 3.368758e+01 5.963283e-04
-1 -1 0 2 2.791475e+01 4.941393e-04
0 1 3 4 4.751650e+01 8.411241e-04
2 4 -1 -1 7.499988e+01 1.327627e-03
2 3 -1 -1 2.005874e+01 3.550744e-04
5 
-1 -1 1 2 4.576333e+01 8.100900e-04
-1 -1 0 2 3.588879e+01 6.352935e-04
0 1 3 4 7.089333e+01 1.254934e-03
2 4 -1 -1 3.134581e+01 5.548750e-04
2 3 -1 -1 1.353112e+01 2.395241e-04
5 
-1 -1 1 2 1.049791e+01 1.858312e-04
-1 -1 0 2 2.244495e+02 3.973144e-03
0 1 3 4 6.438843e+01 1.139786e-03
2 4 -1 -1 3.873515e+01 6.856790e-04
2 3 -1 -1 1.584530e+01 2.804891e-04
5 
-1 -1 1 2 1.306848e+01 2.313347e-04
-1 -1 0 2 3.503383e+02 6.201592e-03
0 1 3 4 3.844469e+01 6.805374e-04
2 4 -1 -1 2.603210e+01 4.608132e-04
2 3 -1 -1 4.721775e+01 8.358357e-04
5 
-1 -1 1 2 9.084884e+01 1.608181e-03
-1 -1 0 2 8.035264e+01 1.422380e-03
0 1 3 4 6.136678e+01 1.086298e-03
2 4 -1 -1 1.729226e+01 3.061029e-04
2 3 -1 -1 5.748913e+01 1.017657e-03
5 
-1 -1 1 2 3.331882e+01 5.898006e-04
-1 -1 0 2 1.871352e+01 3.312616e-04
0 1 3 4 2.562268e+02 4.535657e-03
2 4 -1 -1 5.190242e+01 9.187624e-04
2 3 -1 -1 2.359333e+01 4.176427e-04
5 
-1 -1 1 2 2.685112e+01 4.753112e-04
-1 -1 0 2 3.973424e+01 7.033647e-04
0 1 3 4 7.572369e+01 1.340440e-03
2 4 -1 -1 1.680426e+01 2.974644e-04
2 3 -1 -1 5.927382e+01 1.049249e-03
5 
-1 -1 1 2 1.243647e+01 2.201470e-04
-1 -1 0 2 2.372260e+01 4.199310e-04
0 1 3 4 8.384191e+01 1.484147e-03
2 4 -1 -1 1.878486e+01 3.325245e-04
2 3 -1 -1 4.145366e+01 7.338013e-04
5 
-1 -1 1 2 2.122894e+01 3.757889e-04
-1 -1 0 2 3.731945e+01 6.606187e-04
0 1 3 4 7.407408e+01 1.311239e-03
2 4 -1 -1 1.784918e+01 3.159614e-04
2 3 -1 -1 5.528141e+01 9.785764e-04
5 
-1 -1 1 2 4.633112e+01 8.201408e-04
-1 -1 0 2 9.082772e+01 1.607807e-03
0 1 3 4 5.089687e+01 9.009624e-04
2 4 -1 -1 2.217029e+01 3.924523e-04
2 3 -1 -1 1.083277e+02 1.917587e-03
5 
-1 -1 1 2 2.464402e+01 4.362417e-04
-1 -1 0 2 1.094103e+01 1.936751e-04
0 1 3 4 5.274278e+01 9.336383e-04
2 4 -1 -1 7.758475e+01 1.373384e-03
2 3 -1 -1 4.186773e+01 7.411312e-04
5 
-1 -1 1 2 3.001264e+01 5.312756e-04
-1 -1 0 2 1.179698e+02 2.088269e-03
0 1 3 4 8.993074e+01 1.591929e-03
2 4 -1 -1 4.909259e+01 8.690236e-04
2 3 -1 -1 1.026650e+02 1.817347e-03
5 
-1 -1 1 2 5.767109e+00 1.020878e-04
-1 -1 0 2 4.865564e+01 8.612888e-04
0 1 3 4 3.777953e+01 6.687629e-04
2 4 -1 -1 5.005619e+01 8.860810e-04
2 3 -1 -1 6.060793e+01 1.072865e-03
5 
-1 -1 1 2 2.965371e+01 5.249219e-04
-1 -1 0 2 6.457559e+01 1.143099e-03
0 1 3 4 1.196257e+02 2.117581e-03
2 4 -1 -1 5.366130e+01 9.498976e-04
2 3 -1 -1 4.558903e+01 8.070045e-04
5 
-1 -1 1 2 4.227862e+01 7.484046e-04
-1 -1 0 2 1.707287e+01 3.022193e-04
0 1 3 4 8.351096e+01 1.478288e-03
2 4 -1 -1 4.156068e+01 7.356957e-04
2 3 -1 -1 4.052190e+01 7.173075e-04
5 
-1 -1 1 2 4.147084e+01 7.341054e-04
-1 -1 0 2 3.374599e+01 5.973622e-04
0 1 3 4 1.355575e+02 2.399601e-03
2 4 -1 -1 3.208572e+01 5.679725e-04
2 3 -1 -1 1.007650e+02 1.783714e-03
5 
-1 -1 1 2 3.692226e+01 6.535878e-04
-1 -1 0 2 1.314213e+01 2.326384e-04
0 1 3 4 6.095534e+01 1.079015e-03
2 4 -1 -1 3.764840e+01 6.664416e-04
2 3 -1 -1 7.686897e+01 1.360713e-03
5 
-1 -1 1 2 5.681158e+01 1.005663e-03
-1 -1 0 2 2.124186e+02 3.760176e-03
0 1 3 4 4.154528e+01 7.354231e-04
2 4 -1 -1 3.387924e+01 5.997211e-04
2 3 -1 -1 6.302965e+01 1.115734e-03
5 
-1 -1 1 2 1.630375e+02 2.886045e-03
-1 -1 0 2 4.674090e+01 8.273946e-04
0 1 3 4 4.424320e+01 7.831811e-04
2 4 -1 -1 2.061772e+01 3.649692e-04
2 3 -1 -1 5.982138e+01 1.058942e-03
5 
-1 -1 1 2 2.727981e+01 4.828998e-04
-1 -1 0 2 3.240685e+01 5.736571e-04
0 1 3 4 8.482626e+01 1.501571e-03
2 4 -1 -1 6.205890e+01 1.098550e-03
2 3 -1 -1 1.124026e+02 1.989721e-03
5 
-1 -1 1 2 5.917978e+01 1.047584e-03
-1 -1 0 2 4.129968e+01 7.310757e-04
0 1 3 4 1.020605e+02 1.806647e-03
2 4 -1 -1 7.118659e+01 1.260125e-03
2 3 -1 -1 1.549201e+01 2.742353e-04
5 
-1 -1 1 2 3.431047e+01 6.073545e-04
-1 -1 0 2 2.702996e+01 4.784769e-04
0 1 3 4 4.191038e+01 7.418861e-04
2 4 -1 -1 9.659188e+01 1.709843e-03
2 3 -1 -1 8.180375e+01 1.448068e-03
5 
-1 -1 1 2 2.442088e+01 4.322916e-04
-1 -1 0 2 3.569233e+01 6.318158e-04
0 1 3 4 2.145625e+01 3.798126e-04
2 4 -1 -1 3.531926e+01 6.252118e-04
2 3 -1 -1 2.401948e+01 4.251863e-04
5 
-1 -1 1 2 1.373460e+01 2.431261e-04
-1 -1 0 2 7.339064e+01 1.299141e-03
0 1 3 4 5.784406e+01 1.023940e-03
2 4 -1 -1 2.256552e+01 3.994487e-04
2 3 -1 -1 1.113903e+01 1.971801e-04
5 
-1 -1 1 2 3.055703e+01 5.409122e-04
-1 -1 0 2 7.333396e+01 1.298138e-03
0 1 3 4 4.184637e+01 7.407529e-04
2 4 -1 -1 2.346033e+01 4.152883e-04
2 3 -1 -1 1.186890e+02 2.101001e-03
5 
-1 -1 1 2 9.674637e+01 1.712578e-03
-1 -1 0 2 7.009772e+01 1.240851e-03
0 1 3 4 4.623976e+01 8.185235e-04
2 4 -1 -1 2.741611e+01 4.853124e-04
2 3 -1 -1 4.533019e+01 8.024225e-04
5 
-1 -1 1 2 5.311500e+01 9.402272e-04
-1 -1 0 2 3.874754e+01 6.858984e-04
0 1 3 4 7.859337e+01 1.391238e-03
2 4 -1 -1 2.995882e+01 5.303229e-04
2 3 -1 -1 7.489141e+01 1.325707e-03
5 
-1 -1 1 2 1.413640e+01 2.502387e-04
-1 -1 0 2 2.710504e+01 4.798060e-04
0 1 3 4 3.631242e+01 6.427924e-04
2 4 -1 -1 2.295863e+01 4.064074e-04
2 3 -1 -1 1.858666e+01 3.290159e-04
5 
-1 -1 1 2 2.585534e+01 4.576841e-04
-1 -1 0 2 6.213344e+01 1.099869e-03
0 1 3 4 8.258735e+01 1.461939e-03
2 4 -1 -1 3.635159e+01 6.434859e-04
2 3 -1 -1 2.018595e+01 3.573261e-04
5 
-1 -1 1 2 5.096898e+01 9.022389e-04
-1 -1 0 2 1.273747e+01 2.254752e-04
0 1 3 4 7.826321e+01 1.385394e-03
2 4 -1 -1 7.250334e+01 1.283434e-03
2 3 -1 -1 3.649096e+01 6.459530e-04
5 
-1 -1 1 2 1.648903e+01 2.918843e-04
-1 -1 0 2 5.188147e+01 9.183915e-04
0 1 3 4 6.381963e+01 1.129718e-03
2 4 -1 -1 3.188768e+01 5.644670e-04
2 3 -1 -1 2.921740e+01 5.171984e-04
5 
-1 -1 1 2 7.884557e+01 1.395703e-03
-1 -1 0 2 8.224149e+01 1.455816e-03
0 1 3 4 3.768755e+01 6.671347e-04
2 4 -1 -1 6.318260e+01 1.118441e-03
2 3 -1 -1 2.807479e+01 4.969722e-04
5 
-1 -1 1 2 8.712780e+01 1.542312e-03
-1 -1 0 2 4.898197e+01 8.670654e-04
0 1 3 4 1.116739e+02 1.976821e-03
2 4 -1 -1 5.711713e+01 1.011072e-03
2 3 -1 -1 5.828667e+01 1.031775e-03
5 
-1 -1 1 2 4.178181e+01 7.396101e-04
-1 -1 0 2 2.473558e+01 4.378625e-04
0 1 3 4 3.007996e+01 5.324672e-04
2 4 -1 -1 4.662413e+01 8.253277e-04
2 3 -1 -1 5.945031e+01 1.052373e-03
5 
-1 -1 1 2 9.064611e+01 1.604593e-03
-1 -1 0 2 7.554408e+01 1.337261e-03
0 1 3 4 2.397547e+01 4.244071e-04
2 4 -1 -1 5.444084e+01 9.636968e-04
2 3 -1 -1 2.839500e+01 5.026405e-04
5 
-1 -1 1 2 3.210886e+01 5.683823e-04
-1 -1 0 2 4.241608e+01 7.508379e-04
0 1 3 4 1.006442e+02 1.781576e-03
2 4 -1 -1 2.959768e+01 5.239300e-04
2 3 -1 -1 1.111237e+02 1.967081e-03
5 
-1 -1 1 2 5.328660e+01 9.432647e-04
-1 -1 0 2 8.041927e+01 1.423560e-03
0 1 3 4 7.761856e+01 1.373983e-03
2 4 -1 -1 1.675426e+01 2.965793e-04
2 3 -1 -1 1.063491e+02 1.882562e-03
5 
-1 -1 1 2 4.023067e+01 7.121523e-04
-1 -1 0 2 5.714607e+01 1.011584e-03
0 1 3 4 7.821913e+01 1.384614e-03
2 4 -1 -1 2.409369e+01 4.264998e-04
2 3 -1 -1 3.456364e+01 6.118361e-04
5 
-1 -1 1 2 1.203027e+02 2.129565e-03
-1 -1 0 2 3.860015e+01 6.832892e-04
0 1 3 4 3.756343e+01 6.649375e-04
2 4 -1 -1 6.493630e+01 1.149485e-03
2 3 -1 -1 4.294028e+01 7.601171e-04
5 
-1 -1 1 2 4.549988e+01 8.054265e-04
-1 -1 0 2 4.131741e+01 7.313895e-04
0 1 3 4 8.287799e+01 1.467083e-03
2 4 -1 -1 3.612136e+01 6.394104e-04
2 3 -1 -1 4.751403e+01 8.410804e-04
5 
-1 -1 1 2 4.795069e+01 8.488099e-04
-1 -1 0 2 4.495387e+01 7.957611e-04
0 1 3 4 4.274934e+01 7.567371e-04
2 4 -1 -1 6.639063e+01 1.175229e-03
2 3 -1 -1 2.729305e+01 4.831341e-04
5 
-1 -1 1 2 3.365314e+01 5.957187e-04
-1 -1 0 2 5.336829e+01 9.447109e-04
0 1 3 4 1.387318e+02 2.455793e-03
2 4 -1 -1 5.428116e+01 9.608703e-04
2 3 -1 -1 5.367128e+01 9.500743e-04
5 
-1 -1 1 2 1.885612e+01 3.337858e-04
-1 -1 0 2 5.310993e+01 9.401375e-04
0 1 3 4 8.016717e+01 1.419097e-03
2 4 -1 -1 1.750706e+01 3.099052e-04
2 3 -1 -1 3.658527e+01 6.476224e-04
5 
-1 -1 1 2 9.884279e+01 1.749688e-03
-1 -1 0 2 6.076271e+01 1.075605e-03
0 1 3 4 5.364153e+01 9.495477e-04
2 4 -1 -1 7.083803e+01 1.253955e-03
2 3 -1 -1 6.118264e+01 1.083038e-03
5 
-1 -1 1 2 8.100163e+01 1.433869e-03
-1 -1 0 2 7.132028e+01 1.262492e-03
0 1 3 4 5.281089e+01 9.348439e-04
2 4 -1 -1 5.508304e+01 9.750649e-04
2 3 -1 -1 3.164860e+01 5.602348e-04
5 
-1 -1 1 2 2.833435e+01 5.015669e-04
-1 -1 0 2 5.463744e+01 9.671770e-04
0 1 3 4 6.329221e+01 1.120381e-03
2 4 -1 -1 3.662604e+01 6.483441e-04
2 3 -1 -1 2.109959e+01 3.734992e-04
