H 
4.000000e+01 
200 
5 
-1 -1 1 2 8.414691e+01 1.515007e-03
-1 -1 0 2 2.830937e+01 5.096907e-04
0 1 3 4 3.699604e+01 6.660881e-04
2 4 -1 -1 4.212832e+01 7.584913e-04
2 3 -1 -1 4.970789e+01 8.949562e-04
5 
-1 -1 1 2 9.614172e+00 1.730965e-04
-1 -1 0 2 1.867520e+01 3.362341e-04
0 1 3 4 7.879479e+01 1.418646e-03
2 4 -1 -1 7.262810e+01 1.307619e-03
2 3 -1 -1 6.924575e+01 1.246722e-03
5 
-1 -1 1 2 3.892769e+01 7.008661e-04
-1 -1 0 2 4.768262e+01 8.584927e-04
0 1 3 4 1.071179e+02 1.928583e-03
2 4 -1 -1 1.299735e+02 2.340084e-03
2 3 -1 -1 2.375542e+01 4.277000e-04
5 
-1 -1 1 2 6.682637e+01 1.203163e-03
-1 -1 0 2 2.166301e+01 3.900275e-04
0 1 3 4 3.985145e+01 7.174979e-04
2 4 -1 -1 3.727315e+01 6.710773e-04
2 3 -1 -1 1.579093e+01 2.843049e-04
5 
-1 -1 1 2 2.721893e+01 4.900580e-04
-1 -1 0 2 1.662847e+01 2.993841e-04
0 1 3 4 3.210231e+01 5.779799e-04
2 4 -1 -1 8.167880e+00 1.470570e-04
2 3 -1 -1 6.942024e+01 1.249863e-03
5 
-1 -1 1 2 4.866937e+01 8.762585e-04
-1 -1 0 2 4.811669e+01 8.663077e-04
0 1 3 4 3.628136e+01 6.532208e-04
2 4 -1 -1 1.151694e+02 2.073545e-03
2 3 -1 -1 7.931887e+01 1.428082e-03
5 
-1 -1 1 2 2.884194e+01 5.192791e-04
-1 -1 0 2 1.673437e+01 3.012907e-04
0 1 3 4 1.031342e+02 1.856860e-03
2 4 -1 -1 3.489278e+00 6.282204e-05
2 3 -1 -1 1.270063e+02 2.286661e-03
5 
-1 -1 1 2 1.256352e+01 2.261975e-04
-1 -1 0 2 5.695003e+01 1.025346e-03
0 1 3 4 6.563085e+01 1.181638e-03
2 4 -1 -1 7.484516e+01 1.347535e-03
2 3 -1 -1 3.267912e+02 5.883650e-03
5 
-1 -1 1 2 5.107123e+01 9.195023e-04
-1 -1 0 2 5.074897e+01 9.137001e-04
0 1 3 4 2.805514e+01 5.051134e-04
2 4 -1 -1 1.697940e+01 3.057023e-04
2 3 -1 -1 3.655379e+01 6.581257e-04
5 
-1 -1 1 2 3.582957e+01 6.450867e-04
-1 -1 0 2 3.328247e+01 5.992279e-04
0 1 3 4 7.180009e+01 1.292711e-03
2 4 -1 -1 6.755520e+01 1.216285e-03
2 3 -1 -1 4.422677e+01 7.962724e-04
5 
-1 -1 1 2 6.387722e+01 1.150065e-03
-1 -1 0 2 7.156576e+01 1.288492e-03
0 1 3 4 3.253170e+01 5.857109e-04
2 4 -1 -1 4.475960e+01 8.058657e-04
2 3 -1 -1 1.732049e+01 3.118435e-04
5 
-1 -1 1 2 4.786971e+01 8.618611e-04
-1 -1 0 2 1.745179e+01 3.142074e-04
0 1 3 4 6.382757e+01 1.149171e-03
2 4 -1 -1 3.851543e+01 6.934437e-04
2 3 -1 -1 1.199340e+02 2.159330e-03
5 
-1 -1 1 2 6.432170e+01 1.158068e-03
-1 -1 0 2 5.061443e+01 9.112779e-04
0 1 3 4 1.424558e+02 2.564819e-03
2 4 -1 -1 3.339540e+01 6.012611e-04
2 3 -1 -1 4.140361e+01 7.454435e-04
5 
-1 -1 1 2 1.050025e+02 1.890497e-03
-1 -1 0 2 5.442642e+01 9.799101e-04
0 1 3 4 6.916814e+01 1.245325e-03
2 4 -1 -1 1.009299e+02 1.817173e-03
2 3 -1 -1 2.331346e+01 4.197428e-04
5 
-1 -1 1 2 3.057006e+01 5.503928e-04
-1 -1 0 2 5.329549e+01 9.595484e-04
0 1 3 4 3.538644e+01 6.371084e-04
2 4 -1 -1 3.028574e+02 5.452739e-03
2 3 -1 -1 2.483058e+01 4.470574e-04
5 
-1 -1 1 2 5.978286e+01 1.076349e-03
-1 -1 0 2 4.734345e+01 8.523861e-04
0 1 3 4 4.614477e+01 8.308047e-04
2 4 -1 -1 7.701671e+01 1.386633e-03
2 3 -1 -1 1.627262e+01 2.929774e-04
5 
-1 -1 1 2 2.991747e+01 5.386434e-04
-1 -1 0 2 1.191839e+02 2.145825e-03
0 1 3 4 1.026932e+02 1.848919e-03
2 4 -1 -1 8.716247e+01 1.569300e-03
2 3 -1 -1 2.526586e+01 4.548944e-04
5 
-1 -1 1 2 7.257687e+01 1.306696e-03
-1 -1 0 2 2.730740e+01 4.916509e-04
0 1 3 4 7.924525e+01 1.426756e-03
2 4 -1 -1 2.022390e+01 3.641174e-04
2 3 -1 -1 9.836923e+01 1.771070e-03
5 
-1 -1 1 2 5.248263e+01 9.449135e-04
-1 -1 0 2 1.037505e+02 1.867957e-03
0 1 3 4 4.744507e+01 8.542158e-04
2 4 -1 -1 1.047487e+01 1.885927e-04
2 3 -1 -1 2.995439e+01 5.393081e-04
5 
-1 -1 1 2 5.172686e+01 9.313064e-04
-1 -1 0 2 1.661595e+01 2.991587e-04
0 1 3 4 4.063299e+01 7.315689e-04
2 4 -1 -1 2.638403e+01 4.750262e-04
2 3 -1 -1 3.487534e+01 6.279065e-04
5 
-1 -1 1 2 5.177748e+01 9.322179e-04
-1 -1 0 2 5.465278e+01 9.839855e-04
0 1 3 4 5.325673e+01 9.588507e-04
2 4 -1 -1 1.313337e+02 2.364573e-03
2 3 -1 -1 1.101150e+02 1.982544e-03
5 
-1 -1 1 2 3.144749e+01 5.661903e-04
-1 -1 0 2 2.499300e+01 4.499818e-04
0 1 3 4 5.124655e+01 9.226587e-04
2 4 -1 -1 3.978353e+01 7.162750e-04
2 3 -1 -1 4.829285e+01 8.694795e-04
5 
-1 -1 1 2 6.724231e+01 1.210651e-03
-1 -1 0 2 4.354608e+01 7.840172e-04
0 1 3 4 8.085074e+01 1.455662e-03
2 4 -1 -1 6.122355e+01 1.102288e-03
2 3 -1 -1 2.009201e+01 3.617428e-04
5 
-1 -1 1 2 3.424684e+01 6.165908e-04
-1 -1 0 2 1.516726e+01 2.730761e-04
0 1 3 4 7.664824e+01 1.379999e-03
2 4 -1 -1 6.411979e+01 1.154433e-03
2 3 -1 -1 3.550265e+01 6.392007e-04
5 
-1 -1 1 2 2.117020e+01 3.811549e-04
-1 -1 0 2 1.795198e+01 3.232130e-04
0 1 3 4 4.668337e+01 8.405019e-04
2 4 -1 -1 2.265222e+01 4.078377e-04
2 3 -1 -1 2.020095e+01 3.637042e-04
5 
-1 -1 1 2 3.133286e+01 5.641265e-04
-1 -1 0 2 7.078342e+01 1.274407e-03
0 1 3 4 2.990351e+01 5.383920e-04
2 4 -1 -1 3.878188e+01 6.982410e-04
2 3 -1 -1 6.283110e+01 1.131231e-03
5 
-1 -1 1 2 2.079983e+01 3.744866e-04
-1 -1 0 2 1.502657e+01 2.705430e-04
0 1 3 4 6.816992e+01 1.227352e-03
2 4 -1 -1 3.566935e+01 6.422021e-04
2 3 -1 -1 3.624355e+01 6.525401e-04
5 
-1 -1 1 2 5.373226e+01 9.674122e-04
-1 -1 0 2 2.309271e+01 4.157684e-04
0 1 3 4 9.323056e+01 1.678552e-03
2 4 -1 -1 4.162348e+01 7.494020e-04
2 3 -1 -1 9.622441e+01 1.732454e-03
5 
-1 -1 1 2 5.583512e+01 1.005273e-03
-1 -1 0 2 2.763890e+01 4.976194e-04
0 1 3 4 7.521170e+01 1.354135e-03
2 4 -1 -1 4.616625e+01 8.311915e-04
2 3 -1 -1 2.180570e+01 3.925966e-04
5 
-1 -1 1 2 1.600956e+01 2.882411e-04
-1 -1 0 2 1.025957e+02 1.847165e-03
0 1 3 4 6.357595e+01 1.144641e-03
2 4 -1 -1 4.759485e+01 8.569124e-04
2 3 -1 -1 9.470712e+01 1.705136e-03
5 
-1 -1 1 2 7.625916e+01 1.372994e-03
-1 -1 0 2 2.535584e+01 4.565144e-04
0 1 3 4 2.637050e+01 4.747826e-04
2 4 -1 -1 1.979338e+01 3.563661e-04
2 3 -1 -1 1.914227e+01 3.446434e-04
5 
-1 -1 1 2 4.236655e+01 7.627805e-04
-1 -1 0 2 3.797386e+01 6.836932e-04
0 1 3 4 4.986556e+01 8.977951e-04
2 4 -1 -1 6.276716e+01 1.130079e-03
2 3 -1 -1 3.097624e+01 5.577059e-04
5 
-1 -1 1 2 6.765168e+01 1.218022e-03
-1 -1 0 2 7.425492e+01 1.336909e-03
0 1 3 4 2.491699e+01 4.486133e-04
2 4 -1 -1 3.782494e+01 6.810119e-04
2 3 -1 -1 4.587840e+01 8.260090e-04
5 
-1 -1 1 2 5.280493e+00 9.507163e-05
-1 -1 0 2 3.690052e+01 6.643684e-04
0 1 3 4 8.698652e+01 1.566132e-03
2 4 -1 -1 7.099733e+01 1.278258e-03
2 3 -1 -1 6.070027e+01 1.092866e-03
5 
-1 -1 1 2 6.500200e+01 1.170316e-03
-1 -1 0 2 4.080529e+01 7.346711e-04
0 1 3 4 1.561421e+02 2.811231e-03
2 4 -1 -1 7.346433e+01 1.322674e-03
2 3 -1 -1 1.205962e+02 2.171251e-03
5 
-1 -1 1 2 3.316157e+01 5.970512e-04
-1 -1 0 2 3.640182e+01 6.553897e-04
0 1 3 4 6.487102e+01 1.167958e-03
2 4 -1 -1 1.766335e+01 3.180164e-04
2 3 -1 -1 1.041799e+01 1.875688e-04
5 
-1 -1 1 2 2.547473e+01 4.586549e-04
-1 -1 0 2 1.884285e+01 3.392525e-04
0 1 3 4 2.098425e+01 3.778070e-04
2 4 -1 -1 3.641064e+01 6.555485e-04
2 3 -1 -1 2.339303e+01 4.211754e-04
5 
-1 -1 1 2 4.389939e+01 7.903783e-04
-1 -1 0 2 5.434999e+01 9.785340e-04
0 1 3 4 8.017764e+01 1.443543e-03
2 4 -1 -1 1.251928e+01 2.254010e-04
2 3 -1 -1 1.888019e+01 3.399247e-04
5 
-1 -1 1 2 2.886213e+01 5.196428e-04
-1 -1 0 2 3.447045e+01 6.206166e-04
0 1 3 4 3.078219e+01 5.542121e-04
2 4 -1 -1 8.316890e+01 1.497399e-03
2 3 -1 -1 8.332719e+01 1.500248e-03
5 
-1 -1 1 2 2.412263e+01 4.343113e-04
-1 -1 0 2 3.197865e+01 5.757535e-04
0 1 3 4 1.112675e+02 2.003295e-03
2 4 -1 -1 2.232964e+01 4.020298e-04
2 3 -1 -1 5.470374e+01 9.849031e-04
5 
-1 -1 1 2 7.547981e+01 1.358962e-03
-1 -1 0 2 5.071123e+01 9.130207e-04
0 1 3 4 4.210949e+01 7.581524e-04
2 4 -1 -1 3.215145e+01 5.788646e-04
2 3 -1 -1 1.629353e+01 2.933537e-04
5 
-1 -1 1 2 8.997241e+01 1.619891e-03
-1 -1 0 2 8.919463e+01 1.605888e-03
0 1 3 4 5.932362e+01 1.068081e-03
2 4 -1 -1 1.992964e+01 3.588194e-04
2 3 -1 -1 3.151883e+01 5.674747e-04
5 
-1 -1 1 2 1.414048e+01 2.545896e-04
-1 -1 0 2 6.789212e+01 1.222351e-03
0 1 3 4 3.302842e+01 5.946540e-04
2 4 -1 -1 1.526572e+01 2.748488e-04
2 3 -1 -1 1.778559e+01 3.202172e-04
5 
-1 -1 1 2 8.957844e+01 1.612798e-03
-1 -1 0 2 1.699461e+01 3.059763e-04
0 1 3 4 6.647226e+01 1.196787e-03
2 4 -1 -1 3.482409e+01 6.269837e-04
2 3 -1 -1 7.201200e+01 1.296526e-03
5 
-1 -1 1 2 2.622569e+01 4.721754e-04
-1 -1 0 2 4.073457e+01 7.333977e-04
0 1 3 4 5.938556e+01 1.069196e-03
2 4 -1 -1 6.042295e+01 1.087873e-03
2 3 -1 -1 3.883719e+02 6.992368e-03
5 
-1 -1 1 2 2.790377e+01 5.023881e-04
-1 -1 0 2 4.044636e+01 7.282088e-04
0 1 3 4 4.863791e+01 8.756921e-04
2 4 -1 -1 4.410032e+01 7.939959e-04
2 3 -1 -1 4.568024e+01 8.224412e-04
5 
-1 -1 1 2 7.126365e+01 1.283053e-03
-1 -1 0 2 8.531963e+00 1.536121e-04
0 1 3 4 5.789851e+01 1.042423e-03
2 4 -1 -1 2.273403e+01 4.093105e-04
2 3 -1 -1 7.585251e+01 1.365672e-03
5 
-1 -1 1 2 1.548767e+02 2.788448e-03
-1 -1 0 2 1.601424e+01 2.883253e-04
0 1 3 4 6.726752e+01 1.211105e-03
2 4 -1 -1 1.371206e+02 2.468762e-03
2 3 -1 -1 3.543108e+01 6.379122e-04
5 
-1 -1 1 2 1.096124e+02 1.973496e-03
-1 -1 0 2 4.387055e+01 7.898589e-04
0 1 3 4 4.767981e+01 8.584420e-04
2 4 -1 -1 3.313165e+01 5.965125e-04
2 3 -1 -1 4.477964e+01 8.062264e-04
5 
-1 -1 1 2 4.283758e+01 7.712611e-04
-1 -1 0 2 4.924358e+01 8.865967e-04
0 1 3 4 4.184343e+01 7.533621e-04
2 4 -1 -1 9.227374e+01 1.661325e-03
2 3 -1 -1 2.929203e+01 5.273828e-04
5 
-1 -1 1 2 6.756032e+01 1.216377e-03
-1 -1 0 2 1.717745e+01 3.092681e-04
0 1 3 4 5.095708e+01 9.174471e-04
2 4 -1 -1 7.705558e+01 1.387333e-03
2 3 -1 -1 1.908512e+01 3.436145e-04
5 
-1 -1 1 2 5.011426e+01 9.022727e-04
-1 -1 0 2 1.512145e+01 2.722512e-04
0 1 3 4 7.093891e+01 1.277206e-03
2 4 -1 -1 3.865875e+01 6.960242e-04
2 3 -1 -1 2.334492e+01 4.203093e-04
5 
-1 -1 1 2 3.027128e+01 5.450134e-04
-1 -1 0 2 4.009687e+01 7.219165e-04
0 1 3 4 1.452359e+02 2.614873e-03
2 4 -1 -1 2.147205e+01 3.865894e-04
2 3 -1 -1 4.435082e+01 7.985059e-04
5 
-1 -1 1 2 4.715407e+01 8.489765e-04
-1 -1 0 2 6.449360e+01 1.161163e-03
0 1 3 4 9.751177e+01 1.755632e-03
2 4 -1 -1 8.831830e+01 1.590110e-03
2 3 -1 -1 6.574586e+01 1.183709e-03
5 
-1 -1 1 2 5.132668e+01 9.241015e-04
-1 -1 0 2 3.142257e+01 5.657417e-04
0 1 3 4 6.764566e+01 1.217913e-03
2 4 -1 -1 3.704198e+01 6.669152e-04
2 3 -1 -1 1.745458e+02 3.142576e-03
5 
-1 -1 1 2 8.427934e+01 1.517391e-03
-1 -1 0 2 3.314938e+01 5.968317e-04
0 1 3 4 8.856196e+01 1.594497e-03
2 4 -1 -1 9.480162e+01 1.706838e-03
2 3 -1 -1 5.404146e+01 9.729793e-04
5 
-1 -1 1 2 3.255380e+01 5.861087e-04
-1 -1 0 2 5.252127e+01 9.456092e-04
0 1 3 4 9.925204e+01 1.786964e-03
2 4 -1 -1 3.213506e+01 5.785697e-04
2 3 -1 -1 2.586041e+01 4.655988e-04
5 
-1 -1 1 2 8.752798e+01 1.575881e-03
-1 -1 0 2 1.922354e+01 3.461066e-04
0 1 3 4 4.647304e+01 8.367151e-04
2 4 -1 -1 3.269231e+01 5.886025e-04
2 3 -1 -1 7.115608e+01 1.281116e-03
5 
-1 -1 1 2 1.360147e+01 2.448851e-04
-1 -1 0 2 1.038362e+02 1.869500e-03
0 1 3 4 2.732232e+01 4.919195e-04
2 4 -1 -1 3.312905e+01 5.964657e-04
2 3 -1 -1 3.198108e+01 5.757972e-04
5 
-1 -1 1 2 7.124802e+01 1.282771e-03
-1 -1 0 2 1.040879e+02 1.874032e-03
0 1 3 4 5.439117e+01 9.792754e-04
2 4 -1 -1 3.588216e+01 6.460336e-04
2 3 -1 -1 3.230371e+01 5.816059e-04
5 
-1 -1 1 2 3.296318e+01 5.934793e-04
-1 -1 0 2 6.032101e+01 1.086038e-03
0 1 3 4 4.236996e+01 7.628419e-04
2 4 -1 -1 1.056219e+02 1.901649e-03
2 3 -1 -1 1.836863e+01 3.307144e-04
5 
-1 -1 1 2 2.717394e+01 4.892481e-04
-1 -1 0 2 6.216857e+01 1.119302e-03
0 1 3 4 6.435737e+01 1.158710e-03
2 4 -1 -1 3.561756e+01 6.412696e-04
2 3 -1 -1 7.531031e+01 1.355910e-03
5 
-1 -1 1 2 9.999282e+01 1.800302e-03
-1 -1 0 2 4.919933e+01 8.858000e-04
0 1 3 4 8.491568e+01 1.528848e-03
2 4 -1 -1 3.593696e+01 6.470202e-04
2 3 -1 -1 5.441410e+01 9.796883e-04
5 
-1 -1 1 2 1.830556e+01 3.295789e-04
-1 -1 0 2 2.778146e+01 5.001860e-04
0 1 3 4 5.751287e+01 1.035479e-03
2 4 -1 -1 2.002467e+01 3.605303e-04
2 3 -1 -1 3.117877e+01 5.613523e-04
5 
-1 -1 1 2 4.100114e+01 7.381972e-04
-1 -1 0 2 1.091122e+02 1.964491e-03
0 1 3 4 7.976086e+01 1.436039e-03
2 4 -1 -1 8.641192e+01 1.555787e-03
2 3 -1 -1 3.811272e+01 6.861932e-04
5 
-1 -1 1 2 1.216663e+02 2.190518e-03
-1 -1 0 2 5.700322e+01 1.026304e-03
0 1 3 4 1.018953e+02 1.834554e-03
2 4 -1 -1 2.073889e+01 3.733894e-04
2 3 -1 -1 2.777014e+01 4.999822e-04
5 
-1 -1 1 2 1.854306e+01 3.338550e-04
-1 -1 0 2 7.811713e+01 1.406445e-03
0 1 3 4 5.336625e+01 9.608225e-04
2 4 -1 -1 4.383300e+01 7.891829e-04
2 3 -1 -1 8.668599e+01 1.560721e-03
5 
-1 -1 1 2 1.570464e+01 2.827512e-04
-1 -1 0 2 2.078085e+02 3.741448e-03
0 1 3 4 6.447679e+01 1.160860e-03
2 4 -1 -1 2.729288e+01 4.913894e-04
2 3 -1 -1 1.378353e+01 2.481630e-04
5 
-1 -1 1 2 2.010812e+01 3.620329e-04
-1 -1 0 2 1.702712e+02 3.065616e-03
0 1 3 4 2.429483e+01 4.374117e-04
2 4 -1 -1 6.141655e+01 1.105763e-03
2 3 -1 -1 3.721058e+02 6.699508e-03
5 
-1 -1 1 2 2.704287e+01 4.868883e-04
-1 -1 0 2 6.519591e+01 1.173807e-03
0 1 3 4 4.129522e+01 7.434920e-04
2 4 -1 -1 3.450164e+01 6.211783e-04
2 3 -1 -1 2.383334e+01 4.291029e-04
5 
-1 -1 1 2 2.548118e+01 4.587711e-04
-1 -1 0 2 6.384508e+01 1.149487e-03
0 1 3 4 6.540259e+01 1.177528e-03
2 4 -1 -1 1.052834e+02 1.895554e-03
2 3 -1 -1 6.033340e+01 1.086261e-03
5 
-1 -1 1 2 1.237448e+01 2.227940e-04
-1 -1 0 2 6.657033e+01 1.198553e-03
0 1 3 4 5.509658e+01 9.919758e-04
2 4 -1 -1 2.368726e+01 4.264727e-04
2 3 -1 -1 2.420332e+01 4.357641e-04
5 
-1 -1 1 2 2.778940e+01 5.003289e-04
-1 -1 0 2 3.587302e+01 6.458689e-04
0 1 3 4 4.550565e+01 8.192978e-04
2 4 -1 -1 3.622211e+01 6.521541e-04
2 3 -1 -1 1.370113e+01 2.466795e-04
5 
-1 -1 1 2 2.944439e+01 5.301258e-04
-1 -1 0 2 7.488854e+01 1.348316e-03
0 1 3 4 4.972006e+01 8.951754e-04
2 4 -1 -1 1.102329e+02 1.984667e-03
2 3 -1 -1 2.918871e+01 5.255225e-04
5 
-1 -1 1 2 9.729257e+01 1.751686e-03
-1 -1 0 2 1.238225e+02 2.229339e-03
0 1 3 4 7.888421e+01 1.420256e-03
2 4 -1 -1 1.488408e+02 2.679777e-03
2 3 -1 -1 6.997998e+01 1.259941e-03
5 
-1 -1 1 2 2.797433e+01 5.036585e-04
-1 -1 0 2 7.933484e+01 1.428369e-03
0 1 3 4 8.740406e+01 1.573650e-03
2 4 -1 -1 4.747250e+01 8.547095e-04
2 3 -1 -1 3.728971e+01 6.713755e-04
5 
-1 -1 1 2 2.565504e+01 4.619013e-04
-1 -1 0 2 2.966988e+01 5.341856e-04
0 1 3 4 4.008497e+01 7.217022e-04
2 4 -1 -1 4.122706e+01 7.422647e-04
2 3 -1 -1 1.210955e+02 2.180241e-03
5 
-1 -1 1 2 3.092464e+01 5.567768e-04
-1 -1 0 2 4.562268e+01 8.214049e-04
0 1 3 4 8.718965e+01 1.569790e-03
2 4 -1 -1 8.356265e+01 1.504488e-03
2 3 -1 -1 4.944276e+01 8.901827e-04
5 
-1 -1 1 2 1.125007e+02 2.025497e-03
-1 -1 0 2 4.365700e+01 7.860142e-04
0 1 3 4 6.012249e+01 1.082464e-03
2 4 -1 -1 1.183334e+02 2.130511e-03
2 3 -1 -1 2.394861e+01 4.311781e-04
5 
-1 -1 1 2 1.919695e+02 3.456279e-03
-1 -1 0 2 2.625165e+01 4.726428e-04
0 1 3 4 8.608845e+01 1.549963e-03
2 4 -1 -1 4.438290e+01 7.990835e-04
2 3 -1 -1 2.125357e+01 3.826559e-04
5 
-1 -1 1 2 5.937863e+01 1.069071e-03
-1 -1 0 2 9.788655e+01 1.762380e-03
0 1 3 4 6.574280e+01 1.183654e-03
2 4 -1 -1 8.120272e+01 1.461999e-03
2 3 -1 -1 3.699231e+01 6.660210e-04
5 
-1 -1 1 2 1.458193e+01 2.625376e-04
-1 -1 0 2 3.670977e+01 6.609341e-04
0 1 3 4 1.106766e+02 1.992656e-03
2 4 -1 -1 2.893934e+01 5.210328e-04
2 3 -1 -1 3.290358e+01 5.924062e-04
5 
-1 -1 1 2 6.662146e+01 1.199473e-03
-1 -1 0 2 5.304634e+01 9.550628e-04
0 1 3 4 6.145601e+01 1.106473e-03
2 4 -1 -1 4.409013e+01 7.938123e-04
2 3 -1 -1 2.975896e+01 5.357896e-04
5 
-1 -1 1 2 3.489709e+01 6.282980e-04
-1 -1 0 2 6.832457e+01 1.230137e-03
0 1 3 4 7.534673e+01 1.356566e-03
2 4 -1 -1 5.697597e+01 1.025813e-03
2 3 -1 -1 4.340783e+01 7.815279e-04
5 
-1 -1 1 2 7.394303e+01 1.331293e-03
-1 -1 0 2 4.305049e+01 7.750944e-04
0 1 3 4 5.727147e+01 1.031133e-03
2 4 -1 -1 2.291626e+01 4.125915e-04
2 3 -1 -1 1.380664e+01 2.485791e-04
5 
-1 -1 1 2 5.737617e+01 1.033018e-03
-1 -1 0 2 3.061805e+01 5.512569e-04
0 1 3 4 3.418960e+01 6.155602e-04
2 4 -1 -1 2.863103e+01 5.154820e-04
2 3 -1 -1 2.752696e+01 4.956040e-04
5 
-1 -1 1 2 6.159122e+01 1.108907e-03
-1 -1 0 2 6.126848e+01 1.103097e-03
0 1 3 4 1.447532e+02 2.606181e-03
2 4 -1 -1 3.626517e+01 6.529294e-04
2 3 -1 -1 4.513163e+01 8.125638e-04
5 
-1 -1 1 2 1.926063e+01 3.467744e-04
-1 -1 0 2 5.489552e+01 9.883559e-04
0 1 3 4 2.316255e+01 4.170258e-04
2 4 -1 -1 4.310851e+01 7.761389e-04
2 3 -1 -1 1.047304e+02 1.885598e-03
5 
-1 -1 1 2 5.388645e+01 9.701884e-04
-1 -1 0 2 2.565386e+01 4.618800e-04
0 1 3 4 4.143345e+01 7.459806e-04
2 4 -1 -1 2.299552e+01 4.140185e-04
2 3 -1 -1 5.832267e+01 1.050059e-03
5 
-1 -1 1 2 7.276497e+01 1.310083e-03
-1 -1 0 2 5.211307e+01 9.382598e-04
0 1 3 4 3.941561e+01 7.096508e-04
2 4 -1 -1 3.977567e+01 7.161336e-04
2 3 -1 -1 8.458260e+01 1.522851e-03
5 
-1 -1 1 2 2.465669e+01 4.439268e-04
-1 -1 0 2 3.719764e+01 6.697178e-04
0 1 3 4 5.969886e+01 1.074837e-03
2 4 -1 -1 9.803721e+01 1.765092e-03
2 3 -1 -1 2.911387e+01 5.241751e-04
5 
-1 -1 1 2 2.868618e+01 5.164748e-04
-1 -1 0 2 2.725729e+01 4.907487e-04
0 1 3 4 1.148489e+02 2.067775e-03
2 4 -1 -1 4.378301e+01 7.882829e-04
2 3 -1 -1 2.362475e+01 4.253474e-04
5 
-1 -1 1 2 6.619563e+01 1.191807e-03
-1 -1 0 2 1.028859e+02 1.852390e-03
0 1 3 4 9.769597e+01 1.758949e-03
2 4 -1 -1 1.834289e+01 3.302511e-04
2 3 -1 -1 4.209435e+01 7.578798e-04
5 
-1 -1 1 2 7.628344e+01 1.373431e-03
-1 -1 0 2 6.201788e+01 1.116589e-03
0 1 3 4 7.252675e+01 1.305794e-03
2 4 -1 -1 2.654780e+01 4.779748e-04
2 3 -1 -1 4.689144e+01 8.442480e-04
5 
-1 -1 1 2 3.867649e+01 6.963434e-04
-1 -1 0 2 2.820727e+01 5.078524e-04
0 1 3 4 4.983053e+01 8.971643e-04
2 4 -1 -1 2.675920e+01 4.817809e-04
2 3 -1 -1 5.866631e+01 1.056246e-03
5 
-1 -1 1 2 1.091825e+02 1.965756e-03
-1 -1 0 2 3.987509e+01 7.179235e-04
0 1 3 4 2.872850e+01 5.172368e-04
2 4 -1 -1 1.787908e+01 3.219005e-04
2 3 -1 -1 3.595218e+01 6.472941e-04
5 
-1 -1 1 2 5.786216e+01 1.041768e-03
-1 -1 0 2 2.389396e+01 4.301942e-04
0 1 3 4 3.857347e+01 6.944887e-04
2 4 -1 -1 5.962070e+01 1.073430e-03
2 3 -1 -1 5.166151e+01 9.301299e-04
5 
-1 -1 1 2 6.632493e+01 1.194135e-03
-1 -1 0 2 2.602828e+01 4.686211e-04
0 1 3 4 9.214842e+01 1.659069e-03
2 4 -1 -1 3.004832e+01 5.409993e-04
2 3 -1 -1 1.898333e+01 3.417817e-04
5 
-1 -1 1 2 3.474107e+01 6.254890e-04
-1 -1 0 2 1.950032e+01 3.510898e-04
0 1 3 4 4.124378e+01 7.425658e-04
2 4 -1 -1 6.053682e+01 1.089924e-03
2 3 -1 -1 3.014569e+01 5.427524e-04
5 
-1 -1 1 2 9.279693e+01 1.670745e-03
-1 -1 0 2 3.685761e+01 6.635959e-04
0 1 3 4 6.368933e+01 1.146682e-03
2 4 -1 -1 4.784880e+01 8.614846e-04
2 3 -1 -1 7.543250e+01 1.358110e-03
5 
-1 -1 1 2 2.295584e+01 4.133041e-04
-1 -1 0 2 1.897641e+01 3.416572e-04
0 1 3 4 7.250137e+01 1.305337e-03
2 4 -1 -1 4.882254e+01 8.790162e-04
2 3 -1 -1 4.749891e+01 8.551850e-04
5 
-1 -1 1 2 6.489791e+01 1.168442e-03
-1 -1 0 2 3.384087e+01 6.092816e-04
0 1 3 4 5.680606e+01 1.022754e-03
2 4 -1 -1 5.196650e+01 9.356211e-04
2 3 -1 -1 6.335394e+01 1.140644e-03
5 
-1 -1 1 2 5.182892e+01 9.331439e-04
-1 -1 0 2 2.852158e+01 5.135113e-04
0 1 3 4 6.045592e+01 1.088467e-03
2 4 -1 -1 5.451328e+01 9.814739e-04
2 3 -1 -1 4.267272e+01 7.682929e-04
5 
-1 -1 1 2 6.324106e+01 1.138612e-03
-1 -1 0 2 7.433469e+01 1.338345e-03
0 1 3 4 5.801422e+01 1.044506e-03
2 4 -1 -1 5.715087e+01 1.028962e-03
2 3 -1 -1 6.419796e+01 1.155840e-03
5 
-1 -1 1 2 3.374834e+01 6.076155e-04
-1 -1 0 2 7.824891e+01 1.408818e-03
0 1 3 4 3.058629e+01 5.506851e-04
2 4 -1 -1 2.722019e+01 4.900807e-04
2 3 -1 -1 2.617445e+01 4.712528e-04
5 
-1 -1 1 2 3.979941e+01 7.165609e-04
-1 -1 0 2 6.452741e+01 1.161771e-03
0 1 3 4 5.166092e+01 9.301192e-04
2 4 -1 -1 1.167707e+02 2.102375e-03
2 3 -1 -1 7.819533e+01 1.407853e-03
5 
-1 -1 1 2 3.269792e+01 5.887034e-04
-1 -1 0 2 2.609939e+01 4.699016e-04
0 1 3 4 4.315651e+01 7.770031e-04
2 4 -1 -1 4.463691e+01 8.036567e-04
2 3 -1 -1 3.366228e+01 6.060661e-04
5 
-1 -1 1 2 5.589654e+01 1.006379e-03
-1 -1 0 2 9.242125e+01 1.663981e-03
0 1 3 4 6.983084e+01 1.257256e-03
2 4 -1 -1 5.281210e+01 9.508453e-04
2 3 -1 -1 2.144347e+01 3.860749e-04
5 
-1 -1 1 2 2.945684e+01 5.303500e-04
-1 -1 0 2 3.563973e+01 6.416687e-04
0 1 3 4 1.169666e+02 2.105904e-03
2 4 -1 -1 4.409985e+01 7.939873e-04
2 3 -1 -1 2.272816e+01 4.092049e-04
5 
-1 -1 1 2 3.686097e+01 6.636562e-04
-1 -1 0 2 4.857201e+01 8.745054e-04
0 1 3 4 1.085758e+02 1.954832e-03
2 4 -1 -1 8.727578e+01 1.571340e-03
2 3 -1 -1 2.694255e+01 4.850821e-04
5 
-1 -1 1 2 7.528298e+01 1.355418e-03
-1 -1 0 2 4.852009e+01 8.735707e-04
0 1 3 4 6.946417e+01 1.250654e-03
2 4 -1 -1 4.922756e+01 8.863082e-04
2 3 -1 -1 4.197988e+01 7.558187e-04
5 
-1 -1 1 2 3.567673e+01 6.423349e-04
-1 -1 0 2 1.061100e+02 1.910437e-03
0 1 3 4 1.146387e+02 2.063990e-03
2 4 -1 -1 1.083004e+02 1.949874e-03
2 3 -1 -1 1.723866e+01 3.103701e-04
5 
-1 -1 1 2 3.332138e+01 5.999284e-04
-1 -1 0 2 3.038637e+01 5.470857e-04
0 1 3 4 3.975518e+01 7.157646e-04
2 4 -1 -1 2.379863e+01 4.284779e-04
2 3 -1 -1 1.036246e+02 1.865689e-03
5 
-1 -1 1 2 3.981078e+01 7.167656e-04
-1 -1 0 2 4.667260e+01 8.403079e-04
0 1 3 4 7.907637e+01 1.423715e-03
2 4 -1 -1 3.340361e+01 6.014089e-04
2 3 -1 -1 2.472935e+01 4.452349e-04
5 
-1 -1 1 2 1.833550e+01 3.301181e-04
-1 -1 0 2 1.205429e+02 2.170292e-03
0 1 3 4 4.117022e+01 7.412414e-04
2 4 -1 -1 1.989156e+01 3.581338e-04
2 3 -1 -1 5.987322e+01 1.077976e-03
5 
-1 -1 1 2 2.267761e+01 4.082947e-04
-1 -1 0 2 9.656382e+01 1.738565e-03
0 1 3 4 6.877661e+01 1.238275e-03
2 4 -1 -1 7.628683e+01 1.373492e-03
2 3 -1 -1 1.674809e+01 3.015378e-04
5 
-1 -1 1 2 4.035908e+01 7.266374e-04
-1 -1 0 2 6.442954e+01 1.160009e-03
0 1 3 4 7.502569e+01 1.350786e-03
2 4 -1 -1 3.610037e+01 6.499622e-04
2 3 -1 -1 2.093634e+01 3.769443e-04
5 
-1 -1 1 2 1.121623e+02 2.019406e-03
-1 -1 0 2 2.947131e+01 5.306105e-04
0 1 3 4 1.331807e+02 2.397827e-03
2 4 -1 -1 6.026947e+01 1.085110e-03
2 3 -1 -1 4.633513e+01 8.342320e-04
5 
-1 -1 1 2 8.542402e+01 1.538000e-03
-1 -1 0 2 2.007408e+01 3.614199e-04
0 1 3 4 4.397081e+01 7.916641e-04
2 4 -1 -1 9.851309e+01 1.773660e-03
2 3 -1 -1 1.960923e+01 3.530506e-04
5 
-1 -1 1 2 2.093480e+01 3.769167e-04
-1 -1 0 2 1.477523e+01 2.660178e-04
0 1 3 4 6.487517e+01 1.168033e-03
2 4 -1 -1 2.435435e+01 4.384832e-04
2 3 -1 -1 3.541906e+01 6.376957e-04
5 
-1 -1 1 2 6.689584e+01 1.204413e-03
-1 -1 0 2 1.468743e+01 2.644371e-04
0 1 3 4 5.074150e+01 9.135657e-04
2 4 -1 -1 3.233848e+01 5.822320e-04
2 3 -1 -1 2.864356e+01 5.157075e-04
5 
-1 -1 1 2 4.918700e+01 8.855779e-04
-1 -1 0 2 2.670218e+01 4.807543e-04
0 1 3 4 5.929934e+01 1.067644e-03
2 4 -1 -1 4.028614e+01 7.253241e-04
2 3 -1 -1 3.785291e+01 6.815156e-04
5 
-1 -1 1 2 9.796064e+01 1.763714e-03
-1 -1 0 2 4.282464e+01 7.710281e-04
0 1 3 4 3.911045e+01 7.041567e-04
2 4 -1 -1 5.954678e+01 1.072099e-03
2 3 -1 -1 2.739763e+01 4.932754e-04
5 
-1 -1 1 2 4.013355e+01 7.225769e-04
-1 -1 0 2 3.237767e+01 5.829376e-04
0 1 3 4 1.088630e+02 1.960004e-03
2 4 -1 -1 4.805873e+01 8.652642e-04
2 3 -1 -1 2.199372e+01 3.959817e-04
5 
-1 -1 1 2 2.097026e+01 3.775551e-04
-1 -1 0 2 2.822936e+01 5.082501e-04
0 1 3 4 6.455899e+01 1.162340e-03
2 4 -1 -1 4.557030e+01 8.204617e-04
2 3 -1 -1 4.463353e+01 8.035959e-04
5 
-1 -1 1 2 2.708384e+01 4.876258e-04
-1 -1 0 2 6.324902e+01 1.138755e-03
0 1 3 4 7.819634e+01 1.407871e-03
2 4 -1 -1 8.538950e+01 1.537379e-03
2 3 -1 -1 1.696874e+01 3.055104e-04
5 
-1 -1 1 2 2.845970e+01 5.123972e-04
-1 -1 0 2 3.376358e+01 6.078899e-04
0 1 3 4 7.011209e+01 1.262320e-03
2 4 -1 -1 2.166706e+01 3.901005e-04
2 3 -1 -1 8.323130e+01 1.498522e-03
5 
-1 -1 1 2 1.288726e+02 2.320261e-03
-1 -1 0 2 4.287108e+01 7.718642e-04
0 1 3 4 6.427738e+01 1.157270e-03
2 4 -1 -1 1.273803e+02 2.293394e-03
2 3 -1 -1 3.628267e+01 6.532444e-04
5 
-1 -1 1 2 1.546874e+01 2.785039e-04
-1 -1 0 2 8.973590e+01 1.615633e-03
0 1 3 4 4.995080e+01 8.993297e-04
2 4 -1 -1 1.572261e+02 2.830747e-03
2 3 -1 -1 6.780283e+01 1.220743e-03
5 
-1 -1 1 2 5.329237e+01 9.594923e-04
-1 -1 0 2 4.094229e+01 7.371377e-04
0 1 3 4 7.279477e+01 1.310620e-03
2 4 -1 -1 8.501220e+01 1.530586e-03
2 3 -1 -1 8.830673e+01 1.589902e-03
5 
-1 -1 1 2 6.306115e+01 1.135372e-03
-1 -1 0 2 6.430461e+01 1.157760e-03
0 1 3 4 7.323042e+01 1.318463e-03
2 4 -1 -1 1.169858e+02 2.106248e-03
2 3 -1 -1 1.617123e+01 2.911519e-04
5 
-1 -1 1 2 8.224405e+01 1.480747e-03
-1 -1 0 2 3.248295e+01 5.848331e-04
0 1 3 4 1.090880e+02 1.964054e-03
2 4 -1 -1 2.585428e+01 4.654886e-04
2 3 -1 -1 3.496387e+01 6.295003e-04
5 
-1 -1 1 2 7.599347e+01 1.368210e-03
-1 -1 0 2 4.546347e+01 8.185384e-04
0 1 3 4 4.239071e+01 7.632154e-04
2 4 -1 -1 4.727410e+01 8.511375e-04
2 3 -1 -1 6.321691e+01 1.138177e-03
5 
-1 -1 1 2 1.580269e+01 2.845164e-04
-1 -1 0 2 4.942371e+01 8.898399e-04
0 1 3 4 3.778925e+01 6.803694e-04
2 4 -1 -1 4.003024e+01 7.207169e-04
2 3 -1 -1 1.082421e+02 1.948825e-03
5 
-1 -1 1 2 7.436795e+01 1.338944e-03
-1 -1 0 2 5.352794e+01 9.637336e-04
0 1 3 4 9.235659e+01 1.662817e-03
2 4 -1 -1 5.202245e+01 9.366283e-04
2 3 -1 -1 2.973104e+01 5.352868e-04
5 
-1 -1 1 2 2.024715e+01 3.645360e-04
-1 -1 0 2 1.351399e+02 2.433101e-03
0 1 3 4 9.437978e+01 1.699243e-03
2 4 -1 -1 2.414977e+01 4.347999e-04
2 3 -1 -1 1.377252e+02 2.479647e-03
5 
-1 -1 1 2 5.028049e+01 9.052656e-04
-1 -1 0 2 3.516997e+01 6.332110e-04
0 1 3 4 5.246524e+01 9.446005e-04
2 4 -1 -1 5.272953e+01 9.493588e-04
2 3 -1 -1 2.817168e+02 5.072117e-03
5 
-1 -1 1 2 8.999723e+00 1.620338e-04
-1 -1 0 2 6.489585e+01 1.168405e-03
0 1 3 4 5.749416e+01 1.035143e-03
2 4 -1 -1 5.048784e+01 9.089988e-04
2 3 -1 -1 6.385361e+01 1.149640e-03
5 
-1 -1 1 2 3.408456e+01 6.136689e-04
-1 -1 0 2 2.368608e+01 4.264515e-04
0 1 3 4 4.848110e+01 8.728688e-04
2 4 -1 -1 3.855334e+01 6.941262e-04
2 3 -1 -1 3.434799e+01 6.184118e-04
5 
-1 -1 1 2 2.648925e+01 4.769207e-04
-1 -1 0 2 7.919891e+01 1.425922e-03
0 1 3 4 8.738580e+01 1.573321e-03
2 4 -1 -1 4.138228e+01 7.450594e-04
2 3 -1 -1 7.366602e+01 1.326306e-03
5 
-1 -1 1 2 4.128819e+01 7.433653e-04
-1 -1 0 2 4.042478e+01 7.278203e-04
0 1 3 4 5.775731e+01 1.039880e-03
2 4 -1 -1 3.465462e+01 6.239325e-04
2 3 -1 -1 7.243580e+01 1.304157e-03
5 
-1 -1 1 2 4.597667e+01 8.277782e-04
-1 -1 0 2 7.268589e+01 1.308659e-03
0 1 3 4 7.611696e+01 1.370433e-03
2 4 -1 -1 6.866836e+01 1.236326e-03
2 3 -1 -1 3.176782e+01 5.719578e-04
5 
-1 -1 1 2 5.449977e+01 9.812307e-04
-1 -1 0 2 8.386848e+01 1.509994e-03
0 1 3 4 1.009496e+02 1.817528e-03
2 4 -1 -1 5.788168e+01 1.042120e-03
2 3 -1 -1 7.294504e+01 1.313325e-03
5 
-1 -1 1 2 1.408849e+01 2.536535e-04
-1 -1 0 2 4.804573e+01 8.650302e-04
0 1 3 4 1.117672e+02 2.012290e-03
2 4 -1 -1 5.700287e+01 1.026297e-03
2 3 -1 -1 3.230897e+01 5.817007e-04
5 
-1 -1 1 2 8.150422e+01 1.467427e-03
-1 -1 0 2 4.375225e+01 7.877291e-04
0 1 3 4 1.165015e+02 2.097530e-03
2 4 -1 -1 1.561531e+01 2.811429e-04
2 3 -1 -1 4.263135e+01 7.675479e-04
5 
-1 -1 1 2 6.073650e+01 1.093519e-03
-1 -1 0 2 3.249852e+01 5.851134e-04
0 1 3 4 4.103835e+01 7.388672e-04
2 4 -1 -1 5.122956e+01 9.223529e-04
2 3 -1 -1 2.775946e+01 4.997900e-04
5 
-1 -1 1 2 1.092150e+01 1.966341e-04
-1 -1 0 2 2.476158e+01 4.458152e-04
0 1 3 4 4.810418e+01 8.660825e-04
2 4 -1 -1 4.889058e+01 8.802412e-04
2 3 -1 -1 1.179904e+02 2.124336e-03
5 
-1 -1 1 2 1.038674e+02 1.870061e-03
-1 -1 0 2 4.972313e+01 8.952306e-04
0 1 3 4 7.714007e+01 1.388854e-03
2 4 -1 -1 2.255799e+01 4.061410e-04
2 3 -1 -1 7.371808e+01 1.327243e-03
5 
-1 -1 1 2 2.032656e+01 3.659657e-04
-1 -1 0 2 7.258045e+01 1.306761e-03
0 1 3 4 6.520471e+01 1.173966e-03
2 4 -1 -1 2.121596e+01 3.819786e-04
2 3 -1 -1 4.313337e+01 7.765865e-04
5 
-1 -1 1 2 2.829701e+01 5.094681e-04
-1 -1 0 2 2.621334e+01 4.719530e-04
0 1 3 4 5.891280e+01 1.060684e-03
2 4 -1 -1 3.213930e+01 5.786459e-04
2 3 -1 -1 2.508855e+01 4.517020e-04
5 
-1 -1 1 2 9.282177e+01 1.671192e-03
-1 -1 0 2 1.269873e+02 2.286318e-03
0 1 3 4 7.135141e+01 1.284633e-03
2 4 -1 -1 9.061092e+01 1.631387e-03
2 3 -1 -1 1.647127e+02 2.965538e-03
5 
-1 -1 1 2 1.820380e+02 3.277468e-03
-1 -1 0 2 3.547186e+01 6.386464e-04
0 1 3 4 6.607702e+01 1.189671e-03
2 4 -1 -1 5.909164e+01 1.063904e-03
2 3 -1 -1 3.628569e+01 6.532987e-04
5 
-1 -1 1 2 4.273242e+01 7.693677e-04
-1 -1 0 2 4.625051e+01 8.327086e-04
0 1 3 4 6.269038e+01 1.128697e-03
2 4 -1 -1 6.907369e+01 1.243624e-03
2 3 -1 -1 8.209417e+01 1.478049e-03
5 
-1 -1 1 2 4.470821e+01 8.049405e-04
-1 -1 0 2 2.619429e+01 4.716100e-04
0 1 3 4 7.907891e+01 1.423761e-03
2 4 -1 -1 3.949181e+01 7.110228e-04
2 3 -1 -1 3.739011e+01 6.731831e-04
5 
-1 -1 1 2 1.263168e+02 2.274246e-03
-1 -1 0 2 6.933209e+01 1.248277e-03
0 1 3 4 8.477552e+01 1.526325e-03
2 4 -1 -1 5.047594e+01 9.087844e-04
2 3 -1 -1 4.918270e+01 8.855006e-04
5 
-1 -1 1 2 2.924916e+01 5.266109e-04
-1 -1 0 2 5.616728e+01 1.011253e-03
0 1 3 4 6.035049e+01 1.086569e-03
2 4 -1 -1 4.526350e+01 8.149380e-04
2 3 -1 -1 3.071241e+01 5.529557e-04
5 
-1 -1 1 2 1.133246e+02 2.040330e-03
-1 -1 0 2 2.440866e+01 4.394610e-04
0 1 3 4 1.139548e+02 2.051677e-03
2 4 -1 -1 1.125227e+01 2.025894e-04
2 3 -1 -1 8.332105e+01 1.500138e-03
5 
-1 -1 1 2 3.029044e+01 5.453584e-04
-1 -1 0 2 3.179830e+01 5.725064e-04
0 1 3 4 6.527068e+01 1.175154e-03
2 4 -1 -1 5.430492e+01 9.777227e-04
2 3 -1 -1 2.224378e+01 4.004839e-04
5 
-1 -1 1 2 1.542877e+01 2.777844e-04
-1 -1 0 2 1.606777e+01 2.892891e-04
0 1 3 4 6.251118e+01 1.125471e-03
2 4 -1 -1 4.630475e+01 8.336850e-04
2 3 -1 -1 8.793281e+01 1.583170e-03
5 
-1 -1 1 2 2.073927e+01 3.733962e-04
-1 -1 0 2 2.630424e+01 4.735898e-04
0 1 3 4 8.340674e+01 1.501681e-03
2 4 -1 -1 4.984948e+01 8.975056e-04
2 3 -1 -1 3.847335e+01 6.926861e-04
5 
-1 -1 1 2 7.605776e+01 1.369367e-03
-1 -1 0 2 3.229949e+01 5.815301e-04
0 1 3 4 4.100063e+01 7.381880e-04
2 4 -1 -1 2.003093e+01 3.606431e-04
2 3 -1 -1 2.078383e+01 3.741985e-04
5 
-1 -1 1 2 8.133107e+01 1.464310e-03
-1 -1 0 2 1.671079e+01 3.008662e-04
0 1 3 4 4.869668e+01 8.767501e-04
2 4 -1 -1 1.195591e+02 2.152580e-03
2 3 -1 -1 7.886215e+01 1.419859e-03
5 
-1 -1 1 2 5.771830e+01 1.039178e-03
-1 -1 0 2 2.830511e+01 5.096139e-04
0 1 3 4 3.119429e+01 5.616316e-04
2 4 -1 -1 5.458544e+01 9.827731e-04
2 3 -1 -1 1.850926e+01 3.332464e-04
5 
-1 -1 1 2 3.896478e+01 7.015340e-04
-1 -1 0 2 1.223376e+01 2.202604e-04
0 1 3 4 3.730218e+01 6.716000e-04
2 4 -1 -1 3.912416e+01 7.044035e-04
2 3 -1 -1 3.963590e+01 7.136170e-04
5 
-1 -1 1 2 3.736816e+01 6.727879e-04
-1 -1 0 2 1.231975e+02 2.218085e-03
0 1 3 4 3.672739e+01 6.612513e-04
2 4 -1 -1 1.312612e+01 2.363268e-04
2 3 -1 -1 2.612611e+01 4.703827e-04
5 
-1 -1 1 2 5.079442e+01 9.145184e-04
-1 -1 0 2 5.226884e+01 9.410645e-04
0 1 3 4 5.977565e+01 1.076219e-03
2 4 -1 -1 5.517496e+01 9.933870e-04
2 3 -1 -1 1.250391e+02 2.251243e-03
5 
-1 -1 1 2 7.828349e+01 1.409440e-03
-1 -1 0 2 5.436736e+01 9.788468e-04
0 1 3 4 5.137044e+01 9.248893e-04
2 4 -1 -1 2.197567e+01 3.956567e-04
2 3 -1 -1 4.760574e+01 8.571085e-04
5 
-1 -1 1 2 6.329249e+01 1.139538e-03
-1 -1 0 2 4.629055e+01 8.334294e-04
0 1 3 4 5.107110e+01 9.195000e-04
2 4 -1 -1 1.884838e+01 3.393521e-04
2 3 -1 -1 2.574490e+01 4.635192e-04
5 
-1 -1 1 2 5.378229e+01 9.683130e-04
-1 -1 0 2 1.576917e+02 2.839130e-03
0 1 3 4 5.404711e+01 9.730809e-04
2 4 -1 -1 2.503490e+01 4.507360e-04
2 3 -1 -1 1.926488e+02 3.468509e-03
5 
-1 -1 1 2 1.045341e+02 1.882065e-03
-1 -1 0 2 5.459026e+01 9.828600e-04
0 1 3 4 6.452431e+01 1.161716e-03
2 4 -1 -1 1.512274e+01 2.722744e-04
2 3 -1 -1 2.182918e+01 3.930194e-04
5 
-1 -1 1 2 4.899584e+01 8.821363e-04
-1 -1 0 2 9.124619e+00 1.642825e-04
0 1 3 4 6.783120e+01 1.221254e-03
2 4 -1 -1 3.236402e+01 5.826918e-04
2 3 -1 -1 2.864089e+01 5.156595e-04
5 
-1 -1 1 2 8.275578e+01 1.489961e-03
-1 -1 0 2 3.240593e+01 5.834463e-04
0 1 3 4 7.038863e+01 1.267299e-03
2 4 -1 -1 3.227778e+01 5.811391e-04
2 3 -1 -1 5.770586e+01 1.038954e-03
5 
-1 -1 1 2 4.861125e+01 8.752121e-04
-1 -1 0 2 6.096455e+01 1.097625e-03
0 1 3 4 4.993812e+01 8.991014e-04
2 4 -1 -1 4.748199e+01 8.548804e-04
2 3 -1 -1 6.224804e+01 1.120733e-03
5 
-1 -1 1 2 7.092113e+01 1.276886e-03
-1 -1 0 2 3.520727e+01 6.338825e-04
0 1 3 4 7.195638e+01 1.295525e-03
2 4 -1 -1 2.515357e+01 4.528727e-04
2 3 -1 -1 5.018711e+01 9.035842e-04
5 
-1 -1 1 2 3.483929e+01 6.272574e-04
-1 -1 0 2 7.492570e+01 1.348985e-03
0 1 3 4 4.165571e+01 7.499824e-04
2 4 -1 -1 5.101549e+01 9.184986e-04
2 3 -1 -1 5.235651e+01 9.426427e-04
5 
-1 -1 1 2 1.303084e+02 2.346113e-03
-1 -1 0 2 5.442569e+01 9.798970e-04
0 1 3 4 3.812621e+01 6.864361e-04
2 4 -1 -1 5.557449e+01 1.000580e-03
2 3 -1 -1 5.323804e+01 9.585142e-04
5 
-1 -1 1 2 9.168134e+01 1.650659e-03
-1 -1 0 2 6.293451e+01 1.133092e-03
0 1 3 4 6.353767e+01 1.143952e-03
2 4 -1 -1 3.089068e+01 5.561654e-04
2 3 -1 -1 2.379467e+01 4.284066e-04
5 
-1 -1 1 2 1.384762e+02 2.493168e-03
-1 -1 0 2 2.671858e+01 4.810496e-04
0 1 3 4 1.311497e+02 2.361259e-03
2 4 -1 -1 2.922178e+01 5.261180e-04
2 3 -1 -1 3.800255e+01 6.842097e-04
5 
-1 -1 1 2 5.440863e+01 9.795899e-04
-1 -1 0 2 3.158934e+01 5.687443e-04
0 1 3 4 4.595531e+01 8.273936e-04
2 4 -1 -1 1.017174e+02 1.831352e-03
2 3 -1 -1 2.920750e+01 5.258609e-04
5 
-1 -1 1 2 5.507264e+01 9.915448e-04
-1 -1 0 2 1.870233e+01 3.367226e-04
0 1 3 4 5.003707e+01 9.008829e-04
2 4 -1 -1 1.023814e+02 1.843307e-03
2 3 -1 -1 1.107189e+02 1.993417e-03
5 
-1 -1 1 2 6.887974e+01 1.240132e-03
-1 -1 0 2 1.351476e+02 2.433240e-03
0 1 3 4 7.754069e+01 1.396067e-03
2 4 -1 -1 6.008791e+01 1.081841e-03
2 3 -1 -1 1.531259e+02 2.756926e-03
5 
-1 -1 1 2 3.908942e+01 7.037781e-04
-1 -1 0 2 3.063443e+01 5.515518e-04
0 1 3 4 5.219198e+01 9.396805e-04
2 4 -1 -1 6.929778e+01 1.247659e-03
2 3 -1 -1 2.114509e+01 3.807027e-04
5 
-1 -1 1 2 5.088483e+01 9.161463e-04
-1 -1 0 2 2.622134e+01 4.720971e-04
0 1 3 4 4.405391e+01 7.931602e-04
2 4 -1 -1 3.039149e+01 5.471779e-04
2 3 -1 -1 1.153317e+02 2.076467e-03
5 
-1 -1 1 2 2.175180e+01 3.916261e-04
-1 -1 0 2 2.514576e+01 4.527320e-04
0 1 3 4 1.363208e+02 2.454362e-03
2 4 -1 -1 3.909922e+01 7.039545e-04
2 3 -1 -1 3.108721e+01 5.597037e-04
5 
-1 -1 1 2 1.150930e+02 2.072170e-03
-1 -1 0 2 8.976922e+01 1.616233e-03
0 1 3 4 3.370572e+01 6.068482e-04
2 4 -1 -1 4.873496e+01 8.774393e-04
2 3 -1 -1 1.029588e+02 1.853702e-03
5 
-1 -1 1 2 7.382098e+01 1.329096e-03
-1 -1 0 2 5.229604e+01 9.415542e-04
0 1 3 4 4.748159e+01 8.548733e-04
2 4 -1 -1 2.059536e+01 3.708052e-04
2 3 -1 -1 2.248800e+01 4.048809e-04
5 
-1 -1 1 2 4.143869e+01 7.460750e-04
-1 -1 0 2 1.805801e+01 3.251219e-04
0 1 3 4 4.832052e+01 8.699777e-04
2 4 -1 -1 5.521047e+01 9.940264e-04
2 3 -1 -1 8.781541e+01 1.581056e-03
5 
-1 -1 1 2 6.296283e+01 1.133602e-03
-1 -1 0 2 2.589746e+01 4.662659e-04
0 1 3 4 1.148835e+02 2.068399e-03
2 4 -1 -1 6.292492e+01 1.132920e-03
2 3 -1 -1 1.275246e+02 2.295992e-03
5 
-1 -1 1 2 8.003681e+01 1.441008e-03
-1 -1 0 2 3.535403e+01 6.365249e-04
0 1 3 4 2.968280e+01 5.344183e-04
2 4 -1 -1 5.395622e+01 9.714445e-04
2 3 -1 -1 4.774391e+01 8.595962e-04
5 
-1 -1 1 2 9.506844e+01 1.711642e-03
-1 -1 0 2 6.148194e+01 1.106940e-03
0 1 3 4 5.730078e+01 1.031661e-03
2 4 -1 -1 2.326474e+01 4.188656e-04
2 3 -1 -1 3.601765e+01 6.484729e-04
5 
-1 -1 1 2 5.687510e+01 1.023997e-03
-1 -1 0 2 1.026994e+02 1.849032e-03
0 1 3 4 4.150999e+01 7.473588e-04
2 4 -1 -1 3.852815e+01 6.936727e-04
2 3 -1 -1 2.889421e+01 5.202204e-04
5 
-1 -1 1 2 8.827984e+01 1.589418e-03
-1 -1 0 2 2.478676e+01 4.462685e-04
0 1 3 4 6.744461e+01 1.214294e-03
2 4 -1 -1 5.599719e+01 1.008191e-03
2 3 -1 -1 3.254657e+01 5.859785e-04
5 
-1 -1 1 2 4.009745e+01 7.219269e-04
-1 -1 0 2 5.213356e+01 9.386288e-04
0 1 3 4 3.994092e+01 7.191086e-04
2 4 -1 -1 4.951691e+01 8.915177e-04
2 3 -1 -1 5.305740e+01 9.552619e-04
5 
-1 -1 1 2 5.050901e+01 9.093799e-04
-1 -1 0 2 4.174048e+01 7.515085e-04
0 1 3 4 9.061157e+01 1.631399e-03
2 4 -1 -1 4.244203e+01 7.641394e-04
2 3 -1 -1 4.333396e+01 7.801981e-04
5 
-1 -1 1 2 1.937366e+01 3.488093e-04
-1 -1 0 2 5.063529e+01 9.116534e-04
0 1 3 4 6.264685e+01 1.127913e-03
2 4 -1 -1 3.506515e+01 6.313238e-04
2 3 -1 -1 1.622323e+01 2.920880e-04
5 
-1 -1 1 2 5.724763e+01 1.030704e-03
-1 -1 0 2 2.396696e+01 4.315086e-04
0 1 3 4 7.740502e+01 1.393624e-03
2 4 -1 -1 6.447859e+01 1.160893e-03
2 3 -1 -1 1.725148e+01 3.106010e-04
5 
-1 -1 1 2 4.258785e+01 7.667648e-04
-1 -1 0 2 1.965421e+01 3.538606e-04
0 1 3 4 1.239658e+02 2.231918e-03
2 4 -1 -1 5.744479e+01 1.034254e-03
2 3 -1 -1 6.512171e+01 1.172471e-03
5 
-1 -1 1 2 3.616143e+01 6.510617e-04
-1 -1 0 2 6.832168e+01 1.230085e-03
0 1 3 4 1.954303e+02 3.518588e-03
2 4 -1 -1 4.780931e+01 8.607737e-04
2 3 -1 -1 1.057037e+02 1.903121e-03
5 
-1 -1 1 2 7.537691e+01 1.357109e-03
-1 -1 0 2 4.801040e+01 8.643941e-04
0 1 3 4 6.892993e+01 1.241036e-03
2 4 -1 -1 7.023283e+01 1.264494e-03
2 3 -1 -1 5.096147e+01 9.175261e-04
5 
-1 -1 1 2 3.115345e+01 5.608963e-04
-1 -1 0 2 1.405368e+01 2.530269e-04
0 1 3 4 5.382877e+01 9.691499e-04
2 4 -1 -1 2.806181e+01 5.052335e-04
2 3 -1 -1 1.560764e+01 2.810048e-04
