H 
4.000000e+01 
200 
5 
-1 -1 1 2 5.041499e+00 8.156996e-04
-1 -1 0 2 8.552138e-01 1.383711e-04
0 1 3 4 6.697830e+00 1.083689e-03
2 4 -1 -1 7.885474e+00 1.275846e-03
2 3 -1 -1 2.500000e-05 4.044926e-09
5 
-1 -1 1 2 9.845836e+00 1.593027e-03
-1 -1 0 2 1.295085e+01 2.095409e-03
0 1 3 4 9.574750e+00 1.549166e-03
2 4 -1 -1 1.123421e+01 1.817661e-03
2 3 -1 -1 6.654366e+00 1.076657e-03
5 
-1 -1 1 2 1.597703e+01 2.585037e-03
-1 -1 0 2 6.806234e+00 1.101229e-03
0 1 3 4 1.042481e+01 1.686704e-03
2 4 -1 -1 6.535298e-01 1.057392e-04
2 3 -1 -1 9.197386e+00 1.488110e-03
5 
-1 -1 1 2 1.318963e+01 2.134043e-03
-1 -1 0 2 5.159718e+00 8.348271e-04
0 1 3 4 4.687123e+00 7.583627e-04
2 4 -1 -1 5.474539e+00 8.857642e-04
2 3 -1 -1 1.077793e+01 1.743837e-03
5 
-1 -1 1 2 6.284634e+00 1.016835e-03
-1 -1 0 2 6.162128e+00 9.970141e-04
0 1 3 4 8.235218e-01 1.332434e-04
2 4 -1 -1 5.417349e+00 8.765110e-04
2 3 -1 -1 1.030700e+01 1.667641e-03
5 
-1 -1 1 2 1.045248e+01 1.691181e-03
-1 -1 0 2 5.395852e+00 8.730328e-04
0 1 3 4 5.292140e+00 8.562526e-04
2 4 -1 -1 4.924492e+00 7.967683e-04
2 3 -1 -1 2.197073e-01 3.554800e-05
5 
-1 -1 1 2 2.215608e+00 3.584788e-04
-1 -1 0 2 9.457723e+00 1.530232e-03
0 1 3 4 1.100061e+00 1.779866e-04
2 4 -1 -1 3.019296e+00 4.885131e-04
2 3 -1 -1 3.891317e+00 6.296035e-04
5 
-1 -1 1 2 2.500000e-05 4.044926e-09
-1 -1 0 2 2.500000e-05 4.044926e-09
0 1 3 4 2.500000e-05 4.044926e-09
2 4 -1 -1 3.042866e-01 4.923267e-05
2 3 -1 -1 2.500000e-05 4.044926e-09
5 
-1 -1 1 2 6.537354e+00 1.057724e-03
-1 -1 0 2 2.503624e+00 4.050790e-04
0 1 3 4 4.067244e+00 6.580681e-04
2 4 -1 -1 1.303676e+01 2.109310e-03
2 3 -1 -1 1.031077e+01 1.668253e-03
5 
-1 -1 1 2 1.038983e+01 1.681045e-03
-1 -1 0 2 3.114100e+00 5.038521e-04
0 1 3 4 7.401714e-01 1.197575e-04
2 4 -1 -1 2.500000e-05 4.044926e-09
2 3 -1 -1 6.923072e+00 1.120133e-03
5 
-1 -1 1 2 1.269584e+00 2.054150e-04
-1 -1 0 2 6.161673e+00 9.969405e-04
0 1 3 4 9.125230e+00 1.476435e-03
2 4 -1 -1 6.041399e+00 9.774804e-04
2 3 -1 -1 1.592619e+00 2.576811e-04
5 
-1 -1 1 2 4.370389e+00 7.071160e-04
-1 -1 0 2 6.969142e+00 1.127587e-03
0 1 3 4 6.285876e+00 1.017036e-03
2 4 -1 -1 1.157551e+01 1.872883e-03
2 3 -1 -1 5.319585e+00 8.606932e-04
5 
-1 -1 1 2 7.027825e+00 1.137081e-03
-1 -1 0 2 6.445595e+00 1.042878e-03
0 1 3 4 4.677792e+00 7.568529e-04
2 4 -1 -1 5.307504e+00 8.587384e-04
2 3 -1 -1 2.556036e-01 4.135590e-05
5 
-1 -1 1 2 3.031806e+00 4.905372e-04
-1 -1 0 2 3.233537e+00 5.231767e-04
0 1 3 4 2.385928e+00 3.860361e-04
2 4 -1 -1 2.365923e+00 3.827993e-04
2 3 -1 -1 1.213042e+01 1.962667e-03
5 
-1 -1 1 2 1.040269e+01 1.683125e-03
-1 -1 0 2 8.183635e+00 1.324088e-03
0 1 3 4 7.380765e+00 1.194186e-03
2 4 -1 -1 5.036954e+00 8.149642e-04
2 3 -1 -1 2.500000e-05 4.044926e-09
5 
-1 -1 1 2 1.016222e+01 1.644218e-03
-1 -1 0 2 1.313084e+01 2.124531e-03
0 1 3 4 1.981814e+00 3.206516e-04
2 4 -1 -1 2.500000e-05 4.044926e-09
2 3 -1 -1 6.223737e+00 1.006982e-03
5 
-1 -1 1 2 1.030984e+00 1.668102e-04
-1 -1 0 2 4.151380e+00 6.716811e-04
0 1 3 4 6.756781e+00 1.093227e-03
2 4 -1 -1 3.191769e+00 5.164188e-04
2 3 -1 -1 3.975473e+00 6.432197e-04
5 
-1 -1 1 2 1.380046e+01 2.232874e-03
-1 -1 0 2 4.783328e+00 7.739284e-04
0 1 3 4 5.183442e+00 8.386655e-04
2 4 -1 -1 6.767507e+00 1.094963e-03
2 3 -1 -1 1.165345e+01 1.885493e-03
5 
-1 -1 1 2 2.500000e-05 4.044926e-09
-1 -1 0 2 4.983029e+00 8.062394e-04
0 1 3 4 5.748663e+00 9.301166e-04
2 4 -1 -1 1.093968e+01 1.770007e-03
2 3 -1 -1 1.523416e+00 2.464842e-04
5 
-1 -1 1 2 7.776562e+00 1.258225e-03
-1 -1 0 2 4.302298e+00 6.960991e-04
0 1 3 4 1.160591e+01 1.877802e-03
2 4 -1 -1 4.471816e+00 7.235266e-04
2 3 -1 -1 7.473609e+00 1.209208e-03
5 
-1 -1 1 2 2.495701e+00 4.037971e-04
-1 -1 0 2 4.560857e+00 7.379332e-04
0 1 3 4 2.389596e+00 3.866295e-04
2 4 -1 -1 4.223933e+00 6.834200e-04
2 3 -1 -1 7.643731e+00 1.236733e-03
5 
-1 -1 1 2 1.008046e+01 1.630988e-03
-1 -1 0 2 1.820576e+00 2.945637e-04
0 1 3 4 2.280856e+00 3.690358e-04
2 4 -1 -1 2.940131e+00 4.757045e-04
2 3 -1 -1 7.181186e+00 1.161895e-03
5 
-1 -1 1 2 1.154701e+01 1.868273e-03
-1 -1 0 2 6.249869e+00 1.011210e-03
0 1 3 4 5.858941e+00 9.479593e-04
2 4 -1 -1 5.959570e+00 9.642409e-04
2 3 -1 -1 1.023434e+01 1.655887e-03
5 
-1 -1 1 2 6.328498e+00 1.023932e-03
-1 -1 0 2 7.449832e+00 1.205361e-03
0 1 3 4 7.596692e+00 1.229122e-03
2 4 -1 -1 5.011419e+00 8.108328e-04
2 3 -1 -1 9.356941e+00 1.513925e-03
5 
-1 -1 1 2 1.684090e+00 2.724809e-04
-1 -1 0 2 1.479880e+01 2.394401e-03
0 1 3 4 2.646656e+00 4.282212e-04
2 4 -1 -1 2.500000e-05 4.044926e-09
2 3 -1 -1 7.512564e+00 1.215511e-03
5 
-1 -1 1 2 1.125216e+01 1.820566e-03
-1 -1 0 2 5.969730e+00 9.658846e-04
0 1 3 4 2.500000e-05 4.044926e-09
2 4 -1 -1 9.544308e+00 1.544241e-03
2 3 -1 -1 1.386706e+01 2.243649e-03
5 
-1 -1 1 2 4.461161e+00 7.218026e-04
-1 -1 0 2 2.500000e-05 4.044926e-09
0 1 3 4 2.500000e-05 4.044926e-09
2 4 -1 -1 3.314425e+00 5.362642e-04
2 3 -1 -1 4.123649e+00 6.671943e-04
5 
-1 -1 1 2 5.172136e+00 8.368363e-04
-1 -1 0 2 7.722928e+00 1.249547e-03
0 1 3 4 9.431260e+00 1.525950e-03
2 4 -1 -1 1.270785e+01 2.056092e-03
2 3 -1 -1 2.301196e+00 3.723268e-04
5 
-1 -1 1 2 6.003696e+00 9.713802e-04
-1 -1 0 2 3.221965e+00 5.213044e-04
0 1 3 4 6.890431e+00 1.114851e-03
2 4 -1 -1 2.500490e+00 4.045718e-04
2 3 -1 -1 7.919517e+00 1.281354e-03
5 
-1 -1 1 2 1.694321e+00 2.741361e-04
-1 -1 0 2 1.783924e+01 2.886337e-03
0 1 3 4 8.705398e+00 1.408508e-03
2 4 -1 -1 3.878716e+00 6.275648e-04
2 3 -1 -1 4.446310e+00 7.193998e-04
5 
-1 -1 1 2 9.704339e+00 1.570133e-03
-1 -1 0 2 1.210576e+01 1.958676e-03
0 1 3 4 1.140739e+01 1.845682e-03
2 4 -1 -1 3.859040e+00 6.243813e-04
2 3 -1 -1 7.566993e+00 1.224317e-03
5 
-1 -1 1 2 6.643747e+00 1.074939e-03
-1 -1 0 2 2.500000e-05 4.044926e-09
0 1 3 4 7.893182e-01 1.277093e-04
2 4 -1 -1 7.112470e+00 1.150777e-03
2 3 -1 -1 7.315345e+00 1.183601e-03
5 
-1 -1 1 2 8.260466e+00 1.336519e-03
-1 -1 0 2 5.881192e+00 9.515595e-04
0 1 3 4 2.225735e+00 3.601173e-04
2 4 -1 -1 5.251043e+00 8.496032e-04
2 3 -1 -1 2.312156e+00 3.740999e-04
5 
-1 -1 1 2 2.500000e-05 4.044926e-09
-1 -1 0 2 1.366485e+01 2.210932e-03
0 1 3 4 3.978080e+00 6.436415e-04
2 4 -1 -1 2.764367e+00 4.472664e-04
2 3 -1 -1 7.683430e+00 1.243156e-03
5 
-1 -1 1 2 3.935335e+00 6.367256e-04
-1 -1 0 2 5.055119e+00 8.179034e-04
0 1 3 4 1.363405e+01 2.205950e-03
2 4 -1 -1 1.198523e+01 1.939175e-03
2 3 -1 -1 3.914705e+00 6.333877e-04
5 
-1 -1 1 2 6.008630e+00 9.721786e-04
-1 -1 0 2 2.500000e-05 4.044926e-09
0 1 3 4 2.635628e+00 4.264368e-04
2 4 -1 -1 7.079312e+00 1.145412e-03
2 3 -1 -1 1.167595e+01 1.889134e-03
5 
-1 -1 1 2 4.948322e+00 8.006239e-04
-1 -1 0 2 2.500000e-05 4.044926e-09
0 1 3 4 5.998192e+00 9.704897e-04
2 4 -1 -1 4.892652e+00 7.916166e-04
2 3 -1 -1 6.142181e+00 9.937868e-04
5 
-1 -1 1 2 3.151840e+00 5.099583e-04
-1 -1 0 2 2.936099e+00 4.750521e-04
0 1 3 4 1.163962e+01 1.883256e-03
2 4 -1 -1 2.361480e+00 3.820806e-04
2 3 -1 -1 1.229215e+01 1.988833e-03
5 
-1 -1 1 2 1.297138e+00 2.098731e-04
-1 -1 0 2 4.751499e+00 7.687786e-04
0 1 3 4 1.248942e+01 2.020751e-03
2 4 -1 -1 2.500000e-05 4.044926e-09
2 3 -1 -1 7.853835e+00 1.270727e-03
5 
-1 -1 1 2 6.950005e+00 1.124490e-03
-1 -1 0 2 2.500000e-05 4.044926e-09
0 1 3 4 7.924559e+00 1.282170e-03
2 4 -1 -1 6.786584e+00 1.098049e-03
2 3 -1 -1 1.040150e+01 1.682932e-03
5 
-1 -1 1 2 1.819806e+00 2.944393e-04
-1 -1 0 2 3.441251e+00 5.567842e-04
0 1 3 4 9.107062e+00 1.473496e-03
2 4 -1 -1 4.716865e+00 7.631748e-04
2 3 -1 -1 7.417133e+00 1.200070e-03
5 
-1 -1 1 2 4.522509e+00 7.317285e-04
-1 -1 0 2 7.150319e-01 1.156900e-04
0 1 3 4 6.222816e+00 1.006833e-03
2 4 -1 -1 7.938959e+00 1.284500e-03
2 3 -1 -1 2.995817e+00 4.847143e-04
5 
-1 -1 1 2 2.966415e+00 4.799571e-04
-1 -1 0 2 7.867851e+00 1.272995e-03
0 1 3 4 1.030046e+01 1.666584e-03
2 4 -1 -1 9.078334e+00 1.468848e-03
2 3 -1 -1 4.713226e+00 7.625860e-04
5 
-1 -1 1 2 4.818946e+00 7.796912e-04
-1 -1 0 2 5.014742e+00 8.113704e-04
0 1 3 4 5.218064e+00 8.442674e-04
2 4 -1 -1 6.912108e+00 1.118359e-03
2 3 -1 -1 6.995558e+00 1.131861e-03
5 
-1 -1 1 2 5.531578e+00 8.949930e-04
-1 -1 0 2 8.015429e+00 1.296873e-03
0 1 3 4 3.151741e+00 5.099423e-04
2 4 -1 -1 1.244482e+01 2.013535e-03
2 3 -1 -1 1.216854e+01 1.968834e-03
5 
-1 -1 1 2 2.734479e+00 4.424306e-04
-1 -1 0 2 6.106192e+00 9.879638e-04
0 1 3 4 7.096012e+00 1.148114e-03
2 4 -1 -1 4.058272e+00 6.566165e-04
2 3 -1 -1 4.735147e+00 7.661328e-04
5 
-1 -1 1 2 8.184038e+00 1.324153e-03
-1 -1 0 2 2.500000e-05 4.044926e-09
0 1 3 4 4.696405e+00 7.598644e-04
2 4 -1 -1 4.965978e+00 8.034806e-04
2 3 -1 -1 2.500000e-05 4.044926e-09
5 
-1 -1 1 2 1.285205e+01 2.079424e-03
-1 -1 0 2 4.957145e+00 8.020515e-04
0 1 3 4 1.090866e+01 1.764990e-03
2 4 -1 -1 2.325521e+00 3.762625e-04
2 3 -1 -1 3.203734e+00 5.183546e-04
5 
-1 -1 1 2 5.209592e+00 8.428966e-04
-1 -1 0 2 8.704474e+00 1.408358e-03
0 1 3 4 2.500000e-05 4.044926e-09
2 4 -1 -1 7.488924e+00 1.211686e-03
2 3 -1 -1 3.494196e+00 5.653505e-04
5 
-1 -1 1 2 5.940657e+00 9.611807e-04
-1 -1 0 2 4.828717e+00 7.812721e-04
0 1 3 4 8.380461e+00 1.355934e-03
2 4 -1 -1 2.866996e+00 4.638714e-04
2 3 -1 -1 1.308992e+01 2.117911e-03
5 
-1 -1 1 2 2.500000e-05 4.044926e-09
-1 -1 0 2 8.324175e-01 1.346827e-04
0 1 3 4 4.746831e+00 7.680232e-04
2 4 -1 -1 2.500000e-05 4.044926e-09
2 3 -1 -1 3.803775e+00 6.154395e-04
5 
-1 -1 1 2 3.570830e+00 5.777497e-04
-1 -1 0 2 3.620010e+00 5.857070e-04
0 1 3 4 2.983064e+00 4.826510e-04
2 4 -1 -1 1.866581e+01 3.020073e-03
2 3 -1 -1 7.374408e+00 1.193157e-03
5 
-1 -1 1 2 2.500000e-05 4.044926e-09
-1 -1 0 2 1.236628e+01 2.000827e-03
0 1 3 4 1.160229e+01 1.877217e-03
2 4 -1 -1 8.995976e+00 1.455522e-03
2 3 -1 -1 7.905330e+00 1.279059e-03
5 
-1 -1 1 2 2.935853e+00 4.750124e-04
-1 -1 0 2 9.085200e+00 1.469959e-03
0 1 3 4 5.188782e+00 8.395295e-04
2 4 -1 -1 2.500000e-05 4.044926e-09
2 3 -1 -1 5.031311e+00 8.140513e-04
5 
-1 -1 1 2 7.329052e+00 1.185819e-03
-1 -1 0 2 5.815593e+00 9.409457e-04
0 1 3 4 9.658176e+00 1.562664e-03
2 4 -1 -1 1.321450e+01 2.138066e-03
2 3 -1 -1 1.023488e+01 1.655973e-03
5 
-1 -1 1 2 1.668280e+00 2.699228e-04
-1 -1 0 2 1.260612e+01 2.039633e-03
0 1 3 4 1.574627e+01 2.547700e-03
2 4 -1 -1 8.666190e+00 1.402164e-03
2 3 -1 -1 4.986215e+00 8.067548e-04
5 
-1 -1 1 2 8.250883e+00 1.334968e-03
-1 -1 0 2 3.658730e+00 5.919716e-04
0 1 3 4 7.252440e+00 1.173423e-03
2 4 -1 -1 1.146894e+01 1.855640e-03
2 3 -1 -1 4.884559e+00 7.903071e-04
5 
-1 -1 1 2 4.224381e+00 6.834924e-04
-1 -1 0 2 7.955222e+00 1.287131e-03
0 1 3 4 4.247856e+00 6.872906e-04
2 4 -1 -1 1.602607e+01 2.592971e-03
2 3 -1 -1 8.928940e+00 1.444676e-03
5 
-1 -1 1 2 1.926520e+00 3.117052e-04
-1 -1 0 2 1.136959e+01 1.839566e-03
0 1 3 4 3.374392e+00 5.459667e-04
2 4 -1 -1 8.726537e+00 1.411928e-03
2 3 -1 -1 1.492604e+01 2.414989e-03
5 
-1 -1 1 2 1.068709e+01 1.729140e-03
-1 -1 0 2 5.753362e+00 9.308770e-04
0 1 3 4 2.127739e+00 3.442619e-04
2 4 -1 -1 9.764703e+00 1.579900e-03
2 3 -1 -1 3.428475e+00 5.547171e-04
5 
-1 -1 1 2 4.728569e+00 7.650685e-04
-1 -1 0 2 4.463051e+00 7.221084e-04
0 1 3 4 5.885705e+00 9.522897e-04
2 4 -1 -1 6.843177e+00 1.107206e-03
2 3 -1 -1 2.500000e-05 4.044926e-09
5 
-1 -1 1 2 1.849425e+00 2.992314e-04
-1 -1 0 2 6.667838e+00 1.078837e-03
0 1 3 4 9.434054e+00 1.526402e-03
2 4 -1 -1 1.238077e+01 2.003171e-03
2 3 -1 -1 5.672500e+00 9.177937e-04
5 
-1 -1 1 2 7.381565e+00 1.194315e-03
-1 -1 0 2 6.389093e+00 1.033736e-03
0 1 3 4 6.121329e+00 9.904130e-04
2 4 -1 -1 1.415084e+01 2.289564e-03
2 3 -1 -1 6.658039e+00 1.077251e-03
5 
-1 -1 1 2 1.345208e+01 2.176507e-03
-1 -1 0 2 6.989279e-01 1.130845e-04
0 1 3 4 6.590390e+00 1.066306e-03
2 4 -1 -1 3.582896e+00 5.797019e-04
2 3 -1 -1 4.377277e+00 7.082304e-04
5 
-1 -1 1 2 6.591677e+00 1.066514e-03
-1 -1 0 2 7.855160e+00 1.270942e-03
0 1 3 4 8.224432e+00 1.330689e-03
2 4 -1 -1 8.816921e+00 1.426552e-03
2 3 -1 -1 3.727224e+00 6.030538e-04
5 
-1 -1 1 2 4.554013e+00 7.368258e-04
-1 -1 0 2 1.534782e+01 2.483233e-03
0 1 3 4 4.271126e+00 6.910556e-04
2 4 -1 -1 7.456190e+00 1.206390e-03
2 3 -1 -1 4.451489e+00 7.202377e-04
5 
-1 -1 1 2 4.723615e+00 7.642670e-04
-1 -1 0 2 6.591627e+00 1.066506e-03
0 1 3 4 2.316459e-01 3.747963e-05
2 4 -1 -1 8.232764e+00 1.332037e-03
2 3 -1 -1 3.289811e+00 5.322816e-04
5 
-1 -1 1 2 2.500000e-05 4.044926e-09
-1 -1 0 2 1.827352e+01 2.956601e-03
0 1 3 4 3.960936e+00 6.408677e-04
2 4 -1 -1 5.663006e+00 9.162576e-04
2 3 -1 -1 3.152301e+00 5.100329e-04
5 
-1 -1 1 2 5.035384e+00 8.147103e-04
-1 -1 0 2 2.500000e-05 4.044926e-09
0 1 3 4 1.031904e+01 1.669590e-03
2 4 -1 -1 2.500000e-05 4.044926e-09
2 3 -1 -1 2.500000e-05 4.044926e-09
5 
-1 -1 1 2 1.313804e+01 2.125696e-03
-1 -1 0 2 1.575900e+01 2.549759e-03
0 1 3 4 8.158064e+00 1.319951e-03
2 4 -1 -1 7.700230e+00 1.245874e-03
2 3 -1 -1 5.045885e+00 8.164094e-04
5 
-1 -1 1 2 3.097158e+00 5.011110e-04
-1 -1 0 2 1.261340e+01 2.040811e-03
0 1 3 4 3.448421e+00 5.579443e-04
2 4 -1 -1 3.626308e+00 5.867259e-04
2 3 -1 -1 8.136253e+00 1.316422e-03
5 
-1 -1 1 2 5.215352e+00 8.438286e-04
-1 -1 0 2 3.143269e+00 5.085717e-04
0 1 3 4 1.327315e+01 2.147557e-03
2 4 -1 -1 7.555468e+00 1.222452e-03
2 3 -1 -1 1.635322e+00 2.645903e-04
5 
-1 -1 1 2 6.284948e+00 1.016886e-03
-1 -1 0 2 5.731991e+00 9.274191e-04
0 1 3 4 9.953998e+00 1.610527e-03
2 4 -1 -1 1.183231e+01 1.914433e-03
2 3 -1 -1 4.249817e-01 6.876079e-05
5 
-1 -1 1 2 5.532428e+00 8.951305e-04
-1 -1 0 2 1.037773e+01 1.679087e-03
0 1 3 4 3.924210e+00 6.349256e-04
2 4 -1 -1 3.637816e+00 5.885879e-04
2 3 -1 -1 6.713843e+00 1.086280e-03
5 
-1 -1 1 2 1.034238e+01 1.673366e-03
-1 -1 0 2 9.054836e+00 1.465046e-03
0 1 3 4 3.586593e+00 5.803001e-04
2 4 -1 -1 1.717421e+00 2.778736e-04
2 3 -1 -1 1.520748e+00 2.460525e-04
5 
-1 -1 1 2 3.657028e+00 5.916963e-04
-1 -1 0 2 1.114659e+01 1.803486e-03
0 1 3 4 6.114074e+00 9.892392e-04
2 4 -1 -1 8.864215e-01 1.434204e-04
2 3 -1 -1 6.461654e+00 1.045477e-03
5 
-1 -1 1 2 1.092958e+01 1.768374e-03
-1 -1 0 2 3.177433e+00 5.140992e-04
0 1 3 4 5.178320e+00 8.378369e-04
2 4 -1 -1 7.993803e+00 1.293374e-03
2 3 -1 -1 7.445894e+00 1.204724e-03
5 
-1 -1 1 2 2.500000e-05 4.044926e-09
-1 -1 0 2 2.713220e+00 4.389910e-04
0 1 3 4 8.518716e+00 1.378303e-03
2 4 -1 -1 3.675232e+00 5.946416e-04
2 3 -1 -1 2.500000e-05 4.044926e-09
5 
-1 -1 1 2 7.875202e+00 1.274184e-03
-1 -1 0 2 5.022739e+00 8.126644e-04
0 1 3 4 4.759077e+00 7.700046e-04
2 4 -1 -1 9.181605e+00 1.485557e-03
2 3 -1 -1 8.632563e+00 1.396723e-03
5 
-1 -1 1 2 5.083101e+00 8.224308e-04
-1 -1 0 2 5.814690e+00 9.407996e-04
0 1 3 4 4.434927e+00 7.175581e-04
2 4 -1 -1 2.500000e-05 4.044926e-09
2 3 -1 -1 1.228233e+01 1.987245e-03
5 
-1 -1 1 2 2.931762e+00 4.743504e-04
-1 -1 0 2 6.608270e-01 1.069199e-04
0 1 3 4 9.724835e+00 1.573450e-03
2 4 -1 -1 7.487887e+00 1.211518e-03
2 3 -1 -1 3.004547e+00 4.861268e-04
5 
-1 -1 1 2 9.618685e+00 1.556275e-03
-1 -1 0 2 1.007401e+01 1.629946e-03
0 1 3 4 1.101451e+01 1.782115e-03
2 4 -1 -1 2.848956e+00 4.609526e-04
2 3 -1 -1 9.156463e+00 1.481489e-03
5 
-1 -1 1 2 1.107782e+00 1.792359e-04
-1 -1 0 2 1.297951e+01 2.100047e-03
0 1 3 4 7.864657e+00 1.272478e-03
2 4 -1 -1 5.483807e+00 8.872638e-04
2 3 -1 -1 4.940812e+00 7.994087e-04
5 
-1 -1 1 2 8.066075e+00 1.305067e-03
-1 -1 0 2 6.478027e+00 1.048126e-03
0 1 3 4 4.860204e+00 7.863667e-04
2 4 -1 -1 2.243893e+00 3.630552e-04
2 3 -1 -1 2.423339e-03 3.920891e-07
5 
-1 -1 1 2 5.841905e+00 9.452030e-04
-1 -1 0 2 8.124343e+00 1.314495e-03
0 1 3 4 8.895925e+00 1.439334e-03
2 4 -1 -1 7.459691e+00 1.206956e-03
2 3 -1 -1 1.345254e+01 2.176582e-03
5 
-1 -1 1 2 4.337981e+00 7.018725e-04
-1 -1 0 2 7.631560e+00 1.234764e-03
0 1 3 4 4.451740e+00 7.202784e-04
2 4 -1 -1 7.235389e+00 1.170664e-03
2 3 -1 -1 5.079713e+00 8.218825e-04
5 
-1 -1 1 2 5.071591e+00 8.205684e-04
-1 -1 0 2 4.391696e+00 7.105635e-04
0 1 3 4 3.801830e+00 6.151249e-04
2 4 -1 -1 9.950264e+00 1.609923e-03
2 3 -1 -1 2.692126e+00 4.355780e-04
5 
-1 -1 1 2 9.438008e+00 1.527042e-03
-1 -1 0 2 1.076121e-01 1.741132e-05
0 1 3 4 9.230606e+00 1.493485e-03
2 4 -1 -1 1.120989e+01 1.813728e-03
2 3 -1 -1 1.272902e+01 2.059518e-03
5 
-1 -1 1 2 2.500000e-05 4.044926e-09
-1 -1 0 2 1.352791e+00 2.188775e-04
0 1 3 4 1.854049e+00 2.999797e-04
2 4 -1 -1 9.282600e+00 1.501897e-03
2 3 -1 -1 1.090389e+01 1.764217e-03
5 
-1 -1 1 2 7.563575e+00 1.223764e-03
-1 -1 0 2 2.500000e-05 4.044926e-09
0 1 3 4 8.109153e+00 1.312037e-03
2 4 -1 -1 1.095040e+01 1.771742e-03
2 3 -1 -1 8.614194e+00 1.393751e-03
5 
-1 -1 1 2 6.925900e+00 1.120590e-03
-1 -1 0 2 8.537808e+00 1.381392e-03
0 1 3 4 1.830181e+00 2.961179e-04
2 4 -1 -1 5.217301e+00 8.441439e-04
2 3 -1 -1 1.340754e+01 2.169300e-03
5 
-1 -1 1 2 2.255115e+00 3.648709e-04
-1 -1 0 2 5.882714e+00 9.518057e-04
0 1 3 4 4.120635e+00 6.667065e-04
2 4 -1 -1 1.509586e+01 2.442465e-03
2 3 -1 -1 1.192408e+01 1.929281e-03
5 
-1 -1 1 2 8.563438e+00 1.385539e-03
-1 -1 0 2 2.500000e-05 4.044926e-09
0 1 3 4 4.963091e+00 8.030134e-04
2 4 -1 -1 6.145374e+00 9.943033e-04
2 3 -1 -1 5.622610e+00 9.097217e-04
5 
-1 -1 1 2 6.722400e+00 1.087664e-03
-1 -1 0 2 4.391557e+00 7.105409e-04
0 1 3 4 2.946703e+00 4.767678e-04
2 4 -1 -1 1.118871e+01 1.810300e-03
2 3 -1 -1 8.681684e+00 1.404671e-03
5 
-1 -1 1 2 3.116603e+00 5.042571e-04
-1 -1 0 2 6.445093e+00 1.042797e-03
0 1 3 4 3.718983e+00 6.017204e-04
2 4 -1 -1 1.661435e+00 2.688152e-04
2 3 -1 -1 2.951740e+00 4.775828e-04
5 
-1 -1 1 2 1.950707e+00 3.156186e-04
-1 -1 0 2 1.236120e+01 2.000005e-03
0 1 3 4 3.490415e+00 5.647388e-04
2 4 -1 -1 3.972855e+00 6.427962e-04
2 3 -1 -1 8.601437e-01 1.391687e-04
5 
-1 -1 1 2 5.275761e+00 8.536026e-04
-1 -1 0 2 7.440103e+00 1.203787e-03
0 1 3 4 2.500000e-05 4.044926e-09
2 4 -1 -1 8.151334e+00 1.318862e-03
2 3 -1 -1 4.068169e+00 6.582177e-04
5 
-1 -1 1 2 8.852490e+00 1.432307e-03
-1 -1 0 2 2.000238e+00 3.236325e-04
0 1 3 4 1.051458e+01 1.701227e-03
2 4 -1 -1 2.836445e+00 4.589283e-04
2 3 -1 -1 1.313740e+01 2.125592e-03
5 
-1 -1 1 2 8.971761e+00 1.451604e-03
-1 -1 0 2 4.093841e+00 6.623714e-04
0 1 3 4 7.156971e+00 1.157977e-03
2 4 -1 -1 2.500000e-05 4.044926e-09
2 3 -1 -1 1.039437e+01 1.681778e-03
5 
-1 -1 1 2 5.868214e+00 9.494598e-04
-1 -1 0 2 7.647889e-01 1.237406e-04
0 1 3 4 3.817001e+00 6.175795e-04
2 4 -1 -1 3.831019e+00 6.198475e-04
2 3 -1 -1 4.020623e+00 6.505249e-04
5 
-1 -1 1 2 1.167126e+01 1.888375e-03
-1 -1 0 2 4.335106e+00 7.014073e-04
0 1 3 4 4.685946e+00 7.581722e-04
2 4 -1 -1 8.406737e+00 1.360185e-03
2 3 -1 -1 6.289458e+00 1.017616e-03
5 
-1 -1 1 2 3.041061e-01 4.920347e-05
-1 -1 0 2 2.390622e+00 3.867956e-04
0 1 3 4 2.500000e-05 4.044926e-09
2 4 -1 -1 1.416526e+01 2.291898e-03
2 3 -1 -1 6.758566e+00 1.093516e-03
5 
-1 -1 1 2 7.995031e+00 1.293572e-03
-1 -1 0 2 6.649276e+00 1.075833e-03
0 1 3 4 7.473164e+00 1.209136e-03
2 4 -1 -1 1.017274e+01 1.645919e-03
2 3 -1 -1 1.063885e+01 1.721335e-03
5 
-1 -1 1 2 1.053361e+01 1.704307e-03
-1 -1 0 2 6.550115e+00 1.059789e-03
0 1 3 4 8.239982e+00 1.333205e-03
2 4 -1 -1 5.907138e+00 9.557575e-04
2 3 -1 -1 1.292293e+01 2.090892e-03
5 
-1 -1 1 2 1.742353e+00 2.819076e-04
-1 -1 0 2 6.384376e+00 1.032973e-03
0 1 3 4 6.638941e+00 1.074161e-03
2 4 -1 -1 2.435064e+00 3.939862e-04
2 3 -1 -1 4.296464e+00 6.951551e-04
5 
-1 -1 1 2 8.786768e+00 1.421673e-03
-1 -1 0 2 5.911531e+00 9.564682e-04
0 1 3 4 7.896887e+00 1.277693e-03
2 4 -1 -1 9.868704e+00 1.596727e-03
2 3 -1 -1 2.457003e+00 3.975359e-04
5 
-1 -1 1 2 6.759913e+00 1.093734e-03
-1 -1 0 2 2.448495e+00 3.961592e-04
0 1 3 4 1.002230e+01 1.621579e-03
2 4 -1 -1 2.663366e+00 4.309247e-04
2 3 -1 -1 3.345376e+00 5.412720e-04
5 
-1 -1 1 2 1.023986e+01 1.656779e-03
-1 -1 0 2 1.172147e+00 1.896499e-04
0 1 3 4 1.028497e+01 1.664078e-03
2 4 -1 -1 5.978436e+00 9.672933e-04
2 3 -1 -1 1.002166e+01 1.621475e-03
5 
-1 -1 1 2 6.904961e+00 1.117202e-03
-1 -1 0 2 6.112228e+00 9.889404e-04
0 1 3 4 2.685530e+00 4.345108e-04
2 4 -1 -1 9.391322e+00 1.519488e-03
2 3 -1 -1 3.455903e+00 5.591548e-04
5 
-1 -1 1 2 2.500000e-05 4.044926e-09
-1 -1 0 2 1.994145e+00 3.226467e-04
0 1 3 4 8.008290e+00 1.295718e-03
2 4 -1 -1 9.670903e+00 1.564724e-03
2 3 -1 -1 2.500000e-05 4.044926e-09
5 
-1 -1 1 2 2.500000e-05 4.044926e-09
-1 -1 0 2 3.172561e+00 5.133109e-04
0 1 3 4 2.500000e-05 4.044926e-09
2 4 -1 -1 4.295224e-02 6.949546e-06
2 3 -1 -1 8.214344e+00 1.329057e-03
5 
-1 -1 1 2 1.130282e+01 1.828762e-03
-1 -1 0 2 4.287844e+00 6.937606e-04
0 1 3 4 2.500000e-05 4.044926e-09
2 4 -1 -1 9.068388e+00 1.467238e-03
2 3 -1 -1 1.381295e+01 2.234895e-03
5 
-1 -1 1 2 1.052469e+01 1.702864e-03
-1 -1 0 2 6.256342e+00 1.012258e-03
0 1 3 4 7.796568e+00 1.261462e-03
2 4 -1 -1 7.254686e+00 1.173787e-03
2 3 -1 -1 1.182979e+01 1.914024e-03
5 
-1 -1 1 2 1.136775e+01 1.839268e-03
-1 -1 0 2 4.057647e+00 6.565153e-04
0 1 3 4 1.104652e+01 1.787295e-03
2 4 -1 -1 9.504592e+00 1.537815e-03
2 3 -1 -1 3.344507e+00 5.411313e-04
5 
-1 -1 1 2 3.383744e+00 5.474799e-04
-1 -1 0 2 1.369582e+01 2.215944e-03
0 1 3 4 5.802325e+00 9.387990e-04
2 4 -1 -1 2.500000e-05 4.044926e-09
2 3 -1 -1 3.446230e+00 5.575899e-04
5 
-1 -1 1 2 3.760576e+00 6.084501e-04
-1 -1 0 2 1.227652e+01 1.986304e-03
0 1 3 4 4.392395e+00 7.106765e-04
2 4 -1 -1 6.664673e+00 1.078324e-03
2 3 -1 -1 5.544657e-01 8.971091e-05
5 
-1 -1 1 2 2.351657e+00 3.804911e-04
-1 -1 0 2 1.645553e+00 2.662456e-04
0 1 3 4 1.602538e+00 2.592858e-04
2 4 -1 -1 2.500000e-05 4.044926e-09
2 3 -1 -1 8.726014e+00 1.411843e-03
5 
-1 -1 1 2 6.467266e+00 1.046385e-03
-1 -1 0 2 6.806639e+00 1.101294e-03
0 1 3 4 4.823220e+00 7.803828e-04
2 4 -1 -1 7.631990e+00 1.234833e-03
2 3 -1 -1 5.321925e-01 8.610717e-05
5 
-1 -1 1 2 1.151446e+01 1.863006e-03
-1 -1 0 2 2.500000e-05 4.044926e-09
0 1 3 4 2.058189e+00 3.330088e-04
2 4 -1 -1 2.379057e+00 3.849245e-04
2 3 -1 -1 1.138452e+00 1.841982e-04
5 
-1 -1 1 2 9.912885e+00 1.603875e-03
-1 -1 0 2 1.208660e+01 1.955576e-03
0 1 3 4 7.521727e+00 1.216993e-03
2 4 -1 -1 9.179177e+00 1.485164e-03
2 3 -1 -1 5.702370e+00 9.226267e-04
5 
-1 -1 1 2 2.500000e-05 4.044926e-09
-1 -1 0 2 1.402925e+00 2.269891e-04
0 1 3 4 2.015531e+00 3.261070e-04
2 4 -1 -1 9.210102e+00 1.490167e-03
2 3 -1 -1 2.172981e+00 3.515819e-04
5 
-1 -1 1 2 6.489042e+00 1.049908e-03
-1 -1 0 2 3.170722e-01 5.130135e-05
0 1 3 4 1.257675e+01 2.034881e-03
2 4 -1 -1 8.782779e-01 1.421028e-04
2 3 -1 -1 8.708615e+00 1.409028e-03
5 
-1 -1 1 2 5.818741e+00 9.414552e-04
-1 -1 0 2 8.878719e+00 1.436551e-03
0 1 3 4 1.078539e+01 1.745044e-03
2 4 -1 -1 5.281295e+00 8.544979e-04
2 3 -1 -1 6.843396e+00 1.107241e-03
5 
-1 -1 1 2 8.784225e+00 1.421262e-03
-1 -1 0 2 6.911260e+00 1.118221e-03
0 1 3 4 7.299650e+00 1.181062e-03
2 4 -1 -1 3.802476e+00 6.152294e-04
2 3 -1 -1 1.594942e+00 2.580569e-04
5 
-1 -1 1 2 5.504985e+00 8.906903e-04
-1 -1 0 2 6.419917e+00 1.038724e-03
0 1 3 4 1.618596e+00 2.618841e-04
2 4 -1 -1 9.462295e+00 1.530971e-03
2 3 -1 -1 9.233869e+00 1.494013e-03
5 
-1 -1 1 2 7.466033e+00 1.207982e-03
-1 -1 0 2 1.602872e-01 2.593399e-05
0 1 3 4 5.149420e+00 8.331609e-04
2 4 -1 -1 3.627639e+00 5.869413e-04
2 3 -1 -1 6.443095e+00 1.042474e-03
5 
-1 -1 1 2 3.676547e-01 5.948544e-05
-1 -1 0 2 8.989815e+00 1.454525e-03
0 1 3 4 2.885964e+00 4.669405e-04
2 4 -1 -1 5.543414e+00 8.969080e-04
2 3 -1 -1 1.012475e+01 1.638154e-03
5 
-1 -1 1 2 4.013253e+00 6.493325e-04
-1 -1 0 2 1.433418e+01 2.319228e-03
0 1 3 4 2.151651e+00 3.481307e-04
2 4 -1 -1 1.167613e+01 1.889163e-03
2 3 -1 -1 1.567174e+01 2.535642e-03
5 
-1 -1 1 2 1.032995e+01 1.671355e-03
-1 -1 0 2 5.428239e+00 8.782730e-04
0 1 3 4 5.153698e+00 8.338530e-04
2 4 -1 -1 1.223171e+01 1.979055e-03
2 3 -1 -1 2.284847e+00 3.696815e-04
5 
-1 -1 1 2 9.239180e+00 1.494872e-03
-1 -1 0 2 2.500000e-05 4.044926e-09
0 1 3 4 7.015351e+00 1.135063e-03
2 4 -1 -1 2.265193e-03 3.665016e-07
2 3 -1 -1 1.129021e+01 1.826723e-03
5 
-1 -1 1 2 9.953521e+00 1.610450e-03
-1 -1 0 2 4.420228e+00 7.151798e-04
0 1 3 4 2.147257e+00 3.474198e-04
2 4 -1 -1 1.011343e+01 1.636323e-03
2 3 -1 -1 7.172800e+00 1.160538e-03
5 
-1 -1 1 2 1.023134e+01 1.655401e-03
-1 -1 0 2 4.600724e+00 7.443836e-04
0 1 3 4 3.288790e+00 5.321165e-04
2 4 -1 -1 1.721902e+00 2.785986e-04
2 3 -1 -1 6.304852e+00 1.020106e-03
5 
-1 -1 1 2 4.932876e+00 7.981248e-04
-1 -1 0 2 4.198672e+00 6.793328e-04
0 1 3 4 6.489843e+00 1.050037e-03
2 4 -1 -1 8.807919e+00 1.425095e-03
2 3 -1 -1 4.327764e+00 7.002194e-04
5 
-1 -1 1 2 6.314650e+00 1.021692e-03
-1 -1 0 2 1.893849e+00 3.064192e-04
0 1 3 4 1.149523e+01 1.859894e-03
2 4 -1 -1 1.526027e+01 2.469067e-03
2 3 -1 -1 5.285463e+00 8.551724e-04
5 
-1 -1 1 2 9.316377e+00 1.507362e-03
-1 -1 0 2 4.918594e+00 7.958140e-04
0 1 3 4 7.811698e+00 1.263910e-03
2 4 -1 -1 7.129720e+00 1.153568e-03
2 3 -1 -1 7.904400e+00 1.278909e-03
5 
-1 -1 1 2 5.900462e+00 9.546774e-04
-1 -1 0 2 9.929821e+00 1.606616e-03
0 1 3 4 9.677435e+00 1.565780e-03
2 4 -1 -1 1.459705e+01 2.361760e-03
2 3 -1 -1 1.006885e+01 1.629110e-03
5 
-1 -1 1 2 1.013540e+01 1.639878e-03
-1 -1 0 2 6.419487e+00 1.038654e-03
0 1 3 4 1.565875e+01 2.533539e-03
2 4 -1 -1 8.207162e+00 1.327894e-03
2 3 -1 -1 4.744946e+00 7.677183e-04
5 
-1 -1 1 2 6.331420e+00 1.024405e-03
-1 -1 0 2 1.412302e+00 2.285063e-04
0 1 3 4 2.500000e-05 4.044926e-09
2 4 -1 -1 9.171838e+00 1.483976e-03
2 3 -1 -1 8.695239e-01 1.406864e-04
5 
-1 -1 1 2 9.441804e+00 1.527656e-03
-1 -1 0 2 3.766879e+00 6.094699e-04
0 1 3 4 7.249775e+00 1.172992e-03
2 4 -1 -1 1.652067e+01 2.672995e-03
2 3 -1 -1 8.241831e+00 1.333504e-03
5 
-1 -1 1 2 4.700804e+00 7.605762e-04
-1 -1 0 2 2.500000e-05 4.044926e-09
0 1 3 4 8.113321e+00 1.312711e-03
2 4 -1 -1 3.051704e+00 4.937567e-04
2 3 -1 -1 1.254305e+01 2.029429e-03
5 
-1 -1 1 2 1.419999e+01 2.297516e-03
-1 -1 0 2 2.222079e+00 3.595257e-04
0 1 3 4 4.092762e+00 6.621968e-04
2 4 -1 -1 6.247500e+00 1.010827e-03
2 3 -1 -1 8.774352e+00 1.419664e-03
5 
-1 -1 1 2 7.053753e+00 1.141276e-03
-1 -1 0 2 2.500000e-05 4.044926e-09
0 1 3 4 6.551666e-01 1.060040e-04
2 4 -1 -1 1.539006e+01 2.490066e-03
2 3 -1 -1 1.140555e+01 1.845385e-03
5 
-1 -1 1 2 6.767013e+00 1.094883e-03
-1 -1 0 2 5.679214e+00 9.188800e-04
0 1 3 4 2.726088e+00 4.410730e-04
2 4 -1 -1 1.084721e+01 1.755047e-03
2 3 -1 -1 4.540690e+00 7.346703e-04
5 
-1 -1 1 2 3.928359e+00 6.355968e-04
-1 -1 0 2 7.707223e+00 1.247006e-03
0 1 3 4 7.975104e+00 1.290348e-03
2 4 -1 -1 1.552944e+01 2.512617e-03
2 3 -1 -1 9.167661e+00 1.483300e-03
5 
-1 -1 1 2 8.169267e+00 1.321763e-03
-1 -1 0 2 1.212057e+01 1.961073e-03
0 1 3 4 6.981679e+00 1.129615e-03
2 4 -1 -1 2.687824e-01 4.348819e-05
2 3 -1 -1 4.000943e+00 6.473407e-04
5 
-1 -1 1 2 2.460120e+00 3.980401e-04
-1 -1 0 2 9.289127e+00 1.502953e-03
0 1 3 4 2.768850e+00 4.479917e-04
2 4 -1 -1 2.059167e+00 3.331671e-04
2 3 -1 -1 4.231393e+00 6.846269e-04
5 
-1 -1 1 2 6.161265e+00 9.968744e-04
-1 -1 0 2 9.134586e+00 1.477949e-03
0 1 3 4 6.800033e+00 1.100225e-03
2 4 -1 -1 3.626385e+00 5.867384e-04
2 3 -1 -1 4.581668e+00 7.413003e-04
5 
-1 -1 1 2 1.340231e+01 2.168454e-03
-1 -1 0 2 2.834446e+00 4.586050e-04
0 1 3 4 7.132306e+00 1.153986e-03
2 4 -1 -1 3.036157e+00 4.912412e-04
2 3 -1 -1 3.676214e+00 5.948006e-04
5 
-1 -1 1 2 6.165275e+00 9.975233e-04
-1 -1 0 2 1.396482e+00 2.259467e-04
0 1 3 4 5.689727e+00 9.205811e-04
2 4 -1 -1 7.646187e+00 1.237130e-03
2 3 -1 -1 1.848934e+00 2.991521e-04
5 
-1 -1 1 2 7.550679e+00 1.221677e-03
-1 -1 0 2 8.416009e+00 1.361685e-03
0 1 3 4 1.306341e+01 2.113620e-03
2 4 -1 -1 1.205618e+00 1.950655e-04
2 3 -1 -1 5.023220e+00 8.127421e-04
5 
-1 -1 1 2 9.231370e+00 1.493608e-03
-1 -1 0 2 3.340627e+00 5.405035e-04
0 1 3 4 3.784219e+00 6.122755e-04
2 4 -1 -1 6.399125e+00 1.035359e-03
2 3 -1 -1 1.527640e+01 2.471676e-03
5 
-1 -1 1 2 6.860896e+00 1.110073e-03
-1 -1 0 2 6.890728e+00 1.114899e-03
0 1 3 4 4.179790e+00 6.762777e-04
2 4 -1 -1 4.752102e+00 7.688760e-04
2 3 -1 -1 2.395547e+00 3.875924e-04
5 
-1 -1 1 2 4.881829e+00 7.898655e-04
-1 -1 0 2 8.527617e+00 1.379743e-03
0 1 3 4 7.609927e+00 1.231264e-03
2 4 -1 -1 6.375622e+00 1.031557e-03
2 3 -1 -1 9.300419e+00 1.504780e-03
5 
-1 -1 1 2 5.303325e+00 8.580622e-04
-1 -1 0 2 9.517118e+00 1.539842e-03
0 1 3 4 2.292819e-01 3.709714e-05
2 4 -1 -1 2.242713e+00 3.628644e-04
2 3 -1 -1 4.248848e+00 6.874510e-04
5 
-1 -1 1 2 3.824060e+00 6.187216e-04
-1 -1 0 2 8.591573e+00 1.390091e-03
0 1 3 4 1.308690e+01 2.117422e-03
2 4 -1 -1 5.098458e-01 8.249154e-05
2 3 -1 -1 6.397832e+00 1.035150e-03
5 
-1 -1 1 2 2.800725e+00 4.531490e-04
-1 -1 0 2 2.500000e-05 4.044926e-09
0 1 3 4 4.987231e-01 8.069192e-05
2 4 -1 -1 1.871013e+00 3.027243e-04
2 3 -1 -1 7.580657e+00 1.226528e-03
5 
-1 -1 1 2 9.106603e+00 1.473422e-03
-1 -1 0 2 6.484799e-01 1.049221e-04
0 1 3 4 1.043741e+00 1.688741e-04
2 4 -1 -1 3.555460e+00 5.752630e-04
2 3 -1 -1 1.498466e+01 2.424474e-03
5 
-1 -1 1 2 7.181109e+00 1.161882e-03
-1 -1 0 2 8.244750e+00 1.333976e-03
0 1 3 4 4.752753e+00 7.689814e-04
2 4 -1 -1 8.004466e+00 1.295099e-03
2 3 -1 -1 7.528796e-01 1.218137e-04
5 
-1 -1 1 2 2.500000e-05 4.044926e-09
-1 -1 0 2 7.014837e+00 1.134980e-03
0 1 3 4 5.619130e+00 9.091586e-04
2 4 -1 -1 9.104307e+00 1.473050e-03
2 3 -1 -1 4.324792e+00 6.997386e-04
5 
-1 -1 1 2 5.058223e+00 8.184056e-04
-1 -1 0 2 6.186282e+00 1.000922e-03
0 1 3 4 9.553311e+00 1.545697e-03
2 4 -1 -1 1.045139e+01 1.691003e-03
2 3 -1 -1 2.119127e+00 3.428685e-04
5 
-1 -1 1 2 1.098835e+01 1.777882e-03
-1 -1 0 2 1.395292e+01 2.257541e-03
0 1 3 4 3.628944e-01 5.871524e-05
2 4 -1 -1 6.670638e+00 1.079289e-03
2 3 -1 -1 4.888467e+00 7.909395e-04
5 
-1 -1 1 2 1.944929e+00 3.146837e-04
-1 -1 0 2 4.506271e+00 7.291013e-04
0 1 3 4 1.100520e+01 1.780609e-03
2 4 -1 -1 1.612659e+00 2.609235e-04
2 3 -1 -1 1.948464e+00 3.152557e-04
5 
-1 -1 1 2 4.796661e+00 7.760855e-04
-1 -1 0 2 6.306946e+00 1.020445e-03
0 1 3 4 4.336592e+00 7.016477e-04
2 4 -1 -1 2.623495e+00 4.244737e-04
2 3 -1 -1 2.661908e+00 4.306888e-04
5 
-1 -1 1 2 2.500000e-05 4.044926e-09
-1 -1 0 2 1.070269e+01 1.731664e-03
0 1 3 4 1.090561e+01 1.764496e-03
2 4 -1 -1 8.154491e+00 1.319373e-03
2 3 -1 -1 5.593181e+00 9.049602e-04
5 
-1 -1 1 2 1.058546e+01 1.712697e-03
-1 -1 0 2 5.678585e+00 9.187783e-04
0 1 3 4 3.995383e+00 6.464412e-04
2 4 -1 -1 5.282629e+00 8.547137e-04
2 3 -1 -1 9.314675e+00 1.507087e-03
5 
-1 -1 1 2 5.651895e+00 9.144599e-04
-1 -1 0 2 6.163021e+00 9.971586e-04
0 1 3 4 1.154893e+01 1.868582e-03
2 4 -1 -1 5.168704e+00 8.362811e-04
2 3 -1 -1 5.010577e+00 8.106965e-04
5 
-1 -1 1 2 5.059778e+00 8.186572e-04
-1 -1 0 2 9.346446e+00 1.512227e-03
0 1 3 4 5.475288e+00 8.858853e-04
2 4 -1 -1 1.275381e+01 2.063529e-03
2 3 -1 -1 4.703533e+00 7.610178e-04
5 
-1 -1 1 2 9.705908e+00 1.570387e-03
-1 -1 0 2 1.786689e+01 2.890810e-03
0 1 3 4 1.039586e+00 1.682019e-04
2 4 -1 -1 3.811626e+00 6.167098e-04
2 3 -1 -1 5.473390e-01 8.855783e-05
5 
-1 -1 1 2 8.836874e+00 1.429780e-03
-1 -1 0 2 3.387764e+00 5.481302e-04
0 1 3 4 1.086880e+01 1.758539e-03
2 4 -1 -1 2.500000e-05 4.044926e-09
2 3 -1 -1 4.730407e+00 7.653658e-04
5 
-1 -1 1 2 3.524468e+00 5.702484e-04
-1 -1 0 2 5.758448e+00 9.316999e-04
0 1 3 4 2.500000e-05 4.044926e-09
2 4 -1 -1 1.075907e+01 1.740785e-03
2 3 -1 -1 9.193227e+00 1.487437e-03
5 
-1 -1 1 2 1.284148e+00 2.077714e-04
-1 -1 0 2 1.774620e+00 2.871283e-04
0 1 3 4 8.479242e+00 1.371916e-03
2 4 -1 -1 6.426015e+00 1.039710e-03
2 3 -1 -1 7.527302e+00 1.217895e-03
5 
-1 -1 1 2 1.229784e+01 1.989755e-03
-1 -1 0 2 3.832011e+00 6.200081e-04
0 1 3 4 4.840203e+00 7.831305e-04
2 4 -1 -1 3.341082e+00 5.405772e-04
2 3 -1 -1 8.756057e+00 1.416704e-03
5 
-1 -1 1 2 1.271349e+01 2.057005e-03
-1 -1 0 2 1.203654e+01 1.947476e-03
0 1 3 4 6.553282e+00 1.060302e-03
2 4 -1 -1 4.418119e+00 7.148386e-04
2 3 -1 -1 1.026648e+01 1.661087e-03
5 
-1 -1 1 2 6.211461e+00 1.004996e-03
-1 -1 0 2 8.354025e+00 1.351656e-03
0 1 3 4 8.420776e+00 1.362457e-03
2 4 -1 -1 5.737389e+00 9.282926e-04
2 3 -1 -1 5.400528e+00 8.737895e-04
5 
-1 -1 1 2 1.089929e+01 1.763473e-03
-1 -1 0 2 8.941386e+00 1.446690e-03
0 1 3 4 1.453866e+01 2.352312e-03
2 4 -1 -1 9.511464e+00 1.538927e-03
2 3 -1 -1 5.714080e+00 9.245213e-04
5 
-1 -1 1 2 4.263945e-01 6.898937e-05
-1 -1 0 2 2.500000e-05 4.044926e-09
0 1 3 4 2.262745e+00 3.661055e-04
2 4 -1 -1 5.657317e+00 9.153372e-04
2 3 -1 -1 8.791445e+00 1.422430e-03
5 
-1 -1 1 2 7.482903e+00 1.210712e-03
-1 -1 0 2 4.845343e+00 7.839621e-04
0 1 3 4 2.343537e+00 3.791773e-04
2 4 -1 -1 8.407095e+00 1.360243e-03
2 3 -1 -1 2.748131e+00 4.446395e-04
5 
-1 -1 1 2 5.301197e+00 8.577180e-04
-1 -1 0 2 5.628757e+00 9.107163e-04
0 1 3 4 1.456993e+00 2.357372e-04
2 4 -1 -1 5.498187e+00 8.895905e-04
2 3 -1 -1 3.917491e+00 6.338385e-04
5 
-1 -1 1 2 6.404623e+00 1.036249e-03
-1 -1 0 2 6.807645e+00 1.101457e-03
0 1 3 4 3.762186e+00 6.087106e-04
2 4 -1 -1 3.140278e+00 5.080877e-04
2 3 -1 -1 9.787806e+00 1.583638e-03
5 
-1 -1 1 2 7.073265e+00 1.144433e-03
-1 -1 0 2 4.854020e+00 7.853661e-04
0 1 3 4 4.830490e+00 7.815590e-04
2 4 -1 -1 4.538448e+00 7.343075e-04
2 3 -1 -1 3.309662e+00 5.354936e-04
5 
-1 -1 1 2 2.336327e+00 3.780108e-04
-1 -1 0 2 5.476665e+00 8.861081e-04
0 1 3 4 2.500000e-05 4.044926e-09
2 4 -1 -1 7.290618e+00 1.179600e-03
2 3 -1 -1 9.965659e+00 1.612414e-03
5 
-1 -1 1 2 1.028339e+01 1.663822e-03
-1 -1 0 2 6.365171e+00 1.029866e-03
0 1 3 4 2.500000e-05 4.044926e-09
2 4 -1 -1 6.419117e+00 1.038594e-03
2 3 -1 -1 1.071619e+01 1.733848e-03
5 
-1 -1 1 2 5.039728e+00 8.154131e-04
-1 -1 0 2 1.772134e+01 2.867260e-03
0 1 3 4 1.205887e+00 1.951090e-04
2 4 -1 -1 9.286570e+00 1.502540e-03
2 3 -1 -1 1.125048e+01 1.820295e-03
5 
-1 -1 1 2 4.765776e+00 7.710885e-04
-1 -1 0 2 2.500000e-05 4.044926e-09
0 1 3 4 4.518845e+00 7.311357e-04
2 4 -1 -1 7.861475e+00 1.271963e-03
2 3 -1 -1 2.678168e+00 4.333196e-04
5 
-1 -1 1 2 1.333680e+01 2.157855e-03
-1 -1 0 2 2.915503e+00 4.717197e-04
0 1 3 4 8.203067e+00 1.327232e-03
2 4 -1 -1 1.063141e+01 1.720130e-03
2 3 -1 -1 2.679927e+00 4.336043e-04
5 
-1 -1 1 2 4.473755e+00 7.238404e-04
-1 -1 0 2 1.418750e+01 2.295495e-03
0 1 3 4 1.934254e+00 3.129566e-04
2 4 -1 -1 6.687266e+00 1.081980e-03
2 3 -1 -1 8.576614e+00 1.387671e-03
5 
-1 -1 1 2 8.109880e+00 1.312155e-03
-1 -1 0 2 8.248787e+00 1.334629e-03
0 1 3 4 1.365566e+01 2.209445e-03
2 4 -1 -1 6.769423e+00 1.095273e-03
2 3 -1 -1 1.098838e+01 1.777887e-03
5 
-1 -1 1 2 7.795976e+00 1.261366e-03
-1 -1 0 2 2.864839e+00 4.635224e-04
0 1 3 4 6.206227e+00 1.004149e-03
2 4 -1 -1 8.280753e+00 1.339801e-03
2 3 -1 -1 3.895786e+00 6.303267e-04
5 
-1 -1 1 2 4.108926e+00 6.648121e-04
-1 -1 0 2 9.554949e+00 1.545963e-03
0 1 3 4 1.722384e+00 2.786766e-04
2 4 -1 -1 2.084423e+00 3.372535e-04
2 3 -1 -1 1.814204e+00 2.935328e-04
5 
-1 -1 1 2 8.749450e+00 1.415635e-03
-1 -1 0 2 4.837029e+00 7.826171e-04
0 1 3 4 9.368221e+00 1.515751e-03
2 4 -1 -1 4.103493e+00 6.639331e-04
2 3 -1 -1 8.876763e+00 1.436234e-03
5 
-1 -1 1 2 1.776253e+01 2.873924e-03
-1 -1 0 2 1.113034e+01 1.800857e-03
0 1 3 4 1.044393e+01 1.689796e-03
2 4 -1 -1 6.251695e+00 1.011506e-03
2 3 -1 -1 7.259482e+00 1.174563e-03
5 
-1 -1 1 2 1.067879e+01 1.727796e-03
-1 -1 0 2 8.137288e+00 1.316589e-03
0 1 3 4 4.833307e+00 7.820147e-04
2 4 -1 -1 1.862620e+01 3.013665e-03
2 3 -1 -1 5.187717e+00 8.393572e-04
5 
-1 -1 1 2 2.488269e+00 4.025946e-04
-1 -1 0 2 2.500000e-05 4.044926e-09
0 1 3 4 5.988358e+00 9.688986e-04
2 4 -1 -1 6.227767e+00 1.007634e-03
2 3 -1 -1 1.481244e+01 2.396609e-03
5 
-1 -1 1 2 4.604958e+00 7.450686e-04
-1 -1 0 2 7.392388e+00 1.196067e-03
0 1 3 4 2.500000e-05 4.044926e-09
2 4 -1 -1 2.500000e-05 4.044926e-09
2 3 -1 -1 1.089450e+01 1.762698e-03
5 
-1 -1 1 2 4.559108e+00 7.376501e-04
-1 -1 0 2 2.500000e-05 4.044926e-09
0 1 3 4 6.627424e+00 1.072298e-03
2 4 -1 -1 1.016090e+01 1.644004e-03
2 3 -1 -1 1.459011e+01 2.360637e-03
5 
-1 -1 1 2 1.120717e+01 1.813287e-03
-1 -1 0 2 3.136232e+00 5.074331e-04
0 1 3 4 2.500000e-05 4.044926e-09
2 4 -1 -1 6.354629e+00 1.028160e-03
2 3 -1 -1 1.271446e+01 2.057162e-03
5 
-1 -1 1 2 5.482289e+00 8.870181e-04
-1 -1 0 2 1.762457e+00 2.851603e-04
0 1 3 4 1.680448e+00 2.718915e-04
2 4 -1 -1 1.461487e+01 2.364643e-03
2 3 -1 -1 4.959481e+00 8.024293e-04
5 
-1 -1 1 2 2.500000e-05 4.044926e-09
-1 -1 0 2 4.162389e+00 6.734623e-04
0 1 3 4 1.245628e+01 2.015389e-03
2 4 -1 -1 6.124615e+00 9.909447e-04
2 3 -1 -1 5.953466e+00 9.632533e-04
5 
-1 -1 1 2 1.838290e+00 2.974299e-04
-1 -1 0 2 1.814088e+01 2.935141e-03
0 1 3 4 4.196019e+00 6.789035e-04
2 4 -1 -1 1.576443e+00 2.550638e-04
2 3 -1 -1 3.008324e+00 4.867380e-04
5 
-1 -1 1 2 3.818309e+00 6.177911e-04
-1 -1 0 2 7.755734e+00 1.254855e-03
0 1 3 4 1.174997e+01 1.901110e-03
2 4 -1 -1 5.241621e+00 8.480787e-04
2 3 -1 -1 1.047761e+01 1.695247e-03
