H 
4.000000e+01 
200 
5 
-1 -1 1 2 2.011639e+01 1.300341e-03
-1 -1 0 2 1.741711e+01 1.125857e-03
0 1 3 4 3.200684e+01 2.068950e-03
2 4 -1 -1 9.068903e+00 5.862218e-04
2 3 -1 -1 3.980132e+00 2.572792e-04
5 
-1 -1 1 2 9.639840e+00 6.231277e-04
-1 -1 0 2 1.607167e+01 1.038887e-03
0 1 3 4 1.527710e+01 9.875254e-04
2 4 -1 -1 2.358852e+01 1.524783e-03
2 3 -1 -1 6.881543e+00 4.448290e-04
5 
-1 -1 1 2 3.758901e+01 2.429787e-03
-1 -1 0 2 9.982339e+00 6.452671e-04
0 1 3 4 1.770940e+01 1.144751e-03
2 4 -1 -1 1.350484e+01 8.729646e-04
2 3 -1 -1 5.729285e+00 3.703460e-04
5 
-1 -1 1 2 2.047951e+01 1.323814e-03
-1 -1 0 2 1.111845e+01 7.187065e-04
0 1 3 4 1.921511e+01 1.242081e-03
2 4 -1 -1 6.357531e+00 4.109564e-04
2 3 -1 -1 1.943752e+01 1.256458e-03
5 
-1 -1 1 2 3.158807e+01 2.041881e-03
-1 -1 0 2 5.715668e+00 3.694658e-04
0 1 3 4 1.844438e+01 1.192261e-03
2 4 -1 -1 6.676205e+00 4.315557e-04
2 3 -1 -1 3.077723e+01 1.989467e-03
5 
-1 -1 1 2 2.778254e+01 1.795888e-03
-1 -1 0 2 1.287306e+01 8.321260e-04
0 1 3 4 1.938524e+01 1.253079e-03
2 4 -1 -1 1.916475e+01 1.238826e-03
2 3 -1 -1 2.165390e+01 1.399727e-03
5 
-1 -1 1 2 1.488366e+01 9.620927e-04
-1 -1 0 2 9.405315e+00 6.079678e-04
0 1 3 4 1.049180e+01 6.781995e-04
2 4 -1 -1 6.003599e+00 3.880779e-04
2 3 -1 -1 1.953545e+01 1.262789e-03
5 
-1 -1 1 2 1.008254e+01 6.517445e-04
-1 -1 0 2 9.892605e+00 6.394666e-04
0 1 3 4 3.529786e+01 2.281685e-03
2 4 -1 -1 1.672728e+01 1.081266e-03
2 3 -1 -1 3.221887e+01 2.082656e-03
5 
-1 -1 1 2 2.103404e+01 1.359659e-03
-1 -1 0 2 1.653391e+01 1.068767e-03
0 1 3 4 1.451205e+01 9.380718e-04
2 4 -1 -1 4.882782e+00 3.156273e-04
2 3 -1 -1 4.089756e+00 2.643654e-04
5 
-1 -1 1 2 6.566405e+00 4.244582e-04
-1 -1 0 2 2.531034e+01 1.636083e-03
0 1 3 4 1.169161e+01 7.557560e-04
2 4 -1 -1 7.561128e+00 4.887579e-04
2 3 -1 -1 2.424401e+01 1.567154e-03
5 
-1 -1 1 2 5.676990e+00 3.669656e-04
-1 -1 0 2 1.140069e+01 7.369505e-04
0 1 3 4 1.219260e+01 7.881406e-04
2 4 -1 -1 4.447668e+01 2.875012e-03
2 3 -1 -1 1.328836e+01 8.589710e-04
5 
-1 -1 1 2 1.383036e+01 8.940067e-04
-1 -1 0 2 1.510487e+01 9.763922e-04
0 1 3 4 1.594443e+01 1.030662e-03
2 4 -1 -1 1.133774e+01 7.328815e-04
2 3 -1 -1 9.723214e+00 6.285171e-04
5 
-1 -1 1 2 5.251834e+00 3.394832e-04
-1 -1 0 2 1.348952e+01 8.719745e-04
0 1 3 4 1.020468e+01 6.596393e-04
2 4 -1 -1 1.607130e+00 1.038863e-04
2 3 -1 -1 1.820129e+01 1.176547e-03
5 
-1 -1 1 2 9.310538e+00 6.018413e-04
-1 -1 0 2 5.873767e+00 3.796854e-04
0 1 3 4 1.324431e+01 8.561238e-04
2 4 -1 -1 1.281895e+01 8.286282e-04
2 3 -1 -1 1.623683e+01 1.049563e-03
5 
-1 -1 1 2 8.481123e+00 5.482273e-04
-1 -1 0 2 1.846384e+01 1.193519e-03
0 1 3 4 1.875062e+01 1.212056e-03
2 4 -1 -1 2.071787e+01 1.339221e-03
2 3 -1 -1 1.027362e+01 6.640960e-04
5 
-1 -1 1 2 2.591349e+01 1.675071e-03
-1 -1 0 2 1.107113e+01 7.156479e-04
0 1 3 4 1.929516e+01 1.247256e-03
2 4 -1 -1 1.442991e+01 9.327619e-04
2 3 -1 -1 7.157935e+00 4.626952e-04
5 
-1 -1 1 2 1.864655e+01 1.205329e-03
-1 -1 0 2 2.124856e+00 1.373526e-04
0 1 3 4 1.634005e+01 1.056235e-03
2 4 -1 -1 8.761125e+00 5.663268e-04
2 3 -1 -1 1.412090e+01 9.127874e-04
5 
-1 -1 1 2 9.723281e+00 6.285214e-04
-1 -1 0 2 1.591111e+01 1.028508e-03
0 1 3 4 3.221233e+01 2.082233e-03
2 4 -1 -1 7.312599e+00 4.726928e-04
2 3 -1 -1 4.327653e+00 2.797433e-04
5 
-1 -1 1 2 6.596725e+00 4.264181e-04
-1 -1 0 2 8.192926e+00 5.295979e-04
0 1 3 4 1.243137e+01 8.035745e-04
2 4 -1 -1 1.344314e+01 8.689763e-04
2 3 -1 -1 2.710016e+00 1.751778e-04
5 
-1 -1 1 2 5.474941e+00 3.539050e-04
-1 -1 0 2 3.463508e+01 2.238842e-03
0 1 3 4 1.481427e+01 9.576074e-04
2 4 -1 -1 1.774605e+01 1.147120e-03
2 3 -1 -1 7.731716e+00 4.997849e-04
5 
-1 -1 1 2 7.208247e+00 4.659474e-04
-1 -1 0 2 9.075417e+00 5.866429e-04
0 1 3 4 2.467481e+01 1.595001e-03
2 4 -1 -1 2.461499e+01 1.591135e-03
2 3 -1 -1 1.500074e+01 9.696611e-04
5 
-1 -1 1 2 6.681537e+00 4.319004e-04
-1 -1 0 2 1.848531e+01 1.194907e-03
0 1 3 4 1.487958e+01 9.618289e-04
2 4 -1 -1 6.486530e+00 4.192950e-04
2 3 -1 -1 2.665091e+01 1.722738e-03
5 
-1 -1 1 2 1.629851e+01 1.053550e-03
-1 -1 0 2 3.628525e+00 2.345511e-04
0 1 3 4 2.779142e+01 1.796462e-03
2 4 -1 -1 1.787764e+01 1.155626e-03
2 3 -1 -1 1.191374e+01 7.701145e-04
5 
-1 -1 1 2 7.179672e+00 4.641003e-04
-1 -1 0 2 3.819677e+01 2.469073e-03
0 1 3 4 9.452223e+00 6.110000e-04
2 4 -1 -1 1.985052e+01 1.283155e-03
2 3 -1 -1 1.186920e+01 7.672352e-04
5 
-1 -1 1 2 4.256263e+01 2.751285e-03
-1 -1 0 2 4.989445e+00 3.225221e-04
0 1 3 4 1.199469e+01 7.753475e-04
2 4 -1 -1 6.959577e+00 4.498732e-04
2 3 -1 -1 1.117322e+01 7.222469e-04
5 
-1 -1 1 2 9.876795e+00 6.384447e-04
-1 -1 0 2 3.252802e+01 2.102640e-03
0 1 3 4 1.123825e+01 7.264503e-04
2 4 -1 -1 1.952316e+01 1.261994e-03
2 3 -1 -1 8.706025e+00 5.627651e-04
5 
-1 -1 1 2 2.772560e+01 1.792207e-03
-1 -1 0 2 7.354744e+00 4.754171e-04
0 1 3 4 2.661807e+01 1.720615e-03
2 4 -1 -1 1.094012e+01 7.071792e-04
2 3 -1 -1 1.660454e+01 1.073332e-03
5 
-1 -1 1 2 1.386008e+01 8.959278e-04
-1 -1 0 2 8.788480e+00 5.680951e-04
0 1 3 4 1.462008e+01 9.450548e-04
2 4 -1 -1 4.743100e+00 3.065981e-04
2 3 -1 -1 6.495403e+00 4.198686e-04
5 
-1 -1 1 2 5.882017e+00 3.802188e-04
-1 -1 0 2 5.048288e+00 3.263257e-04
0 1 3 4 2.067306e+01 1.336324e-03
2 4 -1 -1 1.035474e+01 6.693393e-04
2 3 -1 -1 1.268909e+01 8.202339e-04
5 
-1 -1 1 2 1.339289e+01 8.657281e-04
-1 -1 0 2 2.389152e+01 1.544369e-03
0 1 3 4 1.150335e+01 7.435868e-04
2 4 -1 -1 1.081015e+01 6.987778e-04
2 3 -1 -1 1.677911e+01 1.084616e-03
5 
-1 -1 1 2 2.671683e+01 1.726999e-03
-1 -1 0 2 4.071224e+00 2.631675e-04
0 1 3 4 3.976673e+01 2.570557e-03
2 4 -1 -1 6.684211e+00 4.320732e-04
2 3 -1 -1 1.325696e+01 8.569414e-04
5 
-1 -1 1 2 5.391887e+00 3.485363e-04
-1 -1 0 2 9.238831e+00 5.972061e-04
0 1 3 4 2.597310e+01 1.678924e-03
2 4 -1 -1 7.124829e+00 4.605552e-04
2 3 -1 -1 3.813262e+01 2.464926e-03
5 
-1 -1 1 2 8.830018e+00 5.707801e-04
-1 -1 0 2 1.981519e+01 1.280871e-03
0 1 3 4 1.878090e+01 1.214014e-03
2 4 -1 -1 2.698711e+01 1.744471e-03
2 3 -1 -1 2.704957e+01 1.748508e-03
5 
-1 -1 1 2 5.751336e+00 3.717714e-04
-1 -1 0 2 9.988177e+00 6.456445e-04
0 1 3 4 1.734700e+01 1.121325e-03
2 4 -1 -1 1.747095e+01 1.129337e-03
2 3 -1 -1 1.469291e+01 9.497624e-04
5 
-1 -1 1 2 1.054818e+01 6.818438e-04
-1 -1 0 2 1.105788e+01 7.147911e-04
0 1 3 4 2.364544e+01 1.528462e-03
2 4 -1 -1 4.478050e+01 2.894650e-03
2 3 -1 -1 2.724333e+01 1.761032e-03
5 
-1 -1 1 2 5.280872e+00 3.413602e-04
-1 -1 0 2 1.539213e+01 9.949608e-04
0 1 3 4 6.562105e+00 4.241802e-04
2 4 -1 -1 1.168985e+01 7.556423e-04
2 3 -1 -1 7.352112e+00 4.752470e-04
5 
-1 -1 1 2 2.959106e+00 1.912792e-04
-1 -1 0 2 3.751824e+00 2.425212e-04
0 1 3 4 3.692671e+01 2.386975e-03
2 4 -1 -1 9.095947e+00 5.879700e-04
2 3 -1 -1 9.184061e+00 5.936658e-04
5 
-1 -1 1 2 3.215438e+01 2.078487e-03
-1 -1 0 2 4.481715e+00 2.897020e-04
0 1 3 4 1.253682e+01 8.103914e-04
2 4 -1 -1 9.627594e+00 6.223361e-04
2 3 -1 -1 1.057816e+01 6.837817e-04
5 
-1 -1 1 2 3.276858e+01 2.118190e-03
-1 -1 0 2 9.731113e+00 6.290277e-04
0 1 3 4 2.128880e+01 1.376127e-03
2 4 -1 -1 1.411427e+01 9.123591e-04
2 3 -1 -1 2.449638e+01 1.583467e-03
5 
-1 -1 1 2 1.210087e+01 7.822110e-04
-1 -1 0 2 2.430049e+01 1.570805e-03
0 1 3 4 1.140905e+01 7.374910e-04
2 4 -1 -1 4.190003e+00 2.708455e-04
2 3 -1 -1 1.800454e+01 1.163829e-03
5 
-1 -1 1 2 1.493052e+01 9.651219e-04
-1 -1 0 2 1.369856e+01 8.854867e-04
0 1 3 4 2.256670e+01 1.458731e-03
2 4 -1 -1 1.390903e+01 8.990916e-04
2 3 -1 -1 5.854457e+00 3.784373e-04
5 
-1 -1 1 2 3.033514e+01 1.960890e-03
-1 -1 0 2 2.490817e+01 1.610086e-03
0 1 3 4 1.758020e+01 1.136400e-03
2 4 -1 -1 7.985275e+00 5.161751e-04
2 3 -1 -1 2.892380e+01 1.869659e-03
5 
-1 -1 1 2 4.873124e+00 3.150030e-04
-1 -1 0 2 1.856674e+01 1.200171e-03
0 1 3 4 1.211446e+01 7.830896e-04
2 4 -1 -1 2.305952e+01 1.490587e-03
2 3 -1 -1 2.812795e+01 1.818216e-03
5 
-1 -1 1 2 1.661665e+01 1.074115e-03
-1 -1 0 2 2.600800e+01 1.681180e-03
0 1 3 4 1.275672e+01 8.246056e-04
2 4 -1 -1 7.202651e+00 4.655856e-04
2 3 -1 -1 3.479170e+01 2.248966e-03
5 
-1 -1 1 2 1.153307e+01 7.455076e-04
-1 -1 0 2 1.064439e+01 6.880629e-04
0 1 3 4 2.904859e+01 1.877726e-03
2 4 -1 -1 1.229502e+01 7.947606e-04
2 3 -1 -1 9.556920e+00 6.177677e-04
5 
-1 -1 1 2 6.999213e+00 4.524352e-04
-1 -1 0 2 1.378058e+01 8.907888e-04
0 1 3 4 4.530123e+01 2.928311e-03
2 4 -1 -1 1.221117e+01 7.893410e-04
2 3 -1 -1 1.959320e+01 1.266522e-03
5 
-1 -1 1 2 1.768937e+01 1.143456e-03
-1 -1 0 2 1.959654e+01 1.266738e-03
0 1 3 4 1.871027e+01 1.209448e-03
2 4 -1 -1 1.365798e+01 8.828638e-04
2 3 -1 -1 4.448150e+01 2.875323e-03
5 
-1 -1 1 2 3.204978e+01 2.071726e-03
-1 -1 0 2 2.398720e+01 1.550554e-03
0 1 3 4 1.867385e+01 1.207094e-03
2 4 -1 -1 1.245772e+01 8.052777e-04
2 3 -1 -1 2.965854e+01 1.917154e-03
5 
-1 -1 1 2 1.275801e+01 8.246892e-04
-1 -1 0 2 9.274535e+00 5.995141e-04
0 1 3 4 9.194833e+00 5.943621e-04
2 4 -1 -1 1.119088e+01 7.233883e-04
2 3 -1 -1 1.003283e+01 6.485310e-04
5 
-1 -1 1 2 3.743185e+00 2.419628e-04
-1 -1 0 2 9.984619e+00 6.454145e-04
0 1 3 4 1.587988e+01 1.026490e-03
2 4 -1 -1 5.548683e+00 3.586717e-04
2 3 -1 -1 6.225151e+00 4.023992e-04
5 
-1 -1 1 2 8.982410e+00 5.806309e-04
-1 -1 0 2 3.517202e+01 2.273550e-03
0 1 3 4 9.966761e+00 6.442602e-04
2 4 -1 -1 1.035488e+01 6.693488e-04
2 3 -1 -1 1.269659e+01 8.207187e-04
5 
-1 -1 1 2 1.970020e+01 1.273438e-03
-1 -1 0 2 1.767305e+01 1.142402e-03
0 1 3 4 2.012749e+01 1.301059e-03
2 4 -1 -1 1.369531e+01 8.852770e-04
2 3 -1 -1 9.848336e+00 6.366051e-04
5 
-1 -1 1 2 1.297599e+01 8.387791e-04
-1 -1 0 2 1.209316e+01 7.817124e-04
0 1 3 4 6.826952e+00 4.413001e-04
2 4 -1 -1 4.708509e+00 3.043621e-04
2 3 -1 -1 6.963232e+00 4.501094e-04
5 
-1 -1 1 2 7.616122e+01 4.923128e-03
-1 -1 0 2 2.099389e+01 1.357063e-03
0 1 3 4 4.378978e+01 2.830610e-03
2 4 -1 -1 4.165682e+00 2.692734e-04
2 3 -1 -1 1.140623e+01 7.373090e-04
5 
-1 -1 1 2 6.908988e+00 4.466031e-04
-1 -1 0 2 1.177899e+01 7.614043e-04
0 1 3 4 7.597865e+00 4.911327e-04
2 4 -1 -1 1.013721e+01 6.552778e-04
2 3 -1 -1 1.249016e+01 8.073752e-04
5 
-1 -1 1 2 1.082912e+01 7.000041e-04
-1 -1 0 2 3.284699e+00 2.123258e-04
0 1 3 4 2.097232e+01 1.355669e-03
2 4 -1 -1 1.955100e+01 1.263793e-03
2 3 -1 -1 1.107358e+01 7.158057e-04
5 
-1 -1 1 2 1.535909e+01 9.928252e-04
-1 -1 0 2 4.530118e+00 2.928308e-04
0 1 3 4 1.888171e+01 1.220530e-03
2 4 -1 -1 2.639711e+01 1.706332e-03
2 3 -1 -1 4.936549e+00 3.191029e-04
5 
-1 -1 1 2 5.454738e+00 3.525990e-04
-1 -1 0 2 8.422029e+00 5.444073e-04
0 1 3 4 2.239338e+01 1.447528e-03
2 4 -1 -1 1.000005e+01 6.464118e-04
2 3 -1 -1 1.227089e+01 7.932010e-04
5 
-1 -1 1 2 1.346926e+01 8.706651e-04
-1 -1 0 2 9.632857e+00 6.226763e-04
0 1 3 4 1.302591e+01 8.420065e-04
2 4 -1 -1 6.847637e+00 4.426373e-04
2 3 -1 -1 1.369325e+01 8.851435e-04
5 
-1 -1 1 2 1.483895e+01 9.592024e-04
-1 -1 0 2 1.150763e+01 7.438633e-04
0 1 3 4 5.551168e+00 3.588324e-04
2 4 -1 -1 1.742978e+01 1.126676e-03
2 3 -1 -1 6.147452e+01 3.973767e-03
5 
-1 -1 1 2 7.079940e+00 4.576535e-04
-1 -1 0 2 1.956671e+01 1.264810e-03
0 1 3 4 1.441599e+01 9.318621e-04
2 4 -1 -1 1.107749e+01 7.160589e-04
2 3 -1 -1 6.877569e+01 4.445721e-03
5 
-1 -1 1 2 3.896266e+00 2.518580e-04
-1 -1 0 2 7.037531e+00 4.549122e-04
0 1 3 4 4.200914e+01 2.715507e-03
2 4 -1 -1 8.906386e+00 5.757166e-04
2 3 -1 -1 1.680760e+01 1.086458e-03
5 
-1 -1 1 2 9.462861e+00 6.116876e-04
-1 -1 0 2 4.231424e+00 2.735230e-04
0 1 3 4 3.532065e+01 2.283158e-03
2 4 -1 -1 2.348717e+01 1.518232e-03
2 3 -1 -1 4.107573e+00 2.655171e-04
5 
-1 -1 1 2 2.146424e+01 1.387467e-03
-1 -1 0 2 1.036533e+01 6.700237e-04
0 1 3 4 2.278365e+01 1.472755e-03
2 4 -1 -1 2.078935e+01 1.343842e-03
2 3 -1 -1 1.710995e+01 1.106002e-03
5 
-1 -1 1 2 1.892266e+01 1.223177e-03
-1 -1 0 2 1.323202e+01 8.553292e-04
0 1 3 4 1.939160e+01 1.253490e-03
2 4 -1 -1 3.053163e+00 1.973591e-04
2 3 -1 -1 1.549809e+01 1.001810e-03
5 
-1 -1 1 2 7.035229e+00 4.547634e-04
-1 -1 0 2 1.221723e+01 7.897325e-04
0 1 3 4 2.246795e+01 1.452348e-03
2 4 -1 -1 9.911124e+00 6.406637e-04
2 3 -1 -1 4.691243e+00 3.032461e-04
5 
-1 -1 1 2 8.635260e+00 5.581908e-04
-1 -1 0 2 2.676191e+01 1.729913e-03
0 1 3 4 1.581493e+01 1.022291e-03
2 4 -1 -1 1.183016e+01 7.647120e-04
2 3 -1 -1 7.777181e+00 5.027238e-04
5 
-1 -1 1 2 2.124294e+00 1.373162e-04
-1 -1 0 2 3.012005e+01 1.946987e-03
0 1 3 4 2.239608e+01 1.447702e-03
2 4 -1 -1 1.056675e+01 6.830439e-04
2 3 -1 -1 1.336318e+01 8.638077e-04
5 
-1 -1 1 2 1.466797e+01 9.481505e-04
-1 -1 0 2 8.918127e+00 5.764755e-04
0 1 3 4 1.463297e+01 9.458880e-04
2 4 -1 -1 1.798588e+01 1.162623e-03
2 3 -1 -1 6.469185e+00 4.181738e-04
5 
-1 -1 1 2 1.739019e+01 1.124117e-03
-1 -1 0 2 4.108718e+01 2.655911e-03
0 1 3 4 2.481311e+01 1.603941e-03
2 4 -1 -1 2.499276e+01 1.615554e-03
2 3 -1 -1 7.168867e+00 4.634018e-04
5 
-1 -1 1 2 3.790856e+00 2.450443e-04
-1 -1 0 2 8.496429e+00 5.492166e-04
0 1 3 4 1.359929e+01 8.790703e-04
2 4 -1 -1 1.706149e+01 1.102870e-03
2 3 -1 -1 1.370075e+01 8.856283e-04
5 
-1 -1 1 2 1.577058e+01 1.019424e-03
-1 -1 0 2 1.390636e+01 8.989193e-04
0 1 3 4 2.311238e+01 1.494004e-03
2 4 -1 -1 1.248386e+01 8.069680e-04
2 3 -1 -1 1.948798e+01 1.259720e-03
5 
-1 -1 1 2 4.628485e+00 2.991894e-04
-1 -1 0 2 4.543085e+00 2.936690e-04
0 1 3 4 3.479418e+01 2.249126e-03
2 4 -1 -1 4.557842e+00 2.946229e-04
2 3 -1 -1 5.763836e+00 3.725794e-04
5 
-1 -1 1 2 8.091848e+00 5.230641e-04
-1 -1 0 2 1.974562e+01 1.276374e-03
0 1 3 4 1.407896e+01 9.100763e-04
2 4 -1 -1 2.469362e+01 1.596217e-03
2 3 -1 -1 1.635420e+01 1.057150e-03
5 
-1 -1 1 2 4.851944e+00 3.136339e-04
-1 -1 0 2 1.054501e+01 6.816384e-04
0 1 3 4 1.074213e+01 6.943805e-04
2 4 -1 -1 1.674413e+01 1.082355e-03
2 3 -1 -1 3.435732e+01 2.220887e-03
5 
-1 -1 1 2 1.046349e+01 6.763691e-04
-1 -1 0 2 1.458121e+01 9.425423e-04
0 1 3 4 1.598880e+01 1.033530e-03
2 4 -1 -1 1.152799e+01 7.451792e-04
2 3 -1 -1 2.993722e+01 1.935168e-03
5 
-1 -1 1 2 1.045343e+01 6.757190e-04
-1 -1 0 2 2.963047e+01 1.915339e-03
0 1 3 4 2.850217e+01 1.842406e-03
2 4 -1 -1 9.610629e+00 6.212395e-04
2 3 -1 -1 2.128379e+01 1.375803e-03
5 
-1 -1 1 2 5.892541e+01 3.808990e-03
-1 -1 0 2 7.669483e+00 4.957621e-04
0 1 3 4 2.849570e+01 1.841987e-03
2 4 -1 -1 1.024802e+01 6.624411e-04
2 3 -1 -1 1.198929e+01 7.749985e-04
5 
-1 -1 1 2 8.583995e+00 5.548770e-04
-1 -1 0 2 9.663178e+00 6.246363e-04
0 1 3 4 1.983507e+01 1.282157e-03
2 4 -1 -1 1.176313e+01 7.603790e-04
2 3 -1 -1 1.669248e+01 1.079017e-03
5 
-1 -1 1 2 1.248909e+01 8.073060e-04
-1 -1 0 2 7.468198e+00 4.827509e-04
0 1 3 4 1.834195e+01 1.185639e-03
2 4 -1 -1 2.316158e+01 1.497185e-03
2 3 -1 -1 1.136306e+01 7.345183e-04
5 
-1 -1 1 2 1.196914e+01 7.736956e-04
-1 -1 0 2 8.988192e+00 5.810046e-04
0 1 3 4 1.620138e+01 1.047272e-03
2 4 -1 -1 9.185660e+00 5.937691e-04
2 3 -1 -1 2.477505e+00 1.601481e-04
5 
-1 -1 1 2 4.279963e+00 2.766606e-04
-1 -1 0 2 4.334420e+01 2.801807e-03
0 1 3 4 1.880790e+01 1.215759e-03
2 4 -1 -1 2.167484e+01 1.401081e-03
2 3 -1 -1 1.192497e+01 7.708405e-04
5 
-1 -1 1 2 1.014151e+01 6.555558e-04
-1 -1 0 2 1.034017e+01 6.683979e-04
0 1 3 4 1.256426e+01 8.121650e-04
2 4 -1 -1 1.761126e+01 1.138407e-03
2 3 -1 -1 1.105185e+01 7.144013e-04
5 
-1 -1 1 2 1.082604e+01 6.998045e-04
-1 -1 0 2 8.069080e+00 5.215924e-04
0 1 3 4 2.538616e+01 1.640983e-03
2 4 -1 -1 2.456567e+01 1.587946e-03
2 3 -1 -1 3.195003e+01 2.065278e-03
5 
-1 -1 1 2 1.478185e+01 9.555118e-04
-1 -1 0 2 1.712327e+01 1.106863e-03
0 1 3 4 1.739681e+01 1.124545e-03
2 4 -1 -1 5.317105e+00 3.437023e-04
2 3 -1 -1 5.890302e+00 3.807543e-04
5 
-1 -1 1 2 6.553320e+00 4.236124e-04
-1 -1 0 2 5.179283e+00 3.347934e-04
0 1 3 4 1.678268e+01 1.084847e-03
2 4 -1 -1 8.968402e+00 5.797253e-04
2 3 -1 -1 2.012100e+01 1.300639e-03
5 
-1 -1 1 2 4.040276e+00 2.611670e-04
-1 -1 0 2 7.450182e+00 4.815863e-04
0 1 3 4 1.061575e+01 6.862116e-04
2 4 -1 -1 7.620140e+00 4.925726e-04
2 3 -1 -1 2.164341e+01 1.399049e-03
5 
-1 -1 1 2 2.646624e+00 1.710801e-04
-1 -1 0 2 1.163094e+01 7.518344e-04
0 1 3 4 3.069960e+01 1.984449e-03
2 4 -1 -1 1.069911e+01 6.916001e-04
2 3 -1 -1 6.704357e+00 4.333755e-04
5 
-1 -1 1 2 8.215168e+00 5.310356e-04
-1 -1 0 2 9.854289e+00 6.369899e-04
0 1 3 4 1.548744e+01 1.001122e-03
2 4 -1 -1 1.304623e+01 8.433195e-04
2 3 -1 -1 1.795004e+01 1.160306e-03
5 
-1 -1 1 2 7.961142e+00 5.146152e-04
-1 -1 0 2 3.025406e+01 1.955649e-03
0 1 3 4 1.637239e+01 1.058326e-03
2 4 -1 -1 1.615900e+01 1.044532e-03
2 3 -1 -1 9.490435e+00 6.134700e-04
5 
-1 -1 1 2 3.241433e+00 2.095291e-04
-1 -1 0 2 1.832623e+01 1.184624e-03
0 1 3 4 7.899387e+00 5.106233e-04
2 4 -1 -1 9.533753e+00 6.162701e-04
2 3 -1 -1 7.521954e+00 4.862257e-04
5 
-1 -1 1 2 1.959332e+01 1.266529e-03
-1 -1 0 2 9.597448e+00 6.203875e-04
0 1 3 4 1.933379e+01 1.249753e-03
2 4 -1 -1 1.285359e+01 8.308674e-04
2 3 -1 -1 1.256388e+01 8.121403e-04
5 
-1 -1 1 2 5.228223e+00 3.379569e-04
-1 -1 0 2 2.540943e+01 1.642488e-03
0 1 3 4 1.330166e+01 8.598307e-04
2 4 -1 -1 2.372133e+01 1.533368e-03
2 3 -1 -1 1.488140e+01 9.619466e-04
5 
-1 -1 1 2 9.486787e+00 6.132342e-04
-1 -1 0 2 6.778363e+00 4.381594e-04
0 1 3 4 3.875893e+00 2.505411e-04
2 4 -1 -1 1.643506e+01 1.062377e-03
2 3 -1 -1 1.217001e+01 7.866803e-04
5 
-1 -1 1 2 7.958781e+00 5.144626e-04
-1 -1 0 2 2.241347e+01 1.448826e-03
0 1 3 4 1.128425e+01 7.294239e-04
2 4 -1 -1 1.179075e+01 7.621643e-04
2 3 -1 -1 1.339751e+01 8.660270e-04
5 
-1 -1 1 2 1.659369e+01 1.072630e-03
-1 -1 0 2 1.358712e+01 8.782834e-04
0 1 3 4 1.318499e+01 8.522892e-04
2 4 -1 -1 1.208961e+01 7.814833e-04
2 3 -1 -1 4.767232e+00 3.081581e-04
5 
-1 -1 1 2 5.072067e+00 3.278628e-04
-1 -1 0 2 7.720675e+00 4.990712e-04
0 1 3 4 1.090056e+01 7.046220e-04
2 4 -1 -1 7.459631e+00 4.821971e-04
2 3 -1 -1 9.740797e+00 6.296537e-04
5 
-1 -1 1 2 3.008234e+01 1.944549e-03
-1 -1 0 2 1.321296e+01 8.540971e-04
0 1 3 4 5.525622e+01 3.571811e-03
2 4 -1 -1 2.641276e+01 1.707344e-03
2 3 -1 -1 4.634476e+00 2.995766e-04
5 
-1 -1 1 2 4.320828e+00 2.793021e-04
-1 -1 0 2 8.421715e+00 5.443870e-04
0 1 3 4 1.596679e+01 1.032107e-03
2 4 -1 -1 1.440818e+01 9.313575e-04
2 3 -1 -1 1.737932e+01 1.123414e-03
5 
-1 -1 1 2 3.348397e+01 2.164433e-03
-1 -1 0 2 9.178418e+00 5.933010e-04
0 1 3 4 1.382896e+01 8.939164e-04
2 4 -1 -1 1.701092e+01 1.099601e-03
2 3 -1 -1 1.821420e+01 1.177382e-03
5 
-1 -1 1 2 3.736447e+01 2.415272e-03
-1 -1 0 2 8.432764e+00 5.451012e-04
0 1 3 4 1.600102e+01 1.034320e-03
2 4 -1 -1 1.291874e+01 8.350785e-04
2 3 -1 -1 3.711742e+00 2.399303e-04
5 
-1 -1 1 2 9.066105e+00 5.860410e-04
-1 -1 0 2 2.236652e+01 1.445792e-03
0 1 3 4 3.915160e+01 2.530794e-03
2 4 -1 -1 2.073636e+01 1.340417e-03
2 3 -1 -1 1.510112e+01 9.761496e-04
5 
-1 -1 1 2 9.629165e+00 6.224377e-04
-1 -1 0 2 6.244687e+00 4.036620e-04
0 1 3 4 1.700787e+01 1.099404e-03
2 4 -1 -1 4.902561e+00 3.169058e-04
2 3 -1 -1 1.455574e+01 9.408960e-04
5 
-1 -1 1 2 5.326314e+00 3.442976e-04
-1 -1 0 2 2.835397e+00 1.832826e-04
0 1 3 4 9.643385e+00 6.233569e-04
2 4 -1 -1 3.194897e+01 2.065209e-03
2 3 -1 -1 2.532289e+01 1.636894e-03
5 
-1 -1 1 2 1.091121e+01 7.053101e-04
-1 -1 0 2 1.855095e+01 1.199150e-03
0 1 3 4 6.160532e+00 3.982222e-04
2 4 -1 -1 6.020541e+00 3.891731e-04
2 3 -1 -1 1.001753e+01 6.475421e-04
5 
-1 -1 1 2 2.188850e+01 1.414892e-03
-1 -1 0 2 1.156259e+01 7.474161e-04
0 1 3 4 1.278395e+01 8.263659e-04
2 4 -1 -1 4.971485e+00 3.213611e-04
2 3 -1 -1 1.014208e+01 6.555927e-04
5 
-1 -1 1 2 2.859698e+01 1.848534e-03
-1 -1 0 2 2.205084e+01 1.425386e-03
0 1 3 4 1.382820e+01 8.938669e-04
2 4 -1 -1 1.716665e+01 1.109667e-03
2 3 -1 -1 2.208370e+01 1.427510e-03
5 
-1 -1 1 2 8.531722e+00 5.514980e-04
-1 -1 0 2 9.089251e+00 5.875371e-04
0 1 3 4 1.784483e+01 1.153506e-03
2 4 -1 -1 2.293005e+01 1.482218e-03
2 3 -1 -1 6.978900e+00 4.511222e-04
5 
-1 -1 1 2 2.178858e+01 1.408433e-03
-1 -1 0 2 1.932671e+01 1.249295e-03
0 1 3 4 1.089571e+01 7.043085e-04
2 4 -1 -1 1.502454e+01 9.711994e-04
2 3 -1 -1 5.304557e+00 3.428912e-04
5 
-1 -1 1 2 2.067140e+01 1.336217e-03
-1 -1 0 2 2.643302e+01 1.708654e-03
0 1 3 4 2.103552e+01 1.359754e-03
2 4 -1 -1 1.801164e+01 1.164288e-03
2 3 -1 -1 3.161884e+01 2.043870e-03
5 
-1 -1 1 2 5.758740e+00 3.722500e-04
-1 -1 0 2 4.798744e+00 3.101950e-04
0 1 3 4 8.410973e+00 5.436927e-04
2 4 -1 -1 1.143114e+01 7.389191e-04
2 3 -1 -1 1.263526e+01 8.167545e-04
5 
-1 -1 1 2 1.091465e+01 7.055328e-04
-1 -1 0 2 1.192455e+01 7.708133e-04
0 1 3 4 1.416677e+01 9.157523e-04
2 4 -1 -1 1.660538e+01 1.073386e-03
2 3 -1 -1 6.931526e+00 4.480599e-04
5 
-1 -1 1 2 1.588614e+01 1.026894e-03
-1 -1 0 2 8.306017e+00 5.369082e-04
0 1 3 4 1.486077e+01 9.606133e-04
2 4 -1 -1 1.343992e+01 8.687681e-04
2 3 -1 -1 2.497040e+01 1.614109e-03
5 
-1 -1 1 2 5.035355e+01 3.254898e-03
-1 -1 0 2 1.691414e+01 1.093345e-03
0 1 3 4 1.738596e+01 1.123843e-03
2 4 -1 -1 1.135528e+01 7.340151e-04
2 3 -1 -1 1.002789e+01 6.482116e-04
5 
-1 -1 1 2 9.433607e+00 6.097966e-04
-1 -1 0 2 1.074327e+01 6.944544e-04
0 1 3 4 2.381729e+01 1.539571e-03
2 4 -1 -1 1.453895e+01 9.398107e-04
2 3 -1 -1 3.028099e+01 1.957390e-03
5 
-1 -1 1 2 1.277603e+01 8.258539e-04
-1 -1 0 2 1.658523e+01 1.072084e-03
0 1 3 4 2.102341e+01 1.358972e-03
2 4 -1 -1 1.625297e+01 1.050606e-03
2 3 -1 -1 2.429298e+01 1.570320e-03
5 
-1 -1 1 2 6.862265e+00 4.435828e-04
-1 -1 0 2 2.762086e+01 1.785437e-03
0 1 3 4 2.427127e+01 1.568916e-03
2 4 -1 -1 4.726014e+00 3.054937e-04
2 3 -1 -1 2.718857e+01 1.757493e-03
5 
-1 -1 1 2 2.957805e+00 1.911951e-04
-1 -1 0 2 1.298956e+01 8.396568e-04
0 1 3 4 2.784856e+01 1.800155e-03
2 4 -1 -1 2.105505e+01 1.361017e-03
2 3 -1 -1 6.104193e+01 3.945804e-03
5 
-1 -1 1 2 6.301955e+00 4.073639e-04
-1 -1 0 2 9.412687e+00 6.084443e-04
0 1 3 4 2.189607e+01 1.415381e-03
2 4 -1 -1 1.366792e+01 8.835061e-04
2 3 -1 -1 8.252022e+00 5.334179e-04
5 
-1 -1 1 2 4.567672e+00 2.952583e-04
-1 -1 0 2 9.172700e+00 5.929314e-04
0 1 3 4 1.667266e+01 1.077735e-03
2 4 -1 -1 7.869745e+00 5.087072e-04
2 3 -1 -1 9.542285e+00 6.168217e-04
5 
-1 -1 1 2 4.938138e+00 3.192055e-04
-1 -1 0 2 5.993575e+00 3.874299e-04
0 1 3 4 1.611983e+01 1.042000e-03
2 4 -1 -1 2.633887e+01 1.702568e-03
2 3 -1 -1 9.897127e+00 6.397590e-04
5 
-1 -1 1 2 3.899502e+01 2.520672e-03
-1 -1 0 2 5.943604e+00 3.841997e-04
0 1 3 4 1.804972e+01 1.166750e-03
2 4 -1 -1 8.269004e+00 5.345157e-04
2 3 -1 -1 3.224004e+01 2.084025e-03
5 
-1 -1 1 2 8.917049e+00 5.764059e-04
-1 -1 0 2 1.170588e+01 7.566787e-04
0 1 3 4 1.037120e+01 6.704034e-04
2 4 -1 -1 1.039932e+01 6.722210e-04
2 3 -1 -1 1.856552e+01 1.200092e-03
5 
-1 -1 1 2 6.578082e+00 4.252130e-04
-1 -1 0 2 6.638405e+01 4.291123e-03
0 1 3 4 1.142620e+01 7.385993e-04
2 4 -1 -1 1.735352e+01 1.121747e-03
2 3 -1 -1 1.454217e+01 9.400183e-04
5 
-1 -1 1 2 1.786047e+01 1.154516e-03
-1 -1 0 2 1.990922e+01 1.286949e-03
0 1 3 4 1.913580e+01 1.236955e-03
2 4 -1 -1 1.609792e+01 1.040584e-03
2 3 -1 -1 3.960439e+01 2.560062e-03
5 
-1 -1 1 2 2.960406e+01 1.913632e-03
-1 -1 0 2 2.481002e+01 1.603741e-03
0 1 3 4 7.370005e+00 4.764036e-04
2 4 -1 -1 2.785682e+01 1.800689e-03
2 3 -1 -1 4.252921e+01 2.749125e-03
5 
-1 -1 1 2 1.728103e+01 1.117061e-03
-1 -1 0 2 1.226255e+01 7.926619e-04
0 1 3 4 1.716707e+01 1.109694e-03
2 4 -1 -1 1.075155e+01 6.949893e-04
2 3 -1 -1 2.261264e+01 1.461701e-03
5 
-1 -1 1 2 1.994765e+01 1.289433e-03
-1 -1 0 2 1.561501e+01 1.009368e-03
0 1 3 4 1.434146e+01 9.270445e-04
2 4 -1 -1 9.685715e+00 6.260931e-04
2 3 -1 -1 1.447828e+01 9.358890e-04
5 
-1 -1 1 2 3.296927e+01 2.131163e-03
-1 -1 0 2 2.739205e+01 1.770646e-03
0 1 3 4 1.846743e+01 1.193751e-03
2 4 -1 -1 2.016612e+01 1.303556e-03
2 3 -1 -1 9.348068e+00 6.042673e-04
5 
-1 -1 1 2 6.735317e+00 4.353768e-04
-1 -1 0 2 3.172517e+01 2.050743e-03
0 1 3 4 2.080699e+01 1.344982e-03
2 4 -1 -1 3.652158e+01 2.360787e-03
2 3 -1 -1 1.309643e+01 8.465646e-04
5 
-1 -1 1 2 1.184362e+01 7.655823e-04
-1 -1 0 2 7.450938e+00 4.816352e-04
0 1 3 4 2.023278e+01 1.307865e-03
2 4 -1 -1 1.542450e+01 9.970530e-04
2 3 -1 -1 7.280112e+00 4.705928e-04
5 
-1 -1 1 2 2.396342e+01 1.549016e-03
-1 -1 0 2 1.114153e+01 7.201980e-04
0 1 3 4 2.321598e+01 1.500701e-03
2 4 -1 -1 1.570869e+01 1.015423e-03
2 3 -1 -1 5.473799e+00 3.538311e-04
5 
-1 -1 1 2 8.886557e+00 5.744349e-04
-1 -1 0 2 1.854405e+01 1.198704e-03
0 1 3 4 1.162649e+01 7.515466e-04
2 4 -1 -1 5.534010e+00 3.577232e-04
2 3 -1 -1 7.714084e+00 4.986451e-04
5 
-1 -1 1 2 2.886747e+01 1.866019e-03
-1 -1 0 2 6.161453e+00 3.982817e-04
0 1 3 4 1.283229e+01 8.294907e-04
2 4 -1 -1 8.990880e+00 5.811783e-04
2 3 -1 -1 7.798066e+00 5.040738e-04
5 
-1 -1 1 2 4.694202e+00 3.034374e-04
-1 -1 0 2 8.320279e+00 5.378301e-04
0 1 3 4 2.293247e+01 1.482375e-03
2 4 -1 -1 6.238883e+00 4.032868e-04
2 3 -1 -1 6.236525e+00 4.031345e-04
5 
-1 -1 1 2 2.193877e+01 1.418141e-03
-1 -1 0 2 2.846930e+01 1.840281e-03
0 1 3 4 2.336277e+01 1.510190e-03
2 4 -1 -1 1.482288e+01 9.581638e-04
2 3 -1 -1 1.703805e+01 1.101355e-03
5 
-1 -1 1 2 1.334112e+01 8.623819e-04
-1 -1 0 2 7.812361e+00 5.049978e-04
0 1 3 4 1.884836e+01 1.218375e-03
2 4 -1 -1 3.358717e+01 2.171104e-03
2 3 -1 -1 3.277784e+01 2.118788e-03
5 
-1 -1 1 2 2.126344e+01 1.374487e-03
-1 -1 0 2 4.297483e+01 2.777931e-03
0 1 3 4 1.351134e+01 8.733849e-04
2 4 -1 -1 4.745120e+00 3.067287e-04
2 3 -1 -1 5.072210e+00 3.278721e-04
5 
-1 -1 1 2 8.729823e+00 5.643034e-04
-1 -1 0 2 7.351852e+00 4.752302e-04
0 1 3 4 1.132112e+01 7.318072e-04
2 4 -1 -1 1.166669e+01 7.541448e-04
2 3 -1 -1 1.189577e+01 7.689532e-04
5 
-1 -1 1 2 1.020112e+01 6.594094e-04
-1 -1 0 2 2.880379e+01 1.861902e-03
0 1 3 4 1.606689e+01 1.038578e-03
2 4 -1 -1 2.108259e+01 1.362797e-03
2 3 -1 -1 1.335752e+01 8.634416e-04
5 
-1 -1 1 2 9.221517e+00 5.960869e-04
-1 -1 0 2 9.604555e+00 6.208469e-04
0 1 3 4 2.652020e+01 1.714289e-03
2 4 -1 -1 1.616917e+01 1.045190e-03
2 3 -1 -1 4.530102e+00 2.928298e-04
5 
-1 -1 1 2 1.817795e+01 1.175039e-03
-1 -1 0 2 3.876458e+00 2.505776e-04
0 1 3 4 2.449621e+01 1.583456e-03
2 4 -1 -1 1.090701e+01 7.050385e-04
2 3 -1 -1 3.261123e+01 2.108018e-03
5 
-1 -1 1 2 1.688533e+01 1.091483e-03
-1 -1 0 2 9.623740e+00 6.220870e-04
0 1 3 4 3.328780e+01 2.151753e-03
2 4 -1 -1 1.821135e+01 1.177198e-03
2 3 -1 -1 1.046091e+01 6.762023e-04
5 
-1 -1 1 2 1.385992e+01 8.959175e-04
-1 -1 0 2 1.993776e+01 1.288794e-03
0 1 3 4 2.150134e+01 1.389865e-03
2 4 -1 -1 4.970987e+00 3.213289e-04
2 3 -1 -1 2.587186e+01 1.672380e-03
5 
-1 -1 1 2 1.095412e+01 7.080840e-04
-1 -1 0 2 1.132521e+01 7.320715e-04
0 1 3 4 1.330613e+01 8.601202e-04
2 4 -1 -1 7.489902e+00 4.841538e-04
2 3 -1 -1 2.390433e+01 1.545197e-03
5 
-1 -1 1 2 6.954428e+00 4.495403e-04
-1 -1 0 2 4.324936e+01 2.795676e-03
0 1 3 4 1.054824e+01 6.818473e-04
2 4 -1 -1 8.407881e+00 5.434928e-04
2 3 -1 -1 5.429017e+00 3.509364e-04
5 
-1 -1 1 2 2.677364e+01 1.730672e-03
-1 -1 0 2 1.503656e+01 9.719767e-04
0 1 3 4 2.062837e+01 1.333436e-03
2 4 -1 -1 4.221833e+00 2.729030e-04
2 3 -1 -1 5.770994e+00 3.730421e-04
5 
-1 -1 1 2 2.100511e+01 1.357789e-03
-1 -1 0 2 2.885869e+01 1.865451e-03
0 1 3 4 1.324880e+01 8.564143e-04
2 4 -1 -1 1.051367e+01 6.796127e-04
2 3 -1 -1 1.394886e+01 9.016668e-04
5 
-1 -1 1 2 5.593214e+00 3.615502e-04
-1 -1 0 2 4.150891e+01 2.683173e-03
0 1 3 4 3.852451e+01 2.490258e-03
2 4 -1 -1 9.587893e+00 6.197698e-04
2 3 -1 -1 5.971787e+00 3.860215e-04
5 
-1 -1 1 2 1.247699e+01 8.065236e-04
-1 -1 0 2 1.102633e+01 7.127514e-04
0 1 3 4 5.163701e+01 3.337862e-03
2 4 -1 -1 3.771234e+00 2.437758e-04
2 3 -1 -1 8.867316e+00 5.731911e-04
5 
-1 -1 1 2 1.105903e+01 7.148654e-04
-1 -1 0 2 1.979359e+01 1.279475e-03
0 1 3 4 2.116292e+01 1.367990e-03
2 4 -1 -1 1.699311e+01 1.098450e-03
2 3 -1 -1 5.676184e+00 3.669135e-04
5 
-1 -1 1 2 1.400984e+01 9.056085e-04
-1 -1 0 2 3.415193e+00 2.207611e-04
0 1 3 4 1.844205e+01 1.192110e-03
2 4 -1 -1 1.499754e+01 9.694543e-04
2 3 -1 -1 1.518975e+01 9.818786e-04
5 
-1 -1 1 2 1.503661e+01 9.719795e-04
-1 -1 0 2 1.220786e+01 7.891267e-04
0 1 3 4 2.834762e+01 1.832415e-03
2 4 -1 -1 2.515722e+01 1.626185e-03
2 3 -1 -1 9.390420e+00 6.070050e-04
5 
-1 -1 1 2 9.727262e+00 6.287787e-04
-1 -1 0 2 4.449336e+00 2.876090e-04
0 1 3 4 1.584175e+01 1.024024e-03
2 4 -1 -1 8.927905e+00 5.771076e-04
2 3 -1 -1 9.980360e+00 6.451392e-04
5 
-1 -1 1 2 1.113580e+01 7.198279e-04
-1 -1 0 2 5.562386e+00 3.595575e-04
0 1 3 4 3.580676e+01 2.314580e-03
2 4 -1 -1 9.948174e+00 6.430587e-04
2 3 -1 -1 1.498220e+01 9.684625e-04
5 
-1 -1 1 2 1.394939e+01 9.017005e-04
-1 -1 0 2 4.920625e+00 3.180735e-04
0 1 3 4 1.756520e+01 1.135430e-03
2 4 -1 -1 4.508401e+00 2.914270e-04
2 3 -1 -1 1.629903e+01 1.053584e-03
5 
-1 -1 1 2 8.754979e+00 5.659295e-04
-1 -1 0 2 2.333235e+01 1.508223e-03
0 1 3 4 1.312014e+01 8.480974e-04
2 4 -1 -1 5.138418e+00 3.321519e-04
2 3 -1 -1 2.514567e+01 1.625438e-03
5 
-1 -1 1 2 7.004881e+00 4.528016e-04
-1 -1 0 2 2.502266e+01 1.617487e-03
0 1 3 4 1.826144e+01 1.180435e-03
2 4 -1 -1 1.500281e+01 9.697946e-04
2 3 -1 -1 7.108450e+00 4.594964e-04
5 
-1 -1 1 2 1.056101e+01 6.826727e-04
-1 -1 0 2 8.221143e+00 5.314219e-04
0 1 3 4 1.769194e+01 1.143623e-03
2 4 -1 -1 1.248013e+01 8.067262e-04
2 3 -1 -1 7.457190e+00 4.820393e-04
5 
-1 -1 1 2 2.793165e+01 1.805526e-03
-1 -1 0 2 8.994482e+00 5.814112e-04
0 1 3 4 1.520628e+01 9.829472e-04
2 4 -1 -1 2.475225e+00 1.600007e-04
2 3 -1 -1 8.443604e+00 5.458020e-04
5 
-1 -1 1 2 2.181669e+01 1.410250e-03
-1 -1 0 2 8.437755e+00 5.454239e-04
0 1 3 4 2.050250e+01 1.325299e-03
2 4 -1 -1 8.260232e+00 5.339486e-04
2 3 -1 -1 2.962189e+01 1.914785e-03
5 
-1 -1 1 2 7.991284e+00 5.165636e-04
-1 -1 0 2 2.476101e+01 1.600574e-03
0 1 3 4 1.733347e+01 1.120451e-03
2 4 -1 -1 3.353527e+01 2.167749e-03
2 3 -1 -1 5.031803e+00 3.252601e-04
5 
-1 -1 1 2 8.211737e+00 5.308139e-04
-1 -1 0 2 5.128607e+00 3.315176e-04
0 1 3 4 1.220721e+01 7.890849e-04
2 4 -1 -1 2.531629e+01 1.636467e-03
2 3 -1 -1 2.868905e+01 1.854485e-03
5 
-1 -1 1 2 9.221999e+00 5.961181e-04
-1 -1 0 2 1.796200e+01 1.161079e-03
0 1 3 4 1.280042e+01 8.274301e-04
2 4 -1 -1 7.283548e+00 4.708149e-04
2 3 -1 -1 6.508520e+00 4.207165e-04
5 
-1 -1 1 2 5.724873e+00 3.700608e-04
-1 -1 0 2 1.689410e+01 1.092049e-03
0 1 3 4 4.468492e+01 2.888472e-03
2 4 -1 -1 4.639517e+00 2.999024e-04
2 3 -1 -1 5.375644e+00 3.474864e-04
5 
-1 -1 1 2 1.724179e+01 1.114524e-03
-1 -1 0 2 1.870426e+01 1.209060e-03
0 1 3 4 2.124229e+01 1.373120e-03
2 4 -1 -1 5.872827e+00 3.796247e-04
2 3 -1 -1 2.030474e+01 1.312516e-03
5 
-1 -1 1 2 6.002467e+00 3.880047e-04
-1 -1 0 2 3.120316e+01 2.016999e-03
0 1 3 4 3.503214e+01 2.264508e-03
2 4 -1 -1 5.268590e+00 3.405663e-04
2 3 -1 -1 2.924068e+01 1.890143e-03
5 
-1 -1 1 2 1.606029e+01 1.038151e-03
-1 -1 0 2 3.623463e+01 2.342238e-03
0 1 3 4 1.035779e+01 6.695367e-04
2 4 -1 -1 7.363999e+00 4.760154e-04
2 3 -1 -1 1.622164e+01 1.048581e-03
5 
-1 -1 1 2 6.404745e+00 4.140083e-04
-1 -1 0 2 8.910270e+00 5.759677e-04
0 1 3 4 1.148904e+01 7.426619e-04
2 4 -1 -1 1.092489e+01 7.061944e-04
2 3 -1 -1 2.475481e+00 1.600173e-04
5 
-1 -1 1 2 5.312268e+00 3.433897e-04
-1 -1 0 2 1.348477e+01 8.716672e-04
0 1 3 4 2.465042e+01 1.593425e-03
2 4 -1 -1 1.448802e+01 9.365180e-04
2 3 -1 -1 1.111279e+01 7.183404e-04
5 
-1 -1 1 2 1.205535e+01 7.792683e-04
-1 -1 0 2 1.665538e+01 1.076618e-03
0 1 3 4 1.076004e+01 6.955384e-04
2 4 -1 -1 1.411241e+01 9.122386e-04
2 3 -1 -1 1.877592e+01 1.213692e-03
5 
-1 -1 1 2 7.170886e+00 4.635324e-04
-1 -1 0 2 4.737954e+00 3.062655e-04
0 1 3 4 2.243415e+01 1.450163e-03
2 4 -1 -1 9.418037e+00 6.087902e-04
2 3 -1 -1 3.445490e+00 2.227195e-04
5 
-1 -1 1 2 3.794356e+00 2.452705e-04
-1 -1 0 2 4.691835e+01 3.032844e-03
0 1 3 4 9.622660e+00 6.220172e-04
2 4 -1 -1 3.425292e+01 2.214139e-03
2 3 -1 -1 1.153542e+01 7.456595e-04
5 
-1 -1 1 2 8.646749e+00 5.589334e-04
-1 -1 0 2 2.410308e+01 1.558044e-03
0 1 3 4 1.532125e+01 9.903790e-04
2 4 -1 -1 1.266252e+01 8.185166e-04
2 3 -1 -1 5.102218e+00 3.298119e-04
5 
-1 -1 1 2 6.656340e+00 4.302716e-04
-1 -1 0 2 8.323064e+00 5.380102e-04
0 1 3 4 1.317538e+01 8.516679e-04
2 4 -1 -1 1.514944e+01 9.792734e-04
2 3 -1 -1 1.520804e+01 9.830613e-04
5 
-1 -1 1 2 6.398166e+00 4.135831e-04
-1 -1 0 2 1.670480e+01 1.079813e-03
0 1 3 4 1.311737e+01 8.479182e-04
2 4 -1 -1 9.104061e+00 5.884945e-04
2 3 -1 -1 1.558554e+01 1.007463e-03
5 
-1 -1 1 2 6.291280e+01 4.066739e-03
-1 -1 0 2 9.241762e+00 5.973956e-04
0 1 3 4 3.632609e+01 2.348150e-03
2 4 -1 -1 4.671789e+00 3.019885e-04
2 3 -1 -1 3.925260e+01 2.537323e-03
5 
-1 -1 1 2 1.079633e+01 6.978841e-04
-1 -1 0 2 2.347349e+01 1.517347e-03
0 1 3 4 2.407892e+01 1.556482e-03
2 4 -1 -1 1.453238e+01 9.393859e-04
2 3 -1 -1 1.298231e+01 8.391880e-04
5 
-1 -1 1 2 9.096318e+00 5.879940e-04
-1 -1 0 2 1.397823e+01 9.035653e-04
0 1 3 4 1.955042e+01 1.263756e-03
2 4 -1 -1 1.142543e+01 7.385498e-04
2 3 -1 -1 1.786388e+01 1.154737e-03
5 
-1 -1 1 2 4.534753e+01 2.931304e-03
-1 -1 0 2 3.043345e+00 1.967245e-04
0 1 3 4 1.001700e+01 6.475075e-04
2 4 -1 -1 1.244505e+01 8.044589e-04
2 3 -1 -1 1.517032e+01 9.806229e-04
5 
-1 -1 1 2 1.577569e+01 1.019754e-03
-1 -1 0 2 9.851256e+00 6.367938e-04
0 1 3 4 1.439873e+01 9.307465e-04
2 4 -1 -1 6.683136e+00 4.320037e-04
2 3 -1 -1 7.077862e+00 4.575192e-04
5 
-1 -1 1 2 1.938930e+01 1.253342e-03
-1 -1 0 2 9.434018e+00 6.098232e-04
0 1 3 4 1.816927e+01 1.174477e-03
2 4 -1 -1 1.225140e+01 7.919414e-04
2 3 -1 -1 2.676977e+01 1.730421e-03
5 
-1 -1 1 2 1.673381e+01 1.081688e-03
-1 -1 0 2 1.549543e+01 1.001638e-03
0 1 3 4 3.351766e+01 2.166611e-03
2 4 -1 -1 6.295286e+00 4.069328e-04
2 3 -1 -1 8.417080e+00 5.440875e-04
5 
-1 -1 1 2 1.238269e+01 8.004277e-04
-1 -1 0 2 1.911486e+01 1.235601e-03
0 1 3 4 3.384168e+01 2.187556e-03
2 4 -1 -1 7.079888e+00 4.576502e-04
2 3 -1 -1 9.715571e+00 6.280230e-04
5 
-1 -1 1 2 9.554717e+00 6.176253e-04
-1 -1 0 2 1.137751e+01 7.354525e-04
0 1 3 4 9.586960e+00 6.197095e-04
2 4 -1 -1 9.430523e+00 6.095972e-04
2 3 -1 -1 6.425722e+00 4.153643e-04
5 
-1 -1 1 2 3.165240e+01 2.046039e-03
-1 -1 0 2 1.024900e+01 6.625043e-04
0 1 3 4 1.099668e+01 7.108352e-04
2 4 -1 -1 1.108056e+01 7.162570e-04
2 3 -1 -1 6.060831e+00 3.917774e-04
5 
-1 -1 1 2 1.496156e+01 9.671281e-04
-1 -1 0 2 4.215776e+00 2.725114e-04
0 1 3 4 1.506823e+01 9.740239e-04
2 4 -1 -1 8.983946e+00 5.807302e-04
2 3 -1 -1 8.878196e+00 5.738944e-04
5 
-1 -1 1 2 6.187921e+00 3.999926e-04
-1 -1 0 2 6.797770e+00 4.394138e-04
0 1 3 4 1.614041e+01 1.043330e-03
2 4 -1 -1 8.688057e+00 5.616036e-04
2 3 -1 -1 1.482969e+01 9.586038e-04
5 
-1 -1 1 2 8.498600e+00 5.493570e-04
-1 -1 0 2 5.487255e+00 3.547010e-04
0 1 3 4 2.824156e+01 1.825559e-03
2 4 -1 -1 8.051659e+00 5.204663e-04
2 3 -1 -1 3.265674e+01 2.110960e-03
5 
-1 -1 1 2 3.206371e+00 2.072626e-04
-1 -1 0 2 7.344765e+00 4.747721e-04
0 1 3 4 1.586571e+01 1.025574e-03
2 4 -1 -1 1.340981e+01 8.668219e-04
2 3 -1 -1 1.875268e+01 1.212190e-03
5 
-1 -1 1 2 1.877091e+01 1.213368e-03
-1 -1 0 2 1.818902e+01 1.175754e-03
0 1 3 4 7.743535e+00 5.005489e-04
2 4 -1 -1 1.093440e+01 7.068091e-04
2 3 -1 -1 2.544478e+01 1.644773e-03
5 
-1 -1 1 2 1.491610e+01 9.641900e-04
-1 -1 0 2 2.198171e+01 1.420917e-03
0 1 3 4 1.356708e+01 8.769882e-04
2 4 -1 -1 5.142099e+00 3.323898e-04
2 3 -1 -1 2.306775e+01 1.491119e-03
5 
-1 -1 1 2 1.191133e+01 7.699589e-04
-1 -1 0 2 1.414079e+01 9.140731e-04
0 1 3 4 1.008241e+01 6.517360e-04
2 4 -1 -1 4.327652e+01 2.797432e-03
2 3 -1 -1 1.801185e+01 1.164302e-03
5 
-1 -1 1 2 6.588941e+00 4.259149e-04
-1 -1 0 2 5.872882e+01 3.796283e-03
0 1 3 4 2.129031e+01 1.376224e-03
2 4 -1 -1 1.065921e+01 6.890210e-04
2 3 -1 -1 3.827516e+01 2.474140e-03
5 
-1 -1 1 2 6.491158e+00 4.195941e-04
-1 -1 0 2 4.642975e+00 3.001259e-04
0 1 3 4 2.624000e+01 1.696176e-03
2 4 -1 -1 1.901872e+01 1.229387e-03
2 3 -1 -1 1.047445e+01 6.770777e-04
5 
-1 -1 1 2 6.735685e+00 4.354006e-04
-1 -1 0 2 3.111233e+01 2.011129e-03
0 1 3 4 2.039052e+01 1.318061e-03
2 4 -1 -1 2.955363e+00 1.910373e-04
2 3 -1 -1 1.558827e+01 1.007640e-03
5 
-1 -1 1 2 6.643536e+00 4.294440e-04
-1 -1 0 2 1.665764e+01 1.076764e-03
0 1 3 4 9.117744e+00 5.893790e-04
2 4 -1 -1 1.095205e+01 7.079501e-04
2 3 -1 -1 1.446247e+01 9.348670e-04
5 
-1 -1 1 2 1.108607e+01 7.166134e-04
-1 -1 0 2 8.159554e+00 5.274407e-04
0 1 3 4 1.931870e+01 1.248778e-03
2 4 -1 -1 5.724666e+00 3.700474e-04
2 3 -1 -1 6.093378e+00 3.938813e-04
5 
-1 -1 1 2 1.050797e+01 6.792444e-04
-1 -1 0 2 5.898951e+00 3.813134e-04
0 1 3 4 3.488400e+01 2.254933e-03
2 4 -1 -1 1.205433e+01 7.792028e-04
2 3 -1 -1 1.264899e+01 8.176418e-04
5 
-1 -1 1 2 8.717808e+00 5.635268e-04
-1 -1 0 2 4.465523e+00 2.886553e-04
0 1 3 4 1.059920e+01 6.851413e-04
2 4 -1 -1 5.768370e+00 3.728725e-04
2 3 -1 -1 1.947297e+01 1.258750e-03
