H 
4.000000e+01 
200 
5 
-1 -1 1 2 1.409998e+01 6.216705e-04
-1 -1 0 2 1.117129e+01 4.925440e-04
0 1 3 4 2.622325e+01 1.156187e-03
2 4 -1 -1 3.212612e+01 1.416446e-03
2 3 -1 -1 2.278306e+01 1.004509e-03
5 
-1 -1 1 2 8.757853e+01 3.861352e-03
-1 -1 0 2 1.626477e+01 7.171162e-04
0 1 3 4 2.344667e+01 1.033768e-03
2 4 -1 -1 5.694972e+01 2.510922e-03
2 3 -1 -1 2.819345e+01 1.243054e-03
5 
-1 -1 1 2 7.651045e+01 3.373358e-03
-1 -1 0 2 1.465502e+01 6.461420e-04
0 1 3 4 2.619971e+01 1.155149e-03
2 4 -1 -1 4.941045e+01 2.178515e-03
2 3 -1 -1 7.751304e+00 3.417562e-04
5 
-1 -1 1 2 4.535220e+01 1.999586e-03
-1 -1 0 2 1.790631e+01 7.894921e-04
0 1 3 4 2.171194e+01 9.572830e-04
2 4 -1 -1 9.292610e+00 4.097127e-04
2 3 -1 -1 2.186855e+01 9.641880e-04
5 
-1 -1 1 2 3.198822e+01 1.410366e-03
-1 -1 0 2 9.139351e+00 4.029555e-04
0 1 3 4 5.938195e+01 2.618160e-03
2 4 -1 -1 1.956374e+01 8.625684e-04
2 3 -1 -1 1.089806e+01 4.804973e-04
5 
-1 -1 1 2 4.206603e+01 1.854698e-03
-1 -1 0 2 2.337585e+01 1.030645e-03
0 1 3 4 4.018898e+01 1.771939e-03
2 4 -1 -1 2.020237e+01 8.907255e-04
2 3 -1 -1 1.000345e+01 4.410536e-04
5 
-1 -1 1 2 6.697072e+00 2.952750e-04
-1 -1 0 2 1.066421e+01 4.701865e-04
0 1 3 4 2.756623e+01 1.215399e-03
2 4 -1 -1 1.447435e+02 6.381764e-03
2 3 -1 -1 8.819731e+00 3.888633e-04
5 
-1 -1 1 2 2.433519e+01 1.072942e-03
-1 -1 0 2 1.657945e+01 7.309905e-04
0 1 3 4 2.244219e+01 9.894798e-04
2 4 -1 -1 3.111814e+01 1.372004e-03
2 3 -1 -1 1.043456e+01 4.600615e-04
5 
-1 -1 1 2 1.841971e+01 8.121279e-04
-1 -1 0 2 2.946850e+01 1.299271e-03
0 1 3 4 1.603112e+01 7.068146e-04
2 4 -1 -1 2.551837e+01 1.125109e-03
2 3 -1 -1 1.337631e+01 5.897637e-04
5 
-1 -1 1 2 9.551269e+00 4.211170e-04
-1 -1 0 2 2.001630e+01 8.825217e-04
0 1 3 4 3.911401e+01 1.724543e-03
2 4 -1 -1 2.614970e+01 1.152945e-03
2 3 -1 -1 1.927547e+01 8.498585e-04
5 
-1 -1 1 2 2.500087e+01 1.102292e-03
-1 -1 0 2 2.358654e+01 1.039934e-03
0 1 3 4 1.568135e+01 6.913933e-04
2 4 -1 -1 1.296118e+01 5.714607e-04
2 3 -1 -1 1.054277e+01 4.648325e-04
5 
-1 -1 1 2 4.619819e+01 2.036886e-03
-1 -1 0 2 8.529790e+00 3.760798e-04
0 1 3 4 3.829920e+01 1.688618e-03
2 4 -1 -1 2.363124e+01 1.041905e-03
2 3 -1 -1 2.577801e+01 1.136557e-03
5 
-1 -1 1 2 1.771691e+01 7.811412e-04
-1 -1 0 2 6.434834e+01 2.837129e-03
0 1 3 4 2.412427e+01 1.063643e-03
2 4 -1 -1 3.944355e+01 1.739072e-03
2 3 -1 -1 2.672972e+01 1.178518e-03
5 
-1 -1 1 2 2.027504e+01 8.939299e-04
-1 -1 0 2 1.731223e+01 7.632990e-04
0 1 3 4 7.961841e+00 3.510388e-04
2 4 -1 -1 3.527027e+01 1.555072e-03
2 3 -1 -1 1.151363e+01 5.076377e-04
5 
-1 -1 1 2 1.334636e+01 5.884432e-04
-1 -1 0 2 9.358579e+01 4.126213e-03
0 1 3 4 1.217825e+01 5.369410e-04
2 4 -1 -1 1.356156e+01 5.979314e-04
2 3 -1 -1 1.403113e+01 6.186346e-04
5 
-1 -1 1 2 1.216387e+01 5.363069e-04
-1 -1 0 2 1.338637e+01 5.902072e-04
0 1 3 4 4.015395e+01 1.770394e-03
2 4 -1 -1 1.737114e+01 7.658964e-04
2 3 -1 -1 5.081554e+00 2.240465e-04
5 
-1 -1 1 2 8.132685e+00 3.585714e-04
-1 -1 0 2 1.555772e+01 6.859424e-04
0 1 3 4 2.033494e+01 8.965708e-04
2 4 -1 -1 2.455981e+01 1.082846e-03
2 3 -1 -1 3.320092e+01 1.463834e-03
5 
-1 -1 1 2 6.329856e+01 2.790844e-03
-1 -1 0 2 1.615700e+01 7.123649e-04
0 1 3 4 3.610014e+01 1.591661e-03
2 4 -1 -1 1.822596e+01 8.035856e-04
2 3 -1 -1 5.736028e+00 2.529024e-04
5 
-1 -1 1 2 1.272136e+01 5.608870e-04
-1 -1 0 2 1.896614e+01 8.362202e-04
0 1 3 4 1.685414e+01 7.431018e-04
2 4 -1 -1 9.575792e+00 4.221982e-04
2 3 -1 -1 2.760592e+00 1.217150e-04
5 
-1 -1 1 2 7.349454e+00 3.240386e-04
-1 -1 0 2 1.428782e+01 6.299523e-04
0 1 3 4 1.269463e+01 5.597080e-04
2 4 -1 -1 2.080405e+01 9.172538e-04
2 3 -1 -1 1.048003e+01 4.620663e-04
5 
-1 -1 1 2 2.427356e+01 1.070225e-03
-1 -1 0 2 1.260746e+01 5.558651e-04
0 1 3 4 2.567644e+01 1.132078e-03
2 4 -1 -1 1.477771e+01 6.515514e-04
2 3 -1 -1 1.424151e+01 6.279105e-04
5 
-1 -1 1 2 1.041150e+01 4.590447e-04
-1 -1 0 2 1.538938e+01 6.785201e-04
0 1 3 4 2.149260e+01 9.476121e-04
2 4 -1 -1 3.113371e+01 1.372690e-03
2 3 -1 -1 3.762557e+01 1.658917e-03
5 
-1 -1 1 2 9.756568e+00 4.301686e-04
-1 -1 0 2 2.118477e+01 9.340399e-04
0 1 3 4 4.092733e+01 1.804492e-03
2 4 -1 -1 2.392311e+01 1.054774e-03
2 3 -1 -1 2.316121e+01 1.021181e-03
5 
-1 -1 1 2 8.181675e+00 3.607314e-04
-1 -1 0 2 5.118705e+01 2.256845e-03
0 1 3 4 5.206725e+01 2.295653e-03
2 4 -1 -1 3.906154e+01 1.722229e-03
2 3 -1 -1 7.040594e+01 3.104209e-03
5 
-1 -1 1 2 2.250247e+01 9.921377e-04
-1 -1 0 2 2.335946e+01 1.029922e-03
0 1 3 4 1.802256e+01 7.946173e-04
2 4 -1 -1 5.981723e+00 2.637351e-04
2 3 -1 -1 1.704089e+01 7.513357e-04
5 
-1 -1 1 2 3.854241e+01 1.699341e-03
-1 -1 0 2 4.834036e+01 2.131334e-03
0 1 3 4 2.809996e+01 1.238932e-03
2 4 -1 -1 3.968550e+01 1.749740e-03
2 3 -1 -1 8.978102e+00 3.958459e-04
5 
-1 -1 1 2 1.151081e+01 5.075132e-04
-1 -1 0 2 1.155665e+01 5.095346e-04
0 1 3 4 2.553898e+01 1.126018e-03
2 4 -1 -1 2.043378e+01 9.009286e-04
2 3 -1 -1 2.195178e+01 9.678574e-04
5 
-1 -1 1 2 1.554870e+01 6.855448e-04
-1 -1 0 2 3.330640e+01 1.468484e-03
0 1 3 4 1.988342e+01 8.766633e-04
2 4 -1 -1 4.215236e+01 1.858504e-03
2 3 -1 -1 1.136529e+01 5.010976e-04
5 
-1 -1 1 2 1.499227e+01 6.610117e-04
-1 -1 0 2 2.350774e+01 1.036460e-03
0 1 3 4 1.477387e+01 6.513822e-04
2 4 -1 -1 1.231550e+01 5.429925e-04
2 3 -1 -1 1.380334e+01 6.085913e-04
5 
-1 -1 1 2 2.145538e+01 9.459710e-04
-1 -1 0 2 1.640265e+01 7.231956e-04
0 1 3 4 1.838504e+01 8.105992e-04
2 4 -1 -1 3.060535e+01 1.349395e-03
2 3 -1 -1 2.092423e+01 9.225526e-04
5 
-1 -1 1 2 1.209289e+01 5.331776e-04
-1 -1 0 2 2.410981e+01 1.063005e-03
0 1 3 4 2.261035e+01 9.968940e-04
2 4 -1 -1 2.725369e+01 1.201619e-03
2 3 -1 -1 1.781685e+01 7.855477e-04
5 
-1 -1 1 2 1.249202e+01 5.507753e-04
-1 -1 0 2 9.317121e+00 4.107934e-04
0 1 3 4 1.451230e+01 6.398498e-04
2 4 -1 -1 5.071136e+01 2.235872e-03
2 3 -1 -1 2.972603e+01 1.310626e-03
5 
-1 -1 1 2 1.269317e+01 5.596439e-04
-1 -1 0 2 1.437649e+01 6.338619e-04
0 1 3 4 2.998179e+01 1.321902e-03
2 4 -1 -1 1.316222e+01 5.803245e-04
2 3 -1 -1 3.269803e+00 1.441661e-04
5 
-1 -1 1 2 2.219483e+01 9.785735e-04
-1 -1 0 2 7.520856e+00 3.315957e-04
0 1 3 4 2.217395e+01 9.776531e-04
2 4 -1 -1 1.726149e+01 7.610618e-04
2 3 -1 -1 1.921105e+01 8.470183e-04
5 
-1 -1 1 2 7.105454e+00 3.132806e-04
-1 -1 0 2 7.904591e+00 3.485147e-04
0 1 3 4 2.710738e+01 1.195169e-03
2 4 -1 -1 6.947423e+00 3.063130e-04
2 3 -1 -1 6.069966e+01 2.676258e-03
5 
-1 -1 1 2 2.693209e+01 1.187440e-03
-1 -1 0 2 5.395611e+01 2.378933e-03
0 1 3 4 2.250752e+01 9.923600e-04
2 4 -1 -1 1.477393e+01 6.513847e-04
2 3 -1 -1 2.067295e+01 9.114738e-04
5 
-1 -1 1 2 9.715482e+00 4.283572e-04
-1 -1 0 2 4.947272e+00 2.181260e-04
0 1 3 4 2.198662e+01 9.693936e-04
2 4 -1 -1 2.904549e+01 1.280620e-03
2 3 -1 -1 2.026077e+01 8.933005e-04
5 
-1 -1 1 2 1.212476e+01 5.345827e-04
-1 -1 0 2 1.967255e+01 8.673657e-04
0 1 3 4 1.762008e+01 7.768722e-04
2 4 -1 -1 1.592667e+01 7.022094e-04
2 3 -1 -1 2.792363e+01 1.231157e-03
5 
-1 -1 1 2 4.320065e+01 1.904724e-03
-1 -1 0 2 2.247581e+01 9.909620e-04
0 1 3 4 5.678738e+01 2.503765e-03
2 4 -1 -1 5.310734e+00 2.341511e-04
2 3 -1 -1 9.574475e+00 4.221401e-04
5 
-1 -1 1 2 8.225772e+00 3.626756e-04
-1 -1 0 2 3.850259e+01 1.697585e-03
0 1 3 4 3.618450e+01 1.595381e-03
2 4 -1 -1 5.101264e+01 2.249155e-03
2 3 -1 -1 3.746232e+01 1.651720e-03
5 
-1 -1 1 2 1.566673e+01 6.907487e-04
-1 -1 0 2 1.325198e+01 5.842818e-04
0 1 3 4 9.398555e+00 4.143838e-04
2 4 -1 -1 5.445910e+00 2.401110e-04
2 3 -1 -1 8.573537e+00 3.780086e-04
5 
-1 -1 1 2 1.970386e+01 8.687463e-04
-1 -1 0 2 3.294035e+01 1.452345e-03
0 1 3 4 2.584877e+01 1.139677e-03
2 4 -1 -1 7.965013e+00 3.511787e-04
2 3 -1 -1 4.537693e+00 2.000676e-04
5 
-1 -1 1 2 2.256375e+01 9.948392e-04
-1 -1 0 2 7.089529e+00 3.125785e-04
0 1 3 4 3.599091e+01 1.586845e-03
2 4 -1 -1 2.281727e+01 1.006017e-03
2 3 -1 -1 1.674592e+01 7.383304e-04
5 
-1 -1 1 2 9.732670e+00 4.291150e-04
-1 -1 0 2 1.373028e+01 6.053700e-04
0 1 3 4 2.140077e+01 9.435632e-04
2 4 -1 -1 4.803912e+01 2.118053e-03
2 3 -1 -1 1.067383e+01 4.706109e-04
5 
-1 -1 1 2 2.152093e+01 9.488614e-04
-1 -1 0 2 1.828520e+01 8.061975e-04
0 1 3 4 3.430700e+01 1.512601e-03
2 4 -1 -1 1.137671e+01 5.016008e-04
2 3 -1 -1 6.384601e+00 2.814981e-04
5 
-1 -1 1 2 7.506655e+00 3.309696e-04
-1 -1 0 2 3.997193e+00 1.762369e-04
0 1 3 4 1.447628e+01 6.382613e-04
2 4 -1 -1 1.318639e+01 5.813898e-04
2 3 -1 -1 2.509015e+01 1.106228e-03
5 
-1 -1 1 2 1.400262e+01 6.173779e-04
-1 -1 0 2 2.536953e+01 1.118547e-03
0 1 3 4 2.925470e+01 1.289845e-03
2 4 -1 -1 1.098304e+01 4.842438e-04
2 3 -1 -1 8.771472e+00 3.867356e-04
5 
-1 -1 1 2 1.012685e+01 4.464945e-04
-1 -1 0 2 4.224617e+01 1.862640e-03
0 1 3 4 2.159364e+01 9.520668e-04
2 4 -1 -1 1.386469e+01 6.112964e-04
2 3 -1 -1 1.887648e+01 8.322672e-04
5 
-1 -1 1 2 8.047422e+00 3.548121e-04
-1 -1 0 2 9.789663e+00 4.316278e-04
0 1 3 4 1.286147e+01 5.670642e-04
2 4 -1 -1 4.351083e+01 1.918399e-03
2 3 -1 -1 2.094126e+01 9.233033e-04
5 
-1 -1 1 2 1.063145e+01 4.687421e-04
-1 -1 0 2 5.482168e+01 2.417097e-03
0 1 3 4 2.613101e+01 1.152120e-03
2 4 -1 -1 9.040951e+00 3.986170e-04
2 3 -1 -1 4.501582e+01 1.984755e-03
5 
-1 -1 1 2 2.293478e+01 1.011198e-03
-1 -1 0 2 2.388052e+01 1.052896e-03
0 1 3 4 2.422397e+01 1.068039e-03
2 4 -1 -1 1.582533e+01 6.977412e-04
2 3 -1 -1 1.628496e+01 7.180065e-04
5 
-1 -1 1 2 1.506368e+01 6.641602e-04
-1 -1 0 2 8.269802e+00 3.646169e-04
0 1 3 4 3.457509e+01 1.524421e-03
2 4 -1 -1 1.434490e+01 6.324690e-04
2 3 -1 -1 2.564592e+01 1.130733e-03
5 
-1 -1 1 2 8.244400e+00 3.634969e-04
-1 -1 0 2 3.518543e+01 1.551331e-03
0 1 3 4 2.239876e+01 9.875651e-04
2 4 -1 -1 1.721971e+01 7.592199e-04
2 3 -1 -1 1.471534e+01 6.488018e-04
5 
-1 -1 1 2 3.655597e+01 1.611759e-03
-1 -1 0 2 7.204193e+00 3.176340e-04
0 1 3 4 2.560651e+01 1.128995e-03
2 4 -1 -1 9.307297e+00 4.103602e-04
2 3 -1 -1 7.770347e+00 3.425959e-04
5 
-1 -1 1 2 1.381735e+01 6.092091e-04
-1 -1 0 2 1.768622e+01 7.797880e-04
0 1 3 4 2.445014e+01 1.078010e-03
2 4 -1 -1 4.574362e+00 2.016844e-04
2 3 -1 -1 7.846145e+00 3.459378e-04
5 
-1 -1 1 2 2.972846e+01 1.310733e-03
-1 -1 0 2 1.612928e+01 7.111423e-04
0 1 3 4 3.118144e+01 1.374795e-03
2 4 -1 -1 2.898716e+01 1.278048e-03
2 3 -1 -1 3.326466e+01 1.466644e-03
5 
-1 -1 1 2 1.025014e+01 4.519305e-04
-1 -1 0 2 2.030896e+01 8.954251e-04
0 1 3 4 2.382607e+01 1.050495e-03
2 4 -1 -1 2.547010e+01 1.122981e-03
2 3 -1 -1 2.158013e+01 9.514712e-04
5 
-1 -1 1 2 4.151849e+01 1.830557e-03
-1 -1 0 2 2.542130e+01 1.120829e-03
0 1 3 4 3.428576e+01 1.511665e-03
2 4 -1 -1 4.130082e+01 1.820960e-03
2 3 -1 -1 4.078293e+01 1.798126e-03
5 
-1 -1 1 2 9.260723e+00 4.083068e-04
-1 -1 0 2 9.920333e+00 4.373891e-04
0 1 3 4 1.459457e+01 6.434768e-04
2 4 -1 -1 1.445998e+01 6.375429e-04
2 3 -1 -1 2.642235e+01 1.164965e-03
5 
-1 -1 1 2 4.477295e+01 1.974047e-03
-1 -1 0 2 7.198677e+00 3.173908e-04
0 1 3 4 1.175007e+01 5.180624e-04
2 4 -1 -1 1.795167e+01 7.914918e-04
2 3 -1 -1 1.115425e+01 4.917928e-04
5 
-1 -1 1 2 4.623999e+00 2.038729e-04
-1 -1 0 2 2.359849e+01 1.040461e-03
0 1 3 4 3.855089e+01 1.699715e-03
2 4 -1 -1 1.128374e+01 4.975020e-04
2 3 -1 -1 2.057793e+01 9.072840e-04
5 
-1 -1 1 2 1.900711e+01 8.380265e-04
-1 -1 0 2 2.388568e+01 1.053124e-03
0 1 3 4 3.005004e+01 1.324911e-03
2 4 -1 -1 1.434296e+01 6.323834e-04
2 3 -1 -1 2.816896e+01 1.241974e-03
5 
-1 -1 1 2 3.679910e+01 1.622478e-03
-1 -1 0 2 1.041808e+01 4.593348e-04
0 1 3 4 1.260605e+01 5.558028e-04
2 4 -1 -1 1.341595e+01 5.915114e-04
2 3 -1 -1 1.670732e+01 7.366284e-04
5 
-1 -1 1 2 1.644997e+01 7.252819e-04
-1 -1 0 2 5.562599e+01 2.452559e-03
0 1 3 4 2.487037e+01 1.096539e-03
2 4 -1 -1 3.357381e+01 1.480275e-03
2 3 -1 -1 1.263165e+01 5.569316e-04
5 
-1 -1 1 2 2.296259e+01 1.012424e-03
-1 -1 0 2 1.144692e+01 5.046964e-04
0 1 3 4 1.236420e+01 5.451397e-04
2 4 -1 -1 1.353545e+01 5.967801e-04
2 3 -1 -1 5.433956e+00 2.395840e-04
5 
-1 -1 1 2 6.421737e+01 2.831354e-03
-1 -1 0 2 1.927461e+01 8.498205e-04
0 1 3 4 3.198507e+01 1.410227e-03
2 4 -1 -1 3.135189e+01 1.382310e-03
2 3 -1 -1 2.532369e+01 1.116526e-03
5 
-1 -1 1 2 3.316824e+01 1.462393e-03
-1 -1 0 2 2.069064e+01 9.122535e-04
0 1 3 4 4.311474e+01 1.900936e-03
2 4 -1 -1 7.646407e+00 3.371313e-04
2 3 -1 -1 1.107863e+01 4.884584e-04
5 
-1 -1 1 2 3.181343e+01 1.402659e-03
-1 -1 0 2 1.579047e+01 6.962042e-04
0 1 3 4 4.452542e+01 1.963133e-03
2 4 -1 -1 1.256902e+01 5.541701e-04
2 3 -1 -1 1.143947e+01 5.043682e-04
5 
-1 -1 1 2 1.159002e+01 5.110059e-04
-1 -1 0 2 4.701334e+01 2.072826e-03
0 1 3 4 2.250831e+01 9.923949e-04
2 4 -1 -1 1.174168e+01 5.176925e-04
2 3 -1 -1 1.100831e+01 4.853582e-04
5 
-1 -1 1 2 1.147134e+01 5.057731e-04
-1 -1 0 2 2.807876e+01 1.237997e-03
0 1 3 4 3.989345e+01 1.758908e-03
2 4 -1 -1 1.112192e+01 4.903673e-04
2 3 -1 -1 1.322720e+01 5.831895e-04
5 
-1 -1 1 2 8.990102e+00 3.963750e-04
-1 -1 0 2 1.976053e+01 8.712447e-04
0 1 3 4 1.326246e+01 5.847441e-04
2 4 -1 -1 2.187425e+01 9.644393e-04
2 3 -1 -1 2.499701e+01 1.102122e-03
5 
-1 -1 1 2 2.056936e+01 9.069063e-04
-1 -1 0 2 2.562577e+01 1.129844e-03
0 1 3 4 2.662686e+01 1.173983e-03
2 4 -1 -1 1.651531e+01 7.281628e-04
2 3 -1 -1 1.447061e+01 6.380116e-04
5 
-1 -1 1 2 1.820717e+01 8.027570e-04
-1 -1 0 2 2.614343e+01 1.152668e-03
0 1 3 4 2.173268e+01 9.581973e-04
2 4 -1 -1 9.207212e+00 4.059474e-04
2 3 -1 -1 3.883874e+01 1.712406e-03
5 
-1 -1 1 2 4.334307e+01 1.911003e-03
-1 -1 0 2 3.256229e+01 1.435677e-03
0 1 3 4 1.460002e+01 6.437171e-04
2 4 -1 -1 1.411267e+01 6.222300e-04
2 3 -1 -1 4.240034e+00 1.869438e-04
5 
-1 -1 1 2 3.815136e+01 1.682100e-03
-1 -1 0 2 4.038824e+01 1.780724e-03
0 1 3 4 1.336652e+01 5.893322e-04
2 4 -1 -1 2.007668e+01 8.851840e-04
2 3 -1 -1 1.303459e+01 5.746971e-04
5 
-1 -1 1 2 1.029688e+01 4.539912e-04
-1 -1 0 2 4.309082e+01 1.899881e-03
0 1 3 4 5.279428e+01 2.327708e-03
2 4 -1 -1 1.526341e+01 6.729661e-04
2 3 -1 -1 1.696001e+01 7.477694e-04
5 
-1 -1 1 2 1.084362e+01 4.780971e-04
-1 -1 0 2 7.982633e+00 3.519556e-04
0 1 3 4 1.555244e+01 6.857097e-04
2 4 -1 -1 1.220727e+01 5.382207e-04
2 3 -1 -1 1.795244e+01 7.915259e-04
5 
-1 -1 1 2 1.069979e+01 4.717556e-04
-1 -1 0 2 8.325197e+00 3.670593e-04
0 1 3 4 5.949226e+01 2.623023e-03
2 4 -1 -1 1.734359e+01 7.646816e-04
2 3 -1 -1 9.012469e+00 3.973612e-04
5 
-1 -1 1 2 1.843206e+01 8.126726e-04
-1 -1 0 2 2.698745e+01 1.189881e-03
0 1 3 4 1.718300e+01 7.576012e-04
2 4 -1 -1 5.578717e+00 2.459665e-04
2 3 -1 -1 2.058480e+01 9.075871e-04
5 
-1 -1 1 2 3.483491e+01 1.535877e-03
-1 -1 0 2 1.563487e+01 6.893439e-04
0 1 3 4 3.972138e+01 1.751322e-03
2 4 -1 -1 8.692099e+00 3.832360e-04
2 3 -1 -1 6.952511e+00 3.065373e-04
5 
-1 -1 1 2 5.404462e+00 2.382836e-04
-1 -1 0 2 1.279718e+01 5.642299e-04
0 1 3 4 2.762572e+01 1.218023e-03
2 4 -1 -1 2.469979e+01 1.089018e-03
2 3 -1 -1 1.014552e+01 4.473175e-04
5 
-1 -1 1 2 1.449765e+01 6.392039e-04
-1 -1 0 2 1.066406e+01 4.701800e-04
0 1 3 4 3.134706e+01 1.382097e-03
2 4 -1 -1 1.679754e+01 7.406061e-04
2 3 -1 -1 6.350261e+00 2.799840e-04
5 
-1 -1 1 2 7.273110e+00 3.206726e-04
-1 -1 0 2 6.263259e+00 2.761481e-04
0 1 3 4 3.464463e+01 1.527487e-03
2 4 -1 -1 9.303542e+00 4.101947e-04
2 3 -1 -1 8.043785e+00 3.546518e-04
5 
-1 -1 1 2 1.692891e+01 7.463984e-04
-1 -1 0 2 9.431611e+00 4.158412e-04
0 1 3 4 3.373969e+01 1.487588e-03
2 4 -1 -1 1.167052e+01 5.145553e-04
2 3 -1 -1 3.314699e+01 1.461456e-03
5 
-1 -1 1 2 1.631433e+01 7.193013e-04
-1 -1 0 2 5.797944e+01 2.556323e-03
0 1 3 4 4.363039e+01 1.923671e-03
2 4 -1 -1 1.594683e+01 7.030982e-04
2 3 -1 -1 6.047650e+00 2.666418e-04
5 
-1 -1 1 2 1.302913e+01 5.744562e-04
-1 -1 0 2 8.306025e+00 3.662139e-04
0 1 3 4 2.203994e+01 9.717444e-04
2 4 -1 -1 1.340268e+01 5.909261e-04
2 3 -1 -1 1.905946e+01 8.403345e-04
5 
-1 -1 1 2 8.832001e+00 3.894043e-04
-1 -1 0 2 1.257707e+01 5.545252e-04
0 1 3 4 1.488297e+01 6.561927e-04
2 4 -1 -1 4.693642e+01 2.069434e-03
2 3 -1 -1 3.888146e+01 1.714290e-03
5 
-1 -1 1 2 6.690204e+00 2.949722e-04
-1 -1 0 2 1.856560e+01 8.185603e-04
0 1 3 4 2.405337e+01 1.060517e-03
2 4 -1 -1 1.079222e+01 4.758307e-04
2 3 -1 -1 1.339763e+01 5.907037e-04
5 
-1 -1 1 2 2.618476e+01 1.154490e-03
-1 -1 0 2 1.488061e+01 6.560886e-04
0 1 3 4 2.137750e+01 9.425375e-04
2 4 -1 -1 2.389504e+01 1.053536e-03
2 3 -1 -1 7.454786e+00 3.286827e-04
5 
-1 -1 1 2 2.564768e+01 1.130810e-03
-1 -1 0 2 3.832290e+01 1.689663e-03
0 1 3 4 1.611107e+01 7.103394e-04
2 4 -1 -1 1.065752e+01 4.698918e-04
2 3 -1 -1 1.528647e+01 6.739829e-04
5 
-1 -1 1 2 4.156958e+01 1.832810e-03
-1 -1 0 2 2.872221e+01 1.266367e-03
0 1 3 4 2.625605e+01 1.157634e-03
2 4 -1 -1 4.370993e+01 1.927178e-03
2 3 -1 -1 1.263306e+01 5.569938e-04
5 
-1 -1 1 2 1.806827e+01 7.966330e-04
-1 -1 0 2 3.715056e+01 1.637974e-03
0 1 3 4 2.545393e+01 1.122268e-03
2 4 -1 -1 4.091687e+01 1.804031e-03
2 3 -1 -1 2.375235e+01 1.047245e-03
5 
-1 -1 1 2 1.115114e+01 4.916555e-04
-1 -1 0 2 1.497047e+01 6.600503e-04
0 1 3 4 3.319666e+01 1.463646e-03
2 4 -1 -1 5.303990e+01 2.338538e-03
2 3 -1 -1 1.268063e+01 5.590911e-04
5 
-1 -1 1 2 2.087046e+01 9.201818e-04
-1 -1 0 2 2.159153e+01 9.519739e-04
0 1 3 4 2.772920e+01 1.222585e-03
2 4 -1 -1 2.454729e+01 1.082294e-03
2 3 -1 -1 1.075332e+01 4.741158e-04
5 
-1 -1 1 2 3.119508e+01 1.375396e-03
-1 -1 0 2 2.097099e+01 9.246144e-04
0 1 3 4 4.641294e+01 2.046354e-03
2 4 -1 -1 1.113666e+01 4.910170e-04
2 3 -1 -1 2.130851e+01 9.394956e-04
5 
-1 -1 1 2 3.001223e+01 1.323244e-03
-1 -1 0 2 2.010896e+01 8.866071e-04
0 1 3 4 2.453422e+01 1.081717e-03
2 4 -1 -1 2.694060e+01 1.187815e-03
2 3 -1 -1 1.134978e+01 5.004136e-04
5 
-1 -1 1 2 2.878915e+01 1.269318e-03
-1 -1 0 2 4.294062e+00 1.893259e-04
0 1 3 4 2.247593e+01 9.909673e-04
2 4 -1 -1 1.326215e+01 5.847303e-04
2 3 -1 -1 1.507846e+01 6.648118e-04
5 
-1 -1 1 2 1.804316e+01 7.955258e-04
-1 -1 0 2 9.868978e+00 4.351248e-04
0 1 3 4 8.015452e+00 3.534026e-04
2 4 -1 -1 9.823318e+00 4.331117e-04
2 3 -1 -1 1.500926e+01 6.617608e-04
5 
-1 -1 1 2 1.426624e+01 6.290008e-04
-1 -1 0 2 2.735004e+01 1.205867e-03
0 1 3 4 2.535479e+01 1.117897e-03
2 4 -1 -1 1.724248e+01 7.602235e-04
2 3 -1 -1 1.728981e+01 7.623103e-04
5 
-1 -1 1 2 5.333885e+01 2.351719e-03
-1 -1 0 2 2.221374e+01 9.794073e-04
0 1 3 4 1.419998e+01 6.260795e-04
2 4 -1 -1 1.121955e+01 4.946716e-04
2 3 -1 -1 1.787932e+01 7.883019e-04
5 
-1 -1 1 2 1.632624e+01 7.198266e-04
-1 -1 0 2 4.237339e+01 1.868250e-03
0 1 3 4 3.993589e+01 1.760780e-03
2 4 -1 -1 1.472355e+01 6.491638e-04
2 3 -1 -1 1.017429e+02 4.485862e-03
5 
-1 -1 1 2 3.969515e+00 1.750165e-04
-1 -1 0 2 1.174516e+01 5.178461e-04
0 1 3 4 2.991623e+01 1.319012e-03
2 4 -1 -1 1.732036e+01 7.636573e-04
2 3 -1 -1 3.186863e+00 1.405093e-04
5 
-1 -1 1 2 1.532422e+01 6.756474e-04
-1 -1 0 2 2.790227e+01 1.230215e-03
0 1 3 4 2.186013e+01 9.638164e-04
2 4 -1 -1 6.740828e+01 2.972042e-03
2 3 -1 -1 2.058942e+01 9.077909e-04
5 
-1 -1 1 2 1.808098e+01 7.971933e-04
-1 -1 0 2 6.184769e+00 2.726875e-04
0 1 3 4 2.036720e+01 8.979933e-04
2 4 -1 -1 1.387610e+01 6.117996e-04
2 3 -1 -1 1.579439e+01 6.963772e-04
5 
-1 -1 1 2 1.043330e+01 4.600057e-04
-1 -1 0 2 1.347017e+01 5.939018e-04
0 1 3 4 1.823839e+01 8.041334e-04
2 4 -1 -1 1.642917e+01 7.243646e-04
2 3 -1 -1 1.920146e+01 8.465953e-04
5 
-1 -1 1 2 1.000132e+01 4.409599e-04
-1 -1 0 2 2.389626e+01 1.053590e-03
0 1 3 4 3.834869e+01 1.690800e-03
2 4 -1 -1 2.022629e+01 8.917806e-04
2 3 -1 -1 2.074164e+01 9.145020e-04
5 
-1 -1 1 2 4.452212e+01 1.962988e-03
-1 -1 0 2 1.966009e+01 8.668165e-04
0 1 3 4 2.886555e+01 1.272687e-03
2 4 -1 -1 3.023444e+01 1.333041e-03
2 3 -1 -1 7.905563e+01 3.485575e-03
5 
-1 -1 1 2 3.558682e+01 1.569028e-03
-1 -1 0 2 1.358693e+01 5.990499e-04
0 1 3 4 2.821403e+01 1.243961e-03
2 4 -1 -1 2.820569e+01 1.243593e-03
2 3 -1 -1 1.416291e+01 6.244448e-04
5 
-1 -1 1 2 1.436157e+01 6.332039e-04
-1 -1 0 2 1.081039e+01 4.766316e-04
0 1 3 4 1.187577e+01 5.236046e-04
2 4 -1 -1 2.829911e+01 1.247712e-03
2 3 -1 -1 1.593494e+01 7.025742e-04
5 
-1 -1 1 2 3.451836e+01 1.521920e-03
-1 -1 0 2 2.101849e+01 9.267086e-04
0 1 3 4 2.087879e+01 9.205493e-04
2 4 -1 -1 7.879882e+01 3.474253e-03
2 3 -1 -1 1.869908e+01 8.244455e-04
5 
-1 -1 1 2 9.328123e+00 4.112784e-04
-1 -1 0 2 7.618971e+01 3.359216e-03
0 1 3 4 2.310331e+01 1.018628e-03
2 4 -1 -1 4.766019e+01 2.101345e-03
2 3 -1 -1 9.447699e+00 4.165505e-04
5 
-1 -1 1 2 1.929915e+01 8.509027e-04
-1 -1 0 2 1.173369e+01 5.173402e-04
0 1 3 4 1.911717e+01 8.428790e-04
2 4 -1 -1 3.188541e+01 1.405833e-03
2 3 -1 -1 9.831117e+00 4.334555e-04
5 
-1 -1 1 2 1.527909e+01 6.736575e-04
-1 -1 0 2 2.339311e+01 1.031406e-03
0 1 3 4 1.440357e+01 6.350557e-04
2 4 -1 -1 1.666405e+01 7.347208e-04
2 3 -1 -1 3.381381e+01 1.490856e-03
5 
-1 -1 1 2 9.471657e+00 4.176069e-04
-1 -1 0 2 1.685768e+01 7.432576e-04
0 1 3 4 1.937387e+01 8.541969e-04
2 4 -1 -1 8.761752e+00 3.863070e-04
2 3 -1 -1 1.610720e+01 7.101689e-04
5 
-1 -1 1 2 1.839460e+01 8.110207e-04
-1 -1 0 2 1.010380e+01 4.454782e-04
0 1 3 4 1.575623e+01 6.946949e-04
2 4 -1 -1 4.726721e+01 2.084019e-03
2 3 -1 -1 2.544960e+01 1.122077e-03
5 
-1 -1 1 2 6.603276e+00 2.911395e-04
-1 -1 0 2 2.844280e+01 1.254048e-03
0 1 3 4 2.580508e+01 1.137750e-03
2 4 -1 -1 8.431662e+00 3.717533e-04
2 3 -1 -1 1.653472e+01 7.290186e-04
5 
-1 -1 1 2 1.193053e+01 5.260189e-04
-1 -1 0 2 6.740676e+00 2.971975e-04
0 1 3 4 2.131321e+01 9.397027e-04
2 4 -1 -1 2.826385e+01 1.246157e-03
2 3 -1 -1 1.465951e+01 6.463400e-04
5 
-1 -1 1 2 1.174608e+01 5.178867e-04
-1 -1 0 2 1.919207e+01 8.461816e-04
0 1 3 4 2.495684e+01 1.100351e-03
2 4 -1 -1 4.470594e+01 1.971092e-03
2 3 -1 -1 6.092035e+00 2.685988e-04
5 
-1 -1 1 2 5.094781e+01 2.246297e-03
-1 -1 0 2 2.768576e+01 1.220669e-03
0 1 3 4 3.165394e+01 1.395627e-03
2 4 -1 -1 6.648448e+00 2.931311e-04
2 3 -1 -1 9.838322e+00 4.337732e-04
5 
-1 -1 1 2 1.473063e+01 6.494756e-04
-1 -1 0 2 2.092684e+01 9.226675e-04
0 1 3 4 2.349920e+01 1.036083e-03
2 4 -1 -1 2.710694e+01 1.195149e-03
2 3 -1 -1 2.482871e+01 1.094702e-03
5 
-1 -1 1 2 2.073764e+01 9.143258e-04
-1 -1 0 2 1.215626e+01 5.359714e-04
0 1 3 4 1.730744e+01 7.630880e-04
2 4 -1 -1 1.105808e+01 4.875524e-04
2 3 -1 -1 1.615812e+02 7.124141e-03
5 
-1 -1 1 2 2.356493e+01 1.038982e-03
-1 -1 0 2 6.109024e+00 2.693479e-04
0 1 3 4 1.902925e+01 8.390027e-04
2 4 -1 -1 2.490587e+01 1.098104e-03
2 3 -1 -1 4.874121e+01 2.149008e-03
5 
-1 -1 1 2 5.303973e+01 2.338530e-03
-1 -1 0 2 4.111462e+01 1.812750e-03
0 1 3 4 3.444961e+01 1.518889e-03
2 4 -1 -1 2.347015e+01 1.034803e-03
2 3 -1 -1 1.621913e+01 7.151041e-04
5 
-1 -1 1 2 1.396959e+01 6.159213e-04
-1 -1 0 2 1.881622e+01 8.296100e-04
0 1 3 4 2.323875e+01 1.024600e-03
2 4 -1 -1 3.374695e+01 1.487909e-03
2 3 -1 -1 5.043842e+01 2.223838e-03
5 
-1 -1 1 2 9.758346e+00 4.302470e-04
-1 -1 0 2 1.133539e+01 4.997792e-04
0 1 3 4 1.391907e+01 6.136941e-04
2 4 -1 -1 1.623738e+01 7.159085e-04
2 3 -1 -1 9.984274e+00 4.402082e-04
5 
-1 -1 1 2 1.178603e+01 5.196479e-04
-1 -1 0 2 1.213602e+01 5.350790e-04
0 1 3 4 4.434905e+01 1.955357e-03
2 4 -1 -1 4.749022e+01 2.093852e-03
2 3 -1 -1 1.858133e+01 8.192540e-04
5 
-1 -1 1 2 2.751074e+01 1.212953e-03
-1 -1 0 2 1.501285e+01 6.619189e-04
0 1 3 4 2.302991e+01 1.015392e-03
2 4 -1 -1 2.190525e+01 9.658059e-04
2 3 -1 -1 4.088079e+01 1.802441e-03
5 
-1 -1 1 2 7.268652e+00 3.204760e-04
-1 -1 0 2 3.794165e+01 1.672853e-03
0 1 3 4 3.497352e+01 1.541988e-03
2 4 -1 -1 2.205653e+01 9.724758e-04
2 3 -1 -1 1.016207e+01 4.480475e-04
5 
-1 -1 1 2 1.306803e+01 5.761713e-04
-1 -1 0 2 9.620914e+00 4.241877e-04
0 1 3 4 2.648219e+01 1.167604e-03
2 4 -1 -1 1.160060e+01 5.114723e-04
2 3 -1 -1 8.742930e+00 3.854772e-04
5 
-1 -1 1 2 2.243778e+01 9.892855e-04
-1 -1 0 2 2.423534e+01 1.068540e-03
0 1 3 4 1.098755e+01 4.844429e-04
2 4 -1 -1 2.593892e+01 1.143651e-03
2 3 -1 -1 2.066814e+01 9.112616e-04
5 
-1 -1 1 2 1.301543e+01 5.738525e-04
-1 -1 0 2 1.906972e+01 8.407868e-04
0 1 3 4 3.908863e+01 1.723424e-03
2 4 -1 -1 8.844616e+01 3.899605e-03
2 3 -1 -1 9.938249e+00 4.381790e-04
5 
-1 -1 1 2 1.911417e+01 8.427466e-04
-1 -1 0 2 1.987554e+01 8.763156e-04
0 1 3 4 5.662470e+01 2.496592e-03
2 4 -1 -1 2.754573e+01 1.214496e-03
2 3 -1 -1 3.260889e+01 1.437731e-03
5 
-1 -1 1 2 1.552276e+01 6.844012e-04
-1 -1 0 2 4.477457e+01 1.974118e-03
0 1 3 4 2.637683e+01 1.162959e-03
2 4 -1 -1 2.650306e+01 1.168524e-03
2 3 -1 -1 1.803009e+01 7.949494e-04
5 
-1 -1 1 2 1.374770e+01 6.061383e-04
-1 -1 0 2 1.212793e+01 5.347222e-04
0 1 3 4 1.665170e+01 7.341762e-04
2 4 -1 -1 1.518982e+01 6.697214e-04
2 3 -1 -1 3.330375e+01 1.468368e-03
5 
-1 -1 1 2 7.460512e+00 3.289352e-04
-1 -1 0 2 4.429954e+00 1.953174e-04
0 1 3 4 2.921728e+01 1.288194e-03
2 4 -1 -1 1.063911e+01 4.690801e-04
2 3 -1 -1 1.605263e+01 7.077632e-04
5 
-1 -1 1 2 7.159170e+00 3.156490e-04
-1 -1 0 2 1.813603e+01 7.996203e-04
0 1 3 4 2.543132e+01 1.121271e-03
2 4 -1 -1 4.892021e+01 2.156900e-03
2 3 -1 -1 3.066463e+01 1.352008e-03
5 
-1 -1 1 2 3.490101e+01 1.538791e-03
-1 -1 0 2 2.238824e+01 9.871010e-04
0 1 3 4 8.622441e+00 3.801648e-04
2 4 -1 -1 1.253458e+01 5.526514e-04
2 3 -1 -1 2.818603e+01 1.242726e-03
5 
-1 -1 1 2 7.844939e+00 3.458846e-04
-1 -1 0 2 3.371395e+01 1.486453e-03
0 1 3 4 1.888658e+01 8.327122e-04
2 4 -1 -1 5.669594e+01 2.499733e-03
2 3 -1 -1 1.766505e+01 7.788549e-04
5 
-1 -1 1 2 1.342869e+01 5.920731e-04
-1 -1 0 2 2.854674e+01 1.258630e-03
0 1 3 4 1.452626e+01 6.404652e-04
2 4 -1 -1 4.241405e+01 1.870042e-03
2 3 -1 -1 7.232190e+00 3.188684e-04
5 
-1 -1 1 2 1.127798e+01 4.972478e-04
-1 -1 0 2 1.470552e+01 6.483687e-04
0 1 3 4 1.026389e+01 4.525367e-04
2 4 -1 -1 5.695839e+01 2.511304e-03
2 3 -1 -1 1.023636e+01 4.513226e-04
5 
-1 -1 1 2 8.525611e+01 3.758956e-03
-1 -1 0 2 4.594843e+01 2.025873e-03
0 1 3 4 4.074386e+01 1.796403e-03
2 4 -1 -1 1.304748e+01 5.752656e-04
2 3 -1 -1 3.445320e+00 1.519047e-04
5 
-1 -1 1 2 2.514781e+01 1.108771e-03
-1 -1 0 2 2.918272e+01 1.286671e-03
0 1 3 4 2.522323e+01 1.112096e-03
2 4 -1 -1 1.255030e+01 5.533449e-04
2 3 -1 -1 1.270488e+01 5.601601e-04
5 
-1 -1 1 2 6.962100e+00 3.069601e-04
-1 -1 0 2 4.005825e+01 1.766175e-03
0 1 3 4 4.618305e+01 2.036218e-03
2 4 -1 -1 2.085036e+01 9.192956e-04
2 3 -1 -1 1.019037e+01 4.492948e-04
5 
-1 -1 1 2 4.114976e+00 1.814300e-04
-1 -1 0 2 4.346078e+01 1.916193e-03
0 1 3 4 1.088409e+01 4.798811e-04
2 4 -1 -1 2.831145e+01 1.248256e-03
2 3 -1 -1 3.971476e+01 1.751030e-03
5 
-1 -1 1 2 9.384543e+00 4.137660e-04
-1 -1 0 2 1.639955e+01 7.230587e-04
0 1 3 4 3.853543e+01 1.699033e-03
2 4 -1 -1 2.333343e+00 1.028774e-04
2 3 -1 -1 2.182597e+01 9.623106e-04
5 
-1 -1 1 2 1.565222e+01 6.901088e-04
-1 -1 0 2 2.417210e+01 1.065752e-03
0 1 3 4 2.588008e+01 1.141057e-03
2 4 -1 -1 4.813714e+01 2.122374e-03
2 3 -1 -1 1.897226e+01 8.364899e-04
5 
-1 -1 1 2 3.628403e+01 1.599769e-03
-1 -1 0 2 2.100512e+01 9.261192e-04
0 1 3 4 1.567361e+01 6.910518e-04
2 4 -1 -1 8.653141e+00 3.815184e-04
2 3 -1 -1 2.045989e+01 9.020800e-04
5 
-1 -1 1 2 7.663894e+00 3.379023e-04
-1 -1 0 2 6.539967e+01 2.883482e-03
0 1 3 4 1.659545e+01 7.316960e-04
2 4 -1 -1 1.992384e+01 8.784451e-04
2 3 -1 -1 9.856509e+00 4.345750e-04
5 
-1 -1 1 2 5.960660e+01 2.628064e-03
-1 -1 0 2 1.019684e+01 4.495801e-04
0 1 3 4 2.262417e+01 9.975034e-04
2 4 -1 -1 1.662300e+01 7.329108e-04
2 3 -1 -1 1.680041e+01 7.407330e-04
5 
-1 -1 1 2 1.775633e+01 7.828796e-04
-1 -1 0 2 1.359274e+01 5.993059e-04
0 1 3 4 4.504151e+01 1.985887e-03
2 4 -1 -1 1.856001e+01 8.183137e-04
2 3 -1 -1 1.619996e+01 7.142589e-04
5 
-1 -1 1 2 1.224303e+01 5.397969e-04
-1 -1 0 2 5.780461e+00 2.548615e-04
0 1 3 4 3.148327e+01 1.388102e-03
2 4 -1 -1 6.243937e+01 2.752962e-03
2 3 -1 -1 3.680053e+01 1.622541e-03
5 
-1 -1 1 2 1.033815e+01 4.558106e-04
-1 -1 0 2 6.246777e+00 2.754214e-04
0 1 3 4 7.213393e+00 3.180396e-04
2 4 -1 -1 1.192479e+01 5.257658e-04
2 3 -1 -1 1.764526e+01 7.779823e-04
5 
-1 -1 1 2 5.386409e+00 2.374876e-04
-1 -1 0 2 2.488037e+01 1.096979e-03
0 1 3 4 2.129674e+01 9.389765e-04
2 4 -1 -1 1.066747e+01 4.703306e-04
2 3 -1 -1 1.883214e+01 8.303121e-04
5 
-1 -1 1 2 8.448147e+01 3.724802e-03
-1 -1 0 2 2.260432e+01 9.966281e-04
0 1 3 4 5.410915e+01 2.385681e-03
2 4 -1 -1 1.236381e+01 5.451225e-04
2 3 -1 -1 5.515511e+00 2.431798e-04
5 
-1 -1 1 2 9.716964e+00 4.284225e-04
-1 -1 0 2 8.533946e+00 3.762631e-04
0 1 3 4 1.599137e+01 7.050620e-04
2 4 -1 -1 1.840072e+01 8.112905e-04
2 3 -1 -1 2.650399e+01 1.168565e-03
5 
-1 -1 1 2 2.780909e+01 1.226107e-03
-1 -1 0 2 7.647654e+00 3.371863e-04
0 1 3 4 1.209765e+01 5.333874e-04
2 4 -1 -1 2.235668e+01 9.857095e-04
2 3 -1 -1 2.410968e+01 1.062999e-03
5 
-1 -1 1 2 3.077081e+01 1.356690e-03
-1 -1 0 2 6.825666e+01 3.009447e-03
0 1 3 4 2.725651e+01 1.201744e-03
2 4 -1 -1 1.526709e+01 6.731286e-04
2 3 -1 -1 3.043221e+01 1.341761e-03
5 
-1 -1 1 2 2.548209e+01 1.123510e-03
-1 -1 0 2 3.239816e+01 1.428440e-03
0 1 3 4 2.686871e+01 1.184646e-03
2 4 -1 -1 1.177476e+01 5.191511e-04
2 3 -1 -1 1.862287e+01 8.210854e-04
5 
-1 -1 1 2 2.904506e+01 1.280601e-03
-1 -1 0 2 6.452702e+00 2.845007e-04
0 1 3 4 3.742409e+01 1.650034e-03
2 4 -1 -1 8.908975e+00 3.927981e-04
2 3 -1 -1 8.487018e+00 3.741940e-04
5 
-1 -1 1 2 1.252127e+01 5.520650e-04
-1 -1 0 2 2.339016e+01 1.031276e-03
0 1 3 4 1.300065e+01 5.732007e-04
2 4 -1 -1 2.803183e+01 1.235928e-03
2 3 -1 -1 4.885079e+01 2.153839e-03
5 
-1 -1 1 2 1.457058e+01 6.424193e-04
-1 -1 0 2 4.287027e+01 1.890157e-03
0 1 3 4 3.783346e+01 1.668083e-03
2 4 -1 -1 2.224491e+00 9.807816e-05
2 3 -1 -1 1.629980e+01 7.186608e-04
5 
-1 -1 1 2 1.385577e+01 6.109031e-04
-1 -1 0 2 1.506229e+01 6.640990e-04
0 1 3 4 2.009350e+01 8.859258e-04
2 4 -1 -1 5.419995e+01 2.389684e-03
2 3 -1 -1 5.609844e+01 2.473389e-03
5 
-1 -1 1 2 3.843146e+01 1.694449e-03
-1 -1 0 2 3.002063e+01 1.323615e-03
0 1 3 4 2.263890e+01 9.981529e-04
2 4 -1 -1 1.321207e+01 5.825221e-04
2 3 -1 -1 3.638873e+01 1.604385e-03
5 
-1 -1 1 2 1.389410e+01 6.125929e-04
-1 -1 0 2 9.699391e+00 4.276477e-04
0 1 3 4 9.878712e+00 4.355540e-04
2 4 -1 -1 2.730415e+01 1.203844e-03
2 3 -1 -1 5.859667e+00 2.583537e-04
5 
-1 -1 1 2 8.618198e+00 3.799777e-04
-1 -1 0 2 2.328113e+01 1.026469e-03
0 1 3 4 2.711758e+01 1.195619e-03
2 4 -1 -1 3.449791e+01 1.521018e-03
2 3 -1 -1 1.402850e+01 6.185190e-04
5 
-1 -1 1 2 2.011830e+01 8.870193e-04
-1 -1 0 2 1.545631e+01 6.814711e-04
0 1 3 4 1.722770e+01 7.595722e-04
2 4 -1 -1 3.656682e+01 1.612237e-03
2 3 -1 -1 1.047373e+01 4.617882e-04
5 
-1 -1 1 2 1.749667e+01 7.714309e-04
-1 -1 0 2 1.879520e+01 8.286831e-04
0 1 3 4 2.696879e+01 1.189058e-03
2 4 -1 -1 1.145493e+01 5.050498e-04
2 3 -1 -1 3.513679e+01 1.549187e-03
5 
-1 -1 1 2 1.982369e+01 8.740295e-04
-1 -1 0 2 4.158351e+01 1.833424e-03
0 1 3 4 3.513022e+01 1.548897e-03
2 4 -1 -1 2.819229e+01 1.243002e-03
2 3 -1 -1 8.163234e+00 3.599183e-04
5 
-1 -1 1 2 2.451149e+01 1.080716e-03
-1 -1 0 2 8.370478e+00 3.690557e-04
0 1 3 4 1.742066e+01 7.680797e-04
2 4 -1 -1 6.775803e+00 2.987462e-04
2 3 -1 -1 1.751212e+01 7.721124e-04
5 
-1 -1 1 2 1.662071e+01 7.328099e-04
-1 -1 0 2 1.021994e+01 4.505989e-04
0 1 3 4 1.348372e+01 5.944995e-04
2 4 -1 -1 1.088704e+01 4.800111e-04
2 3 -1 -1 1.294963e+01 5.709514e-04
5 
-1 -1 1 2 1.195645e+01 5.271617e-04
-1 -1 0 2 2.678890e+01 1.181127e-03
0 1 3 4 4.690563e+01 2.068077e-03
2 4 -1 -1 1.956264e+01 8.625198e-04
2 3 -1 -1 2.505386e+01 1.104629e-03
5 
-1 -1 1 2 8.762325e+00 3.863323e-04
-1 -1 0 2 2.204736e+01 9.720718e-04
0 1 3 4 9.093003e+00 4.009120e-04
2 4 -1 -1 7.028903e+00 3.099054e-04
2 3 -1 -1 7.564056e+01 3.335004e-03
5 
-1 -1 1 2 1.882634e+01 8.300564e-04
-1 -1 0 2 1.255680e+01 5.536312e-04
0 1 3 4 2.032155e+01 8.959804e-04
2 4 -1 -1 2.974893e+01 1.311635e-03
2 3 -1 -1 5.816955e+01 2.564705e-03
5 
-1 -1 1 2 2.594702e+01 1.144008e-03
-1 -1 0 2 1.353075e+01 5.965731e-04
0 1 3 4 2.313599e+01 1.020070e-03
2 4 -1 -1 2.130430e+01 9.393101e-04
2 3 -1 -1 2.420049e+01 1.067004e-03
5 
-1 -1 1 2 3.918635e+01 1.727733e-03
-1 -1 0 2 1.872682e+01 8.256685e-04
0 1 3 4 2.301170e+01 1.014589e-03
2 4 -1 -1 1.911886e+01 8.429536e-04
2 3 -1 -1 2.778642e+01 1.225108e-03
5 
-1 -1 1 2 1.642530e+01 7.241941e-04
-1 -1 0 2 2.056432e+01 9.066840e-04
0 1 3 4 2.652592e+01 1.169532e-03
2 4 -1 -1 1.877731e+01 8.278945e-04
2 3 -1 -1 3.165793e+01 1.395803e-03
5 
-1 -1 1 2 3.979123e+01 1.754402e-03
-1 -1 0 2 8.652305e+00 3.814815e-04
0 1 3 4 3.219492e+01 1.419479e-03
2 4 -1 -1 2.009092e+01 8.858119e-04
2 3 -1 -1 2.334510e+01 1.029289e-03
5 
-1 -1 1 2 2.897325e+01 1.277435e-03
-1 -1 0 2 1.236511e+01 5.451798e-04
0 1 3 4 1.593552e+01 7.025998e-04
2 4 -1 -1 1.268141e+01 5.591253e-04
2 3 -1 -1 2.198397e+01 9.692767e-04
5 
-1 -1 1 2 1.142555e+01 5.037542e-04
-1 -1 0 2 4.308117e+01 1.899456e-03
0 1 3 4 3.127259e+01 1.378814e-03
2 4 -1 -1 2.085744e+01 9.196078e-04
2 3 -1 -1 1.613845e+01 7.115469e-04
5 
-1 -1 1 2 1.750904e+01 7.719763e-04
-1 -1 0 2 2.815161e+01 1.241209e-03
0 1 3 4 3.275998e+01 1.444393e-03
2 4 -1 -1 4.227485e+01 1.863905e-03
2 3 -1 -1 8.249748e+00 3.637327e-04
5 
-1 -1 1 2 1.181975e+01 5.211347e-04
-1 -1 0 2 1.470507e+01 6.483487e-04
0 1 3 4 1.984946e+01 8.751658e-04
2 4 -1 -1 1.464811e+01 6.458377e-04
2 3 -1 -1 5.046946e+00 2.225206e-04
5 
-1 -1 1 2 3.386475e+01 1.493102e-03
-1 -1 0 2 6.200362e+00 2.733749e-04
0 1 3 4 2.432014e+01 1.072279e-03
2 4 -1 -1 1.151192e+01 5.075626e-04
2 3 -1 -1 6.816179e+00 3.005264e-04
5 
-1 -1 1 2 1.270534e+01 5.601803e-04
-1 -1 0 2 1.529520e+01 6.743679e-04
0 1 3 4 2.156652e+01 9.508712e-04
2 4 -1 -1 3.103303e+01 1.368251e-03
2 3 -1 -1 7.430608e+00 3.276167e-04
5 
-1 -1 1 2 1.737515e+01 7.660730e-04
-1 -1 0 2 4.104169e+01 1.809535e-03
0 1 3 4 3.017662e+01 1.330492e-03
2 4 -1 -1 4.916776e+00 2.167814e-04
2 3 -1 -1 1.390041e+01 6.128715e-04
5 
-1 -1 1 2 2.016668e+01 8.891523e-04
-1 -1 0 2 1.683400e+01 7.422140e-04
0 1 3 4 2.109290e+01 9.299894e-04
2 4 -1 -1 1.703971e+01 7.512837e-04
2 3 -1 -1 8.308092e+00 3.663051e-04
5 
-1 -1 1 2 1.379379e+01 6.081703e-04
-1 -1 0 2 4.445138e+01 1.959868e-03
0 1 3 4 2.090315e+01 9.216231e-04
2 4 -1 -1 1.039087e+01 4.581350e-04
2 3 -1 -1 1.756718e+01 7.745399e-04
5 
-1 -1 1 2 3.977667e+01 1.753760e-03
-1 -1 0 2 5.598516e+01 2.468395e-03
0 1 3 4 3.570061e+01 1.574046e-03
2 4 -1 -1 1.372137e+01 6.049776e-04
2 3 -1 -1 1.493788e+01 6.586137e-04
5 
-1 -1 1 2 1.231220e+01 5.428466e-04
-1 -1 0 2 1.669099e+01 7.359085e-04
0 1 3 4 2.630235e+01 1.159675e-03
2 4 -1 -1 2.286960e+01 1.008324e-03
2 3 -1 -1 1.199941e+01 5.290560e-04
5 
-1 -1 1 2 2.682461e+01 1.182701e-03
-1 -1 0 2 4.913304e+00 2.166284e-04
0 1 3 4 4.181862e+01 1.843790e-03
2 4 -1 -1 7.153249e+01 3.153879e-03
2 3 -1 -1 2.222781e+01 9.800279e-04
5 
-1 -1 1 2 3.563970e+01 1.571360e-03
-1 -1 0 2 2.340031e+01 1.031724e-03
0 1 3 4 4.577740e+01 2.018333e-03
2 4 -1 -1 2.681057e+01 1.182082e-03
2 3 -1 -1 2.159862e+01 9.522866e-04
5 
-1 -1 1 2 5.273021e+01 2.324883e-03
-1 -1 0 2 1.303190e+01 5.745786e-04
0 1 3 4 2.445755e+01 1.078337e-03
2 4 -1 -1 7.434764e+00 3.277999e-04
2 3 -1 -1 4.254471e+01 1.875803e-03
5 
-1 -1 1 2 3.314184e+00 1.461229e-04
-1 -1 0 2 1.392409e+01 6.139155e-04
0 1 3 4 2.888738e+01 1.273649e-03
2 4 -1 -1 2.538077e+01 1.119042e-03
2 3 -1 -1 3.729345e+01 1.644274e-03
5 
-1 -1 1 2 1.622978e+01 7.155736e-04
-1 -1 0 2 6.921584e+00 3.051737e-04
0 1 3 4 1.615679e+01 7.123552e-04
2 4 -1 -1 3.653584e+00 1.610871e-04
2 3 -1 -1 4.381916e+01 1.931994e-03
5 
-1 -1 1 2 5.687895e+00 2.507802e-04
-1 -1 0 2 9.027940e+00 3.980433e-04
0 1 3 4 1.467454e+01 6.470027e-04
2 4 -1 -1 2.317765e+01 1.021906e-03
2 3 -1 -1 2.113584e+01 9.318824e-04
5 
-1 -1 1 2 3.211276e+01 1.415857e-03
-1 -1 0 2 6.519253e+00 2.874349e-04
0 1 3 4 3.036313e+01 1.338715e-03
2 4 -1 -1 2.292357e+01 1.010704e-03
2 3 -1 -1 1.579732e+01 6.965062e-04
5 
-1 -1 1 2 1.003011e+01 4.422292e-04
-1 -1 0 2 5.684169e+01 2.506159e-03
0 1 3 4 3.651309e+01 1.609868e-03
2 4 -1 -1 1.402454e+01 6.183443e-04
2 3 -1 -1 1.463129e+01 6.450957e-04
5 
-1 -1 1 2 5.175409e+00 2.281846e-04
-1 -1 0 2 1.317669e+01 5.809622e-04
0 1 3 4 2.523383e+01 1.112564e-03
2 4 -1 -1 6.196024e+01 2.731837e-03
2 3 -1 -1 3.129625e+01 1.379856e-03
5 
-1 -1 1 2 1.037472e+01 4.574229e-04
-1 -1 0 2 9.881575e+00 4.356802e-04
0 1 3 4 2.977689e+01 1.312868e-03
2 4 -1 -1 9.179748e+00 4.047366e-04
2 3 -1 -1 2.946306e+01 1.299031e-03
5 
-1 -1 1 2 1.059101e+01 4.669594e-04
-1 -1 0 2 8.952985e+00 3.947385e-04
0 1 3 4 2.645895e+01 1.166579e-03
2 4 -1 -1 2.219335e+01 9.785083e-04
2 3 -1 -1 2.026817e+01 8.936266e-04
5 
-1 -1 1 2 2.147986e+01 9.470506e-04
-1 -1 0 2 3.468465e+01 1.529252e-03
0 1 3 4 2.167343e+01 9.555850e-04
2 4 -1 -1 2.215539e+01 9.768348e-04
2 3 -1 -1 2.235602e+01 9.856807e-04
