H 
4.000000e+01 
200 
5 
-1 -1 1 2 4.299585e+01 1.112763e-03
-1 -1 0 2 4.597227e+01 1.189795e-03
0 1 3 4 3.214473e+01 8.319285e-04
2 4 -1 -1 5.099648e+01 1.319825e-03
2 3 -1 -1 2.520857e+01 6.524157e-04
5 
-1 -1 1 2 5.153471e+01 1.333755e-03
-1 -1 0 2 3.292857e+01 8.522148e-04
0 1 3 4 3.466187e+01 8.970739e-04
2 4 -1 -1 1.538982e+01 3.982994e-04
2 3 -1 -1 3.893174e+01 1.007581e-03
5 
-1 -1 1 2 1.336500e+01 3.458957e-04
-1 -1 0 2 1.773349e+01 4.589553e-04
0 1 3 4 3.906145e+01 1.010938e-03
2 4 -1 -1 1.515386e+01 3.921928e-04
2 3 -1 -1 3.987448e+01 1.031980e-03
5 
-1 -1 1 2 3.028016e+01 7.836721e-04
-1 -1 0 2 2.854039e+01 7.386456e-04
0 1 3 4 4.260545e+01 1.102659e-03
2 4 -1 -1 2.637970e+01 6.827254e-04
2 3 -1 -1 5.290766e+01 1.369288e-03
5 
-1 -1 1 2 2.605046e+01 6.742044e-04
-1 -1 0 2 1.626842e+01 4.210384e-04
0 1 3 4 3.181715e+01 8.234505e-04
2 4 -1 -1 1.271535e+01 3.290824e-04
2 3 -1 -1 2.397807e+01 6.205694e-04
5 
-1 -1 1 2 2.131203e+01 5.515706e-04
-1 -1 0 2 3.290546e+01 8.516169e-04
0 1 3 4 3.089446e+01 7.995707e-04
2 4 -1 -1 3.456331e+01 8.945232e-04
2 3 -1 -1 3.930463e+01 1.017232e-03
5 
-1 -1 1 2 1.905141e+01 4.930640e-04
-1 -1 0 2 3.181803e+01 8.234732e-04
0 1 3 4 9.166528e+01 2.372363e-03
2 4 -1 -1 4.652674e+01 1.204145e-03
2 3 -1 -1 2.601864e+01 6.733809e-04
5 
-1 -1 1 2 1.719684e+01 4.450664e-04
-1 -1 0 2 5.555836e+01 1.437890e-03
0 1 3 4 5.881679e+01 1.522221e-03
2 4 -1 -1 2.078672e+01 5.379750e-04
2 3 -1 -1 3.709587e+01 9.600676e-04
5 
-1 -1 1 2 5.851351e+01 1.514371e-03
-1 -1 0 2 7.611327e+01 1.969866e-03
0 1 3 4 4.644455e+01 1.202018e-03
2 4 -1 -1 3.705083e+01 9.589019e-04
2 3 -1 -1 1.386409e+01 3.588125e-04
5 
-1 -1 1 2 8.220085e+01 2.127416e-03
-1 -1 0 2 3.504790e+01 9.070647e-04
0 1 3 4 2.141736e+01 5.542966e-04
2 4 -1 -1 2.704023e+01 6.998203e-04
2 3 -1 -1 1.766767e+01 4.572519e-04
5 
-1 -1 1 2 2.274707e+01 5.887104e-04
-1 -1 0 2 1.026820e+02 2.657482e-03
0 1 3 4 1.975900e+01 5.113769e-04
2 4 -1 -1 2.017575e+01 5.221627e-04
2 3 -1 -1 7.277012e+01 1.883343e-03
5 
-1 -1 1 2 3.943382e+01 1.020575e-03
-1 -1 0 2 4.995608e+01 1.292899e-03
0 1 3 4 6.525990e+01 1.688973e-03
2 4 -1 -1 2.545860e+01 6.588866e-04
2 3 -1 -1 2.571213e+01 6.654482e-04
5 
-1 -1 1 2 2.396662e+01 6.202732e-04
-1 -1 0 2 1.929247e+01 4.993028e-04
0 1 3 4 4.877229e+01 1.262262e-03
2 4 -1 -1 1.991813e+01 5.154954e-04
2 3 -1 -1 1.552742e+01 4.018606e-04
5 
-1 -1 1 2 2.316016e+01 5.994015e-04
-1 -1 0 2 4.434811e+01 1.147761e-03
0 1 3 4 5.418584e+01 1.402368e-03
2 4 -1 -1 6.634554e+01 1.717070e-03
2 3 -1 -1 3.971211e+01 1.027778e-03
5 
-1 -1 1 2 4.400928e+01 1.138992e-03
-1 -1 0 2 2.610232e+01 6.755467e-04
0 1 3 4 8.979580e+01 2.323979e-03
2 4 -1 -1 3.334161e+01 8.629048e-04
2 3 -1 -1 1.025478e+02 2.654011e-03
5 
-1 -1 1 2 3.792923e+01 9.816356e-04
-1 -1 0 2 2.440918e+01 6.317269e-04
0 1 3 4 5.003158e+01 1.294853e-03
2 4 -1 -1 1.211514e+01 3.135483e-04
2 3 -1 -1 2.274912e+01 5.887635e-04
5 
-1 -1 1 2 2.231771e+01 5.775984e-04
-1 -1 0 2 2.690895e+01 6.964227e-04
0 1 3 4 8.396294e+01 2.173021e-03
2 4 -1 -1 4.474251e+01 1.157968e-03
2 3 -1 -1 3.029299e+01 7.840041e-04
5 
-1 -1 1 2 3.379932e+01 8.747505e-04
-1 -1 0 2 3.288881e+01 8.511860e-04
0 1 3 4 5.491132e+01 1.421144e-03
2 4 -1 -1 4.237880e+01 1.096794e-03
2 3 -1 -1 2.819479e+01 7.297013e-04
5 
-1 -1 1 2 5.451445e+01 1.410873e-03
-1 -1 0 2 1.635765e+01 4.233476e-04
0 1 3 4 6.751877e+01 1.747434e-03
2 4 -1 -1 1.985615e+01 5.138912e-04
2 3 -1 -1 2.778583e+01 7.191171e-04
5 
-1 -1 1 2 1.382768e+01 3.578703e-04
-1 -1 0 2 1.422198e+01 3.680750e-04
0 1 3 4 2.532981e+01 6.555536e-04
2 4 -1 -1 1.890680e+01 4.893214e-04
2 3 -1 -1 8.052028e+00 2.083922e-04
5 
-1 -1 1 2 2.347127e+01 6.074531e-04
-1 -1 0 2 4.681201e+01 1.211528e-03
0 1 3 4 3.793856e+01 9.818770e-04
2 4 -1 -1 2.650670e+01 6.860122e-04
2 3 -1 -1 1.988492e+01 5.146358e-04
5 
-1 -1 1 2 4.313695e+01 1.116415e-03
-1 -1 0 2 1.587169e+01 4.107706e-04
0 1 3 4 6.402228e+01 1.656942e-03
2 4 -1 -1 1.805777e+01 4.673480e-04
2 3 -1 -1 4.032132e+01 1.043545e-03
5 
-1 -1 1 2 4.166010e+01 1.078193e-03
-1 -1 0 2 3.584619e+01 9.277248e-04
0 1 3 4 3.810632e+01 9.862188e-04
2 4 -1 -1 2.905880e+01 7.520624e-04
2 3 -1 -1 2.214932e+01 5.732403e-04
5 
-1 -1 1 2 4.441230e+01 1.149422e-03
-1 -1 0 2 8.198859e+00 2.121923e-04
0 1 3 4 4.551281e+01 1.177904e-03
2 4 -1 -1 3.476908e+01 8.998484e-04
2 3 -1 -1 1.483267e+01 3.838799e-04
5 
-1 -1 1 2 3.489219e+01 9.030347e-04
-1 -1 0 2 1.165224e+01 3.015683e-04
0 1 3 4 5.747807e+01 1.487574e-03
2 4 -1 -1 8.045901e+00 2.082336e-04
2 3 -1 -1 1.503985e+02 3.892421e-03
5 
-1 -1 1 2 4.943721e+00 1.279470e-04
-1 -1 0 2 1.933737e+01 5.004649e-04
0 1 3 4 4.815470e+01 1.246278e-03
2 4 -1 -1 8.383661e+01 2.169751e-03
2 3 -1 -1 7.302444e+01 1.889925e-03
5 
-1 -1 1 2 1.327982e+01 3.436911e-04
-1 -1 0 2 4.736386e+01 1.225810e-03
0 1 3 4 7.957218e+01 2.059385e-03
2 4 -1 -1 2.918149e+01 7.552378e-04
2 3 -1 -1 2.560665e+01 6.627184e-04
5 
-1 -1 1 2 5.797960e+01 1.500554e-03
-1 -1 0 2 6.886202e+01 1.782198e-03
0 1 3 4 6.740182e+01 1.744407e-03
2 4 -1 -1 1.626095e+01 4.208451e-04
2 3 -1 -1 7.585104e+01 1.963079e-03
5 
-1 -1 1 2 4.928559e+01 1.275546e-03
-1 -1 0 2 1.030612e+02 2.667297e-03
0 1 3 4 4.064393e+01 1.051894e-03
2 4 -1 -1 6.073316e+01 1.571817e-03
2 3 -1 -1 2.088080e+01 5.404099e-04
5 
-1 -1 1 2 2.865204e+01 7.415353e-04
-1 -1 0 2 3.051452e+01 7.897376e-04
0 1 3 4 6.330368e+01 1.638344e-03
2 4 -1 -1 7.562561e+01 1.957245e-03
2 3 -1 -1 3.948156e+01 1.021811e-03
5 
-1 -1 1 2 1.651133e+01 4.273251e-04
-1 -1 0 2 4.016470e+01 1.039491e-03
0 1 3 4 2.787816e+01 7.215066e-04
2 4 -1 -1 7.595398e+01 1.965743e-03
2 3 -1 -1 3.137861e+01 8.121007e-04
5 
-1 -1 1 2 1.524943e+01 3.946661e-04
-1 -1 0 2 9.796971e+01 2.535526e-03
0 1 3 4 4.406871e+01 1.140530e-03
2 4 -1 -1 3.240665e+01 8.387071e-04
2 3 -1 -1 1.777270e+01 4.599703e-04
5 
-1 -1 1 2 1.854079e+01 4.798490e-04
-1 -1 0 2 1.787966e+01 4.627382e-04
0 1 3 4 8.218742e+01 2.127069e-03
2 4 -1 -1 3.637900e+01 9.415144e-04
2 3 -1 -1 1.490870e+01 3.858477e-04
5 
-1 -1 1 2 1.044944e+01 2.704390e-04
-1 -1 0 2 4.890668e+01 1.265740e-03
0 1 3 4 4.570090e+01 1.182772e-03
2 4 -1 -1 7.933611e+01 2.053275e-03
2 3 -1 -1 1.849651e+01 4.787028e-04
5 
-1 -1 1 2 2.554939e+01 6.612364e-04
-1 -1 0 2 1.223233e+01 3.165814e-04
0 1 3 4 4.742202e+01 1.227316e-03
2 4 -1 -1 4.952145e+01 1.281650e-03
2 3 -1 -1 6.339531e+01 1.640716e-03
5 
-1 -1 1 2 7.376197e+01 1.909012e-03
-1 -1 0 2 5.534934e+01 1.432480e-03
0 1 3 4 3.123382e+01 8.083535e-04
2 4 -1 -1 5.369472e+01 1.389658e-03
2 3 -1 -1 7.782661e+01 2.014208e-03
5 
-1 -1 1 2 2.924290e+01 7.568271e-04
-1 -1 0 2 1.445008e+01 3.739783e-04
0 1 3 4 2.967595e+01 7.680348e-04
2 4 -1 -1 4.369586e+01 1.130880e-03
2 3 -1 -1 6.064017e+01 1.569411e-03
5 
-1 -1 1 2 1.856135e+01 4.803811e-04
-1 -1 0 2 1.453740e+01 3.762384e-04
0 1 3 4 3.827134e+01 9.904895e-04
2 4 -1 -1 3.396173e+01 8.789538e-04
2 3 -1 -1 1.995818e+01 5.165320e-04
5 
-1 -1 1 2 2.459918e+01 6.366443e-04
-1 -1 0 2 1.246764e+01 3.226714e-04
0 1 3 4 2.735652e+01 7.080063e-04
2 4 -1 -1 5.202271e+01 1.346385e-03
2 3 -1 -1 1.791816e+01 4.637347e-04
5 
-1 -1 1 2 1.392059e+01 3.602748e-04
-1 -1 0 2 8.110333e+00 2.099012e-04
0 1 3 4 1.449212e+02 3.750665e-03
2 4 -1 -1 7.460033e+01 1.930710e-03
2 3 -1 -1 9.431629e+00 2.440973e-04
5 
-1 -1 1 2 3.327169e+01 8.610950e-04
-1 -1 0 2 1.999592e+01 5.175088e-04
0 1 3 4 6.679815e+01 1.728784e-03
2 4 -1 -1 2.037105e+01 5.272172e-04
2 3 -1 -1 1.721724e+01 4.455943e-04
5 
-1 -1 1 2 1.281549e+01 3.316740e-04
-1 -1 0 2 4.555680e+01 1.179043e-03
0 1 3 4 4.105061e+01 1.062419e-03
2 4 -1 -1 3.321597e+01 8.596529e-04
2 3 -1 -1 2.880136e+01 7.453996e-04
5 
-1 -1 1 2 1.286995e+01 3.330836e-04
-1 -1 0 2 2.879836e+01 7.453220e-04
0 1 3 4 7.690424e+01 1.990337e-03
2 4 -1 -1 3.427020e+01 8.869373e-04
2 3 -1 -1 2.821032e+01 7.301033e-04
5 
-1 -1 1 2 2.031960e+01 5.258857e-04
-1 -1 0 2 3.180754e+01 8.232017e-04
0 1 3 4 4.203276e+01 1.087838e-03
2 4 -1 -1 2.587829e+01 6.697485e-04
2 3 -1 -1 1.906922e+01 4.935250e-04
5 
-1 -1 1 2 2.089537e+01 5.407872e-04
-1 -1 0 2 1.301749e+01 3.369020e-04
0 1 3 4 3.434077e+01 8.887635e-04
2 4 -1 -1 1.743993e+01 4.513579e-04
2 3 -1 -1 3.549183e+01 9.185539e-04
5 
-1 -1 1 2 3.507144e+01 9.076738e-04
-1 -1 0 2 8.669957e+00 2.243847e-04
0 1 3 4 4.173148e+01 1.080040e-03
2 4 -1 -1 3.093994e+01 8.007478e-04
2 3 -1 -1 6.826463e+01 1.766737e-03
5 
-1 -1 1 2 1.286390e+01 3.329270e-04
-1 -1 0 2 2.219558e+01 5.744375e-04
0 1 3 4 4.072266e+01 1.053931e-03
2 4 -1 -1 3.616647e+01 9.360140e-04
2 3 -1 -1 6.829698e+01 1.767575e-03
5 
-1 -1 1 2 2.744731e+01 7.103559e-04
-1 -1 0 2 2.211301e+01 5.723005e-04
0 1 3 4 5.978413e+01 1.547256e-03
2 4 -1 -1 5.397797e+01 1.396988e-03
2 3 -1 -1 3.053972e+01 7.903897e-04
5 
-1 -1 1 2 4.345543e+01 1.124658e-03
-1 -1 0 2 1.666654e+01 4.313418e-04
0 1 3 4 4.832696e+01 1.250736e-03
2 4 -1 -1 2.074600e+01 5.369214e-04
2 3 -1 -1 2.246565e+01 5.814271e-04
5 
-1 -1 1 2 1.173708e+01 3.037640e-04
-1 -1 0 2 1.584832e+01 4.101658e-04
0 1 3 4 5.456140e+01 1.412088e-03
2 4 -1 -1 3.655123e+01 9.459718e-04
2 3 -1 -1 2.903729e+01 7.515059e-04
5 
-1 -1 1 2 1.935999e+01 5.010502e-04
-1 -1 0 2 5.449104e+01 1.410267e-03
0 1 3 4 4.487876e+01 1.161494e-03
2 4 -1 -1 4.525763e+01 1.171300e-03
2 3 -1 -1 2.230931e+01 5.773809e-04
5 
-1 -1 1 2 2.129265e+01 5.510690e-04
-1 -1 0 2 7.927662e+01 2.051735e-03
0 1 3 4 8.866761e+01 2.294781e-03
2 4 -1 -1 1.363882e+01 3.529825e-04
2 3 -1 -1 1.285902e+01 3.328005e-04
5 
-1 -1 1 2 1.425720e+02 3.689865e-03
-1 -1 0 2 3.991544e+01 1.033040e-03
0 1 3 4 4.982307e+01 1.289457e-03
2 4 -1 -1 4.896781e+01 1.267322e-03
2 3 -1 -1 2.944790e+01 7.621326e-04
5 
-1 -1 1 2 2.501119e+01 6.473075e-04
-1 -1 0 2 2.567713e+01 6.645425e-04
0 1 3 4 4.065812e+01 1.052261e-03
2 4 -1 -1 1.905270e+01 4.930974e-04
2 3 -1 -1 2.337684e+01 6.050094e-04
5 
-1 -1 1 2 1.000666e+01 2.589795e-04
-1 -1 0 2 1.846933e+01 4.779995e-04
0 1 3 4 3.951034e+01 1.022556e-03
2 4 -1 -1 6.151096e+00 1.591948e-04
2 3 -1 -1 2.176314e+01 5.632455e-04
5 
-1 -1 1 2 1.050924e+01 2.719866e-04
-1 -1 0 2 8.213973e+01 2.125835e-03
0 1 3 4 2.325859e+01 6.019488e-04
2 4 -1 -1 2.154095e+01 5.574950e-04
2 3 -1 -1 7.248357e+00 1.875926e-04
5 
-1 -1 1 2 3.677901e+01 9.518671e-04
-1 -1 0 2 1.138325e+01 2.946066e-04
0 1 3 4 9.717290e+01 2.514904e-03
2 4 -1 -1 4.169905e+01 1.079201e-03
2 3 -1 -1 4.146380e+01 1.073113e-03
5 
-1 -1 1 2 3.357906e+01 8.690500e-04
-1 -1 0 2 2.088181e+01 5.404361e-04
0 1 3 4 2.447497e+01 6.334298e-04
2 4 -1 -1 2.011493e+01 5.205888e-04
2 3 -1 -1 1.936148e+01 5.010890e-04
5 
-1 -1 1 2 4.629533e+01 1.198156e-03
-1 -1 0 2 2.119491e+01 5.485395e-04
0 1 3 4 7.735074e+01 2.001892e-03
2 4 -1 -1 1.084374e+01 2.806438e-04
2 3 -1 -1 2.715493e+01 7.027889e-04
5 
-1 -1 1 2 2.265407e+01 5.863034e-04
-1 -1 0 2 1.460362e+01 3.779522e-04
0 1 3 4 2.566492e+01 6.642265e-04
2 4 -1 -1 3.559397e+01 9.211974e-04
2 3 -1 -1 1.978565e+01 5.120668e-04
5 
-1 -1 1 2 1.371305e+01 3.549036e-04
-1 -1 0 2 7.671341e+01 1.985398e-03
0 1 3 4 6.928630e+01 1.793179e-03
2 4 -1 -1 3.290672e+01 8.516493e-04
2 3 -1 -1 4.539521e+01 1.174860e-03
5 
-1 -1 1 2 2.396299e+01 6.201792e-04
-1 -1 0 2 4.242617e+01 1.098020e-03
0 1 3 4 6.594406e+01 1.706679e-03
2 4 -1 -1 4.727462e+01 1.223501e-03
2 3 -1 -1 6.177862e+01 1.598875e-03
5 
-1 -1 1 2 1.957160e+01 5.065270e-04
-1 -1 0 2 2.423775e+01 6.272903e-04
0 1 3 4 4.109073e+01 1.063457e-03
2 4 -1 -1 2.942440e+01 7.615245e-04
2 3 -1 -1 3.248954e+01 8.408524e-04
5 
-1 -1 1 2 2.710578e+01 7.015169e-04
-1 -1 0 2 4.411957e+01 1.141846e-03
0 1 3 4 4.091055e+01 1.058794e-03
2 4 -1 -1 6.120435e+01 1.584012e-03
2 3 -1 -1 1.575733e+02 4.078109e-03
5 
-1 -1 1 2 4.330831e+01 1.120850e-03
-1 -1 0 2 7.584108e+01 1.962821e-03
0 1 3 4 2.947978e+01 7.629577e-04
2 4 -1 -1 1.214316e+02 3.142736e-03
2 3 -1 -1 4.502654e+01 1.165319e-03
5 
-1 -1 1 2 4.617608e+01 1.195070e-03
-1 -1 0 2 9.278700e+01 2.401394e-03
0 1 3 4 6.069954e+01 1.570947e-03
2 4 -1 -1 1.835743e+01 4.751033e-04
2 3 -1 -1 1.614618e+02 4.178747e-03
5 
-1 -1 1 2 1.106794e+02 2.864462e-03
-1 -1 0 2 2.577958e+01 6.671939e-04
0 1 3 4 4.368671e+01 1.130643e-03
2 4 -1 -1 7.763717e+01 2.009305e-03
2 3 -1 -1 3.933251e+01 1.017953e-03
5 
-1 -1 1 2 4.144201e+01 1.072549e-03
-1 -1 0 2 9.394729e+00 2.431423e-04
0 1 3 4 4.306990e+01 1.114680e-03
2 4 -1 -1 5.183061e+01 1.341413e-03
2 3 -1 -1 2.686046e+01 6.951679e-04
5 
-1 -1 1 2 5.234026e+01 1.354603e-03
-1 -1 0 2 1.101788e+02 2.851506e-03
0 1 3 4 4.466386e+01 1.155933e-03
2 4 -1 -1 2.015885e+01 5.217255e-04
2 3 -1 -1 1.785263e+01 4.620388e-04
5 
-1 -1 1 2 7.316336e+01 1.893520e-03
-1 -1 0 2 7.381865e+00 1.910479e-04
0 1 3 4 1.445026e+01 3.739831e-04
2 4 -1 -1 1.041638e+01 2.695834e-04
2 3 -1 -1 2.238718e+01 5.793961e-04
5 
-1 -1 1 2 2.046727e+01 5.297076e-04
-1 -1 0 2 4.011630e+01 1.038239e-03
0 1 3 4 2.307015e+01 5.970720e-04
2 4 -1 -1 2.363084e+01 6.115830e-04
2 3 -1 -1 1.346155e+01 3.483945e-04
5 
-1 -1 1 2 3.544942e+01 9.174561e-04
-1 -1 0 2 1.688370e+01 4.369622e-04
0 1 3 4 3.139034e+01 8.124044e-04
2 4 -1 -1 3.317702e+01 8.586448e-04
2 3 -1 -1 2.092177e+01 5.414704e-04
5 
-1 -1 1 2 4.540949e+01 1.175230e-03
-1 -1 0 2 2.042047e+01 5.284962e-04
0 1 3 4 3.599152e+01 9.314862e-04
2 4 -1 -1 1.619420e+01 4.191173e-04
2 3 -1 -1 1.243974e+02 3.219494e-03
5 
-1 -1 1 2 5.055061e+01 1.308286e-03
-1 -1 0 2 1.922165e+01 4.974699e-04
0 1 3 4 2.508163e+01 6.491304e-04
2 4 -1 -1 1.510941e+01 3.910422e-04
2 3 -1 -1 1.606696e+01 4.158243e-04
5 
-1 -1 1 2 4.240826e+01 1.097556e-03
-1 -1 0 2 3.689736e+01 9.549300e-04
0 1 3 4 6.516431e+01 1.686499e-03
2 4 -1 -1 1.465686e+01 3.793300e-04
2 3 -1 -1 5.028024e+01 1.301288e-03
5 
-1 -1 1 2 3.867308e+01 1.000887e-03
-1 -1 0 2 8.444658e+01 2.185538e-03
0 1 3 4 6.274096e+01 1.623781e-03
2 4 -1 -1 6.474619e+01 1.675677e-03
2 3 -1 -1 1.295504e+02 3.352857e-03
5 
-1 -1 1 2 2.055604e+01 5.320050e-04
-1 -1 0 2 3.772625e+01 9.763822e-04
0 1 3 4 2.126217e+01 5.502802e-04
2 4 -1 -1 1.968733e+01 5.095220e-04
2 3 -1 -1 1.219990e+01 3.157421e-04
5 
-1 -1 1 2 6.166240e+01 1.595867e-03
-1 -1 0 2 1.341108e+01 3.470883e-04
0 1 3 4 4.002375e+01 1.035843e-03
2 4 -1 -1 1.512427e+01 3.914269e-04
2 3 -1 -1 2.273660e+01 5.884395e-04
5 
-1 -1 1 2 5.331172e+01 1.379745e-03
-1 -1 0 2 4.339740e+01 1.123156e-03
0 1 3 4 8.651814e+01 2.239151e-03
2 4 -1 -1 7.324999e+01 1.895762e-03
2 3 -1 -1 4.697134e+01 1.215652e-03
5 
-1 -1 1 2 2.110972e+01 5.463345e-04
-1 -1 0 2 4.753570e+01 1.230258e-03
0 1 3 4 2.808919e+01 7.269683e-04
2 4 -1 -1 4.680231e+01 1.211277e-03
2 3 -1 -1 1.622297e+01 4.198621e-04
5 
-1 -1 1 2 4.936907e+01 1.277707e-03
-1 -1 0 2 6.345226e+00 1.642190e-04
0 1 3 4 4.292857e+01 1.111022e-03
2 4 -1 -1 2.011857e+01 5.206830e-04
2 3 -1 -1 6.749041e+01 1.746700e-03
5 
-1 -1 1 2 1.319760e+01 3.415632e-04
-1 -1 0 2 1.075257e+01 2.782841e-04
0 1 3 4 5.959233e+01 1.542292e-03
2 4 -1 -1 4.052254e+01 1.048752e-03
2 3 -1 -1 6.769219e+01 1.751922e-03
5 
-1 -1 1 2 6.176387e+01 1.598493e-03
-1 -1 0 2 2.003620e+01 5.185512e-04
0 1 3 4 3.027786e+01 7.836127e-04
2 4 -1 -1 5.425642e+01 1.404195e-03
2 3 -1 -1 3.842604e+01 9.944933e-04
5 
-1 -1 1 2 3.548115e+01 9.182775e-04
-1 -1 0 2 2.019351e+01 5.226224e-04
0 1 3 4 2.616779e+01 6.772410e-04
2 4 -1 -1 1.680966e+01 4.350459e-04
2 3 -1 -1 6.550754e+01 1.695382e-03
5 
-1 -1 1 2 3.098595e+01 8.019384e-04
-1 -1 0 2 4.596582e+01 1.189628e-03
0 1 3 4 3.853703e+01 9.973657e-04
2 4 -1 -1 2.792054e+01 7.226036e-04
2 3 -1 -1 9.597539e+00 2.483912e-04
5 
-1 -1 1 2 4.299377e+01 1.112709e-03
-1 -1 0 2 3.304141e+01 8.551353e-04
0 1 3 4 5.372160e+01 1.390353e-03
2 4 -1 -1 1.112383e+01 2.878926e-04
2 3 -1 -1 3.233179e+01 8.367698e-04
5 
-1 -1 1 2 5.007536e+01 1.295986e-03
-1 -1 0 2 2.253429e+01 5.832034e-04
0 1 3 4 3.518601e+01 9.106390e-04
2 4 -1 -1 2.572176e+01 6.656976e-04
2 3 -1 -1 1.238797e+01 3.206095e-04
5 
-1 -1 1 2 4.288610e+01 1.109923e-03
-1 -1 0 2 1.055944e+01 2.732857e-04
0 1 3 4 2.171329e+01 5.619555e-04
2 4 -1 -1 3.234000e+01 8.369823e-04
2 3 -1 -1 1.178695e+01 3.050548e-04
5 
-1 -1 1 2 1.193362e+01 3.088505e-04
-1 -1 0 2 2.510532e+01 6.497437e-04
0 1 3 4 4.903788e+01 1.269135e-03
2 4 -1 -1 3.642361e+01 9.426690e-04
2 3 -1 -1 4.851449e+01 1.255590e-03
5 
-1 -1 1 2 2.896927e+01 7.497453e-04
-1 -1 0 2 1.087725e+01 2.815109e-04
0 1 3 4 6.133725e+01 1.587452e-03
2 4 -1 -1 1.743575e+01 4.512497e-04
2 3 -1 -1 2.798262e+01 7.242102e-04
5 
-1 -1 1 2 2.130499e+01 5.513884e-04
-1 -1 0 2 2.143619e+01 5.547840e-04
0 1 3 4 2.483011e+01 6.426210e-04
2 4 -1 -1 5.319536e+01 1.376734e-03
2 3 -1 -1 3.164464e+01 8.189857e-04
5 
-1 -1 1 2 2.174949e+01 5.628922e-04
-1 -1 0 2 1.509947e+01 3.907851e-04
0 1 3 4 2.453138e+01 6.348897e-04
2 4 -1 -1 1.130745e+02 2.926450e-03
2 3 -1 -1 5.365132e+01 1.388534e-03
5 
-1 -1 1 2 2.735225e+01 7.078957e-04
-1 -1 0 2 1.980209e+01 5.124923e-04
0 1 3 4 2.541249e+01 6.576933e-04
2 4 -1 -1 3.686777e+01 9.541642e-04
2 3 -1 -1 6.879557e+01 1.780478e-03
5 
-1 -1 1 2 1.997574e+01 5.169864e-04
-1 -1 0 2 2.526734e+01 6.539368e-04
0 1 3 4 3.562364e+01 9.219652e-04
2 4 -1 -1 1.638881e+01 4.241540e-04
2 3 -1 -1 2.299341e+01 5.950860e-04
5 
-1 -1 1 2 1.543385e+01 3.994391e-04
-1 -1 0 2 3.895881e+01 1.008282e-03
0 1 3 4 3.747125e+01 9.697828e-04
2 4 -1 -1 9.979066e+00 2.582653e-04
2 3 -1 -1 1.183642e+02 3.063351e-03
5 
-1 -1 1 2 1.340571e+01 3.469493e-04
-1 -1 0 2 2.678624e+01 6.932469e-04
0 1 3 4 2.607831e+01 6.749253e-04
2 4 -1 -1 3.350528e+01 8.671405e-04
2 3 -1 -1 4.435767e+01 1.148008e-03
5 
-1 -1 1 2 5.131603e+01 1.328095e-03
-1 -1 0 2 1.480246e+01 3.830982e-04
0 1 3 4 2.498941e+01 6.467437e-04
2 4 -1 -1 2.789172e+01 7.218577e-04
2 3 -1 -1 1.791294e+01 4.635996e-04
5 
-1 -1 1 2 3.129447e+01 8.099233e-04
-1 -1 0 2 2.898986e+01 7.502784e-04
0 1 3 4 3.633849e+01 9.404661e-04
2 4 -1 -1 5.616829e+01 1.453675e-03
2 3 -1 -1 1.781873e+01 4.611615e-04
5 
-1 -1 1 2 3.225956e+01 8.349004e-04
-1 -1 0 2 1.331049e+01 3.444849e-04
0 1 3 4 4.441162e+01 1.149404e-03
2 4 -1 -1 2.902728e+01 7.512467e-04
2 3 -1 -1 1.222065e+01 3.162791e-04
5 
-1 -1 1 2 7.742798e+01 2.003891e-03
-1 -1 0 2 4.858247e+01 1.257349e-03
0 1 3 4 3.327542e+01 8.611915e-04
2 4 -1 -1 4.209236e+01 1.089380e-03
2 3 -1 -1 8.726763e+01 2.258548e-03
5 
-1 -1 1 2 4.449362e+01 1.151526e-03
-1 -1 0 2 4.213947e+01 1.090599e-03
0 1 3 4 1.961850e+01 5.077408e-04
2 4 -1 -1 4.973465e+01 1.287168e-03
2 3 -1 -1 1.641570e+01 4.248499e-04
5 
-1 -1 1 2 2.340430e+01 6.057200e-04
-1 -1 0 2 1.865376e+01 4.827726e-04
0 1 3 4 3.986432e+01 1.031717e-03
2 4 -1 -1 7.178146e+01 1.857755e-03
2 3 -1 -1 1.516682e+01 3.925282e-04
5 
-1 -1 1 2 1.639814e+01 4.243956e-04
-1 -1 0 2 1.184031e+02 3.064356e-03
0 1 3 4 3.650712e+01 9.448302e-04
2 4 -1 -1 2.572027e+01 6.656590e-04
2 3 -1 -1 1.144557e+02 2.962195e-03
5 
-1 -1 1 2 7.540341e+00 1.951494e-04
-1 -1 0 2 7.893365e+01 2.042859e-03
0 1 3 4 3.690936e+01 9.552405e-04
2 4 -1 -1 2.344300e+01 6.067216e-04
2 3 -1 -1 4.626854e+01 1.197463e-03
5 
-1 -1 1 2 2.641476e+01 6.836329e-04
-1 -1 0 2 2.719011e+01 7.036994e-04
0 1 3 4 5.655286e+01 1.463628e-03
2 4 -1 -1 2.324287e+01 6.015421e-04
2 3 -1 -1 4.532583e+01 1.173065e-03
5 
-1 -1 1 2 1.535353e+01 3.973603e-04
-1 -1 0 2 2.434877e+01 6.301635e-04
0 1 3 4 1.199260e+02 3.103769e-03
2 4 -1 -1 9.879469e+01 2.556877e-03
2 3 -1 -1 8.762656e+01 2.267838e-03
5 
-1 -1 1 2 2.295049e+01 5.939751e-04
-1 -1 0 2 5.342954e+01 1.382795e-03
0 1 3 4 4.852995e+01 1.255990e-03
2 4 -1 -1 1.701372e+01 4.403272e-04
2 3 -1 -1 2.151772e+01 5.568940e-04
5 
-1 -1 1 2 6.716123e+01 1.738180e-03
-1 -1 0 2 3.391277e+01 8.776868e-04
0 1 3 4 2.925200e+01 7.570627e-04
2 4 -1 -1 5.120158e+01 1.325133e-03
2 3 -1 -1 3.252689e+01 8.418191e-04
5 
-1 -1 1 2 4.687968e+01 1.213280e-03
-1 -1 0 2 1.941552e+01 5.024874e-04
0 1 3 4 5.255947e+01 1.360277e-03
2 4 -1 -1 6.243618e+01 1.615893e-03
2 3 -1 -1 1.423907e+01 3.685172e-04
5 
-1 -1 1 2 1.502587e+01 3.888803e-04
-1 -1 0 2 5.696239e+01 1.474227e-03
0 1 3 4 4.313079e+01 1.116255e-03
2 4 -1 -1 1.911882e+01 4.948087e-04
2 3 -1 -1 2.934604e+01 7.594964e-04
5 
-1 -1 1 2 5.803906e+01 1.502092e-03
-1 -1 0 2 3.383568e+01 8.756915e-04
0 1 3 4 2.723602e+01 7.048875e-04
2 4 -1 -1 3.185802e+01 8.245083e-04
2 3 -1 -1 4.738685e+01 1.226405e-03
5 
-1 -1 1 2 1.698998e+01 4.397127e-04
-1 -1 0 2 2.447460e+01 6.334200e-04
0 1 3 4 4.480861e+01 1.159679e-03
2 4 -1 -1 2.389536e+01 6.184289e-04
2 3 -1 -1 5.819255e+01 1.506065e-03
5 
-1 -1 1 2 3.685350e+01 9.537948e-04
-1 -1 0 2 4.142718e+01 1.072165e-03
0 1 3 4 4.353295e+01 1.126664e-03
2 4 -1 -1 1.016256e+02 2.630144e-03
2 3 -1 -1 2.256835e+01 5.840851e-04
5 
-1 -1 1 2 1.086894e+01 2.812958e-04
-1 -1 0 2 1.344736e+01 3.480273e-04
0 1 3 4 4.490627e+01 1.162206e-03
2 4 -1 -1 9.443227e+00 2.443974e-04
2 3 -1 -1 1.585758e+01 4.104056e-04
5 
-1 -1 1 2 4.367681e+01 1.130387e-03
-1 -1 0 2 2.451868e+01 6.345610e-04
0 1 3 4 4.510120e+01 1.167251e-03
2 4 -1 -1 7.737622e+00 2.002552e-04
2 3 -1 -1 1.229075e+01 3.180933e-04
5 
-1 -1 1 2 2.902867e+01 7.512826e-04
-1 -1 0 2 6.295777e+01 1.629392e-03
0 1 3 4 2.506112e+01 6.485997e-04
2 4 -1 -1 3.621943e+01 9.373845e-04
2 3 -1 -1 2.828349e+01 7.319968e-04
5 
-1 -1 1 2 5.010595e+01 1.296778e-03
-1 -1 0 2 5.588287e+01 1.446288e-03
0 1 3 4 3.175051e+01 8.217257e-04
2 4 -1 -1 3.841342e+01 9.941666e-04
2 3 -1 -1 3.206212e+01 8.297904e-04
5 
-1 -1 1 2 4.179533e+01 1.081693e-03
-1 -1 0 2 1.651449e+01 4.274066e-04
0 1 3 4 4.382455e+01 1.134211e-03
2 4 -1 -1 3.647341e+01 9.439577e-04
2 3 -1 -1 3.311533e+01 8.570483e-04
5 
-1 -1 1 2 3.444530e+01 8.914689e-04
-1 -1 0 2 4.127990e+01 1.068353e-03
0 1 3 4 1.032321e+02 2.671721e-03
2 4 -1 -1 4.560533e+01 1.180298e-03
2 3 -1 -1 9.968528e+00 2.579926e-04
5 
-1 -1 1 2 5.458614e+01 1.412728e-03
-1 -1 0 2 5.164288e+01 1.336555e-03
0 1 3 4 2.545353e+01 6.587554e-04
2 4 -1 -1 1.998506e+01 5.172276e-04
2 3 -1 -1 4.078449e+01 1.055532e-03
5 
-1 -1 1 2 3.755047e+01 9.718328e-04
-1 -1 0 2 2.368830e+01 6.130701e-04
0 1 3 4 8.002877e+01 2.071202e-03
2 4 -1 -1 4.104933e+01 1.062386e-03
2 3 -1 -1 1.198259e+01 3.101180e-04
5 
-1 -1 1 2 1.096598e+02 2.838073e-03
-1 -1 0 2 2.337207e+01 6.048859e-04
0 1 3 4 2.975885e+01 7.701803e-04
2 4 -1 -1 2.272009e+01 5.880122e-04
2 3 -1 -1 1.630615e+02 4.220149e-03
5 
-1 -1 1 2 4.201805e+01 1.087457e-03
-1 -1 0 2 7.913628e+01 2.048103e-03
0 1 3 4 5.434135e+01 1.406393e-03
2 4 -1 -1 4.854724e+01 1.256437e-03
2 3 -1 -1 1.297989e+02 3.359288e-03
5 
-1 -1 1 2 1.611318e+01 4.170206e-04
-1 -1 0 2 1.961644e+01 5.076875e-04
0 1 3 4 4.602170e+01 1.191074e-03
2 4 -1 -1 2.078582e+01 5.379518e-04
2 3 -1 -1 4.350232e+01 1.125871e-03
5 
-1 -1 1 2 3.936926e+01 1.018905e-03
-1 -1 0 2 4.041197e+01 1.045891e-03
0 1 3 4 1.869487e+01 4.838367e-04
2 4 -1 -1 1.432541e+01 3.707518e-04
2 3 -1 -1 1.183182e+01 3.062161e-04
5 
-1 -1 1 2 4.205074e+01 1.088303e-03
-1 -1 0 2 1.105288e+01 2.860565e-04
0 1 3 4 4.023475e+01 1.041304e-03
2 4 -1 -1 4.573300e+01 1.183603e-03
2 3 -1 -1 2.261441e+01 5.852770e-04
5 
-1 -1 1 2 2.467534e+01 6.386155e-04
-1 -1 0 2 9.217958e+01 2.385673e-03
0 1 3 4 2.807756e+01 7.266673e-04
2 4 -1 -1 5.015835e+01 1.298134e-03
2 3 -1 -1 2.931318e+01 7.586460e-04
5 
-1 -1 1 2 2.793798e+01 7.230548e-04
-1 -1 0 2 5.701639e+01 1.475625e-03
0 1 3 4 2.530707e+01 6.549649e-04
2 4 -1 -1 2.298810e+01 5.949485e-04
2 3 -1 -1 2.974156e+01 7.697327e-04
5 
-1 -1 1 2 5.889996e+01 1.524373e-03
-1 -1 0 2 1.770973e+01 4.583405e-04
0 1 3 4 2.931135e+01 7.585987e-04
2 4 -1 -1 2.369020e+01 6.131192e-04
2 3 -1 -1 1.311805e+02 3.395044e-03
5 
-1 -1 1 2 5.281529e+01 1.366897e-03
-1 -1 0 2 3.453108e+01 8.936891e-04
0 1 3 4 5.604238e+01 1.450417e-03
2 4 -1 -1 4.570535e+01 1.182887e-03
2 3 -1 -1 6.695727e+01 1.732902e-03
5 
-1 -1 1 2 7.957626e+01 2.059490e-03
-1 -1 0 2 4.541692e+01 1.175422e-03
0 1 3 4 3.485861e+01 9.021657e-04
2 4 -1 -1 6.291404e+01 1.628260e-03
2 3 -1 -1 8.437919e+01 2.183794e-03
5 
-1 -1 1 2 1.938764e+01 5.017660e-04
-1 -1 0 2 1.744727e+01 4.515478e-04
0 1 3 4 3.250561e+01 8.412682e-04
2 4 -1 -1 8.941140e+01 2.314031e-03
2 3 -1 -1 3.777399e+01 9.776177e-04
5 
-1 -1 1 2 4.408270e+01 1.140892e-03
-1 -1 0 2 2.000110e+01 5.176427e-04
0 1 3 4 5.078255e+01 1.314289e-03
2 4 -1 -1 2.364638e+01 6.119851e-04
2 3 -1 -1 2.867963e+01 7.422493e-04
5 
-1 -1 1 2 1.941015e+01 5.023484e-04
-1 -1 0 2 2.927607e+01 7.576854e-04
0 1 3 4 3.603887e+01 9.327116e-04
2 4 -1 -1 3.434697e+01 8.889240e-04
2 3 -1 -1 2.848036e+01 7.370920e-04
5 
-1 -1 1 2 3.866680e+01 1.000724e-03
-1 -1 0 2 2.960348e+01 7.661593e-04
0 1 3 4 5.318488e+01 1.376462e-03
2 4 -1 -1 1.800905e+01 4.660870e-04
2 3 -1 -1 6.742478e+01 1.745001e-03
5 
-1 -1 1 2 1.463074e+01 3.786541e-04
-1 -1 0 2 7.782502e+01 2.014167e-03
0 1 3 4 5.044678e+01 1.305599e-03
2 4 -1 -1 1.000705e+01 2.589896e-04
2 3 -1 -1 2.841719e+01 7.354571e-04
5 
-1 -1 1 2 1.092812e+02 2.828275e-03
-1 -1 0 2 1.860335e+01 4.814678e-04
0 1 3 4 5.707131e+01 1.477046e-03
2 4 -1 -1 1.947874e+01 5.041238e-04
2 3 -1 -1 6.663817e+00 1.724643e-04
5 
-1 -1 1 2 6.740953e+01 1.744607e-03
-1 -1 0 2 2.116558e+01 5.477803e-04
0 1 3 4 3.998162e+01 1.034753e-03
2 4 -1 -1 4.798868e+01 1.241981e-03
2 3 -1 -1 2.030518e+01 5.255125e-04
5 
-1 -1 1 2 8.088292e+01 2.093308e-03
-1 -1 0 2 4.365795e+01 1.129899e-03
0 1 3 4 4.034301e+01 1.044106e-03
2 4 -1 -1 2.668524e+01 6.906331e-04
2 3 -1 -1 1.060168e+02 2.743792e-03
5 
-1 -1 1 2 7.423467e+00 1.921246e-04
-1 -1 0 2 7.762140e+01 2.008897e-03
0 1 3 4 4.790323e+01 1.239770e-03
2 4 -1 -1 2.451626e+01 6.344982e-04
2 3 -1 -1 3.969121e+01 1.027237e-03
5 
-1 -1 1 2 1.334249e+01 3.453133e-04
-1 -1 0 2 1.925487e+01 4.983299e-04
0 1 3 4 3.627486e+01 9.388194e-04
2 4 -1 -1 5.422979e+01 1.403506e-03
2 3 -1 -1 2.115107e+01 5.474047e-04
5 
-1 -1 1 2 2.645826e+01 6.847586e-04
-1 -1 0 2 1.149886e+02 2.975987e-03
0 1 3 4 2.381548e+01 6.163617e-04
2 4 -1 -1 2.173528e+01 5.625245e-04
2 3 -1 -1 3.390977e+01 8.776091e-04
5 
-1 -1 1 2 8.307090e+01 2.149934e-03
-1 -1 0 2 1.974396e+01 5.109877e-04
0 1 3 4 3.950852e+01 1.022509e-03
2 4 -1 -1 3.597890e+01 9.311595e-04
2 3 -1 -1 1.711821e+01 4.430314e-04
5 
-1 -1 1 2 2.397644e+01 6.205274e-04
-1 -1 0 2 1.940148e+01 5.021242e-04
0 1 3 4 4.528302e+01 1.171957e-03
2 4 -1 -1 3.637796e+01 9.414876e-04
2 3 -1 -1 3.853278e+01 9.972558e-04
5 
-1 -1 1 2 3.274791e+01 8.475393e-04
-1 -1 0 2 2.972045e+01 7.691865e-04
0 1 3 4 2.482010e+01 6.423619e-04
2 4 -1 -1 6.926082e+01 1.792519e-03
2 3 -1 -1 3.880843e+01 1.004390e-03
5 
-1 -1 1 2 3.503089e+01 9.066243e-04
-1 -1 0 2 2.399653e+01 6.210474e-04
0 1 3 4 2.945413e+01 7.622938e-04
2 4 -1 -1 4.092218e+01 1.059095e-03
2 3 -1 -1 2.601680e+01 6.733333e-04
5 
-1 -1 1 2 4.669417e+01 1.208478e-03
-1 -1 0 2 2.333285e+01 6.038709e-04
0 1 3 4 5.874733e+01 1.520423e-03
2 4 -1 -1 3.824499e+01 9.898076e-04
2 3 -1 -1 2.888615e+01 7.475940e-04
5 
-1 -1 1 2 3.370642e+01 8.723461e-04
-1 -1 0 2 1.872713e+01 4.846714e-04
0 1 3 4 3.492016e+01 9.037586e-04
2 4 -1 -1 1.980320e+01 5.125209e-04
2 3 -1 -1 2.240583e+01 5.798788e-04
5 
-1 -1 1 2 1.379008e+01 3.568972e-04
-1 -1 0 2 2.269378e+01 5.873311e-04
0 1 3 4 3.185358e+01 8.243935e-04
2 4 -1 -1 1.736317e+02 4.493712e-03
2 3 -1 -1 5.946358e+01 1.538960e-03
5 
-1 -1 1 2 1.655029e+01 4.283333e-04
-1 -1 0 2 9.737773e+01 2.520205e-03
0 1 3 4 1.030005e+02 2.665725e-03
2 4 -1 -1 7.689895e+00 1.990200e-04
2 3 -1 -1 3.221640e+01 8.337833e-04
5 
-1 -1 1 2 1.315509e+01 3.404631e-04
-1 -1 0 2 6.140974e+01 1.589328e-03
0 1 3 4 3.390773e+01 8.775563e-04
2 4 -1 -1 5.088587e+01 1.316962e-03
2 3 -1 -1 1.780350e+01 4.607672e-04
5 
-1 -1 1 2 3.892258e+01 1.007344e-03
-1 -1 0 2 2.354460e+01 6.093511e-04
0 1 3 4 3.798206e+01 9.830028e-04
2 4 -1 -1 2.023947e+01 5.238119e-04
2 3 -1 -1 6.532050e+01 1.690541e-03
5 
-1 -1 1 2 1.652598e+01 4.277042e-04
-1 -1 0 2 3.559014e+01 9.210982e-04
0 1 3 4 1.799670e+01 4.657673e-04
2 4 -1 -1 4.156224e+01 1.075660e-03
2 3 -1 -1 2.474929e+01 6.405294e-04
5 
-1 -1 1 2 2.601393e+01 6.732591e-04
-1 -1 0 2 1.848036e+01 4.782848e-04
0 1 3 4 2.999780e+01 7.763645e-04
2 4 -1 -1 2.171565e+01 5.620165e-04
2 3 -1 -1 2.112867e+01 5.468251e-04
5 
-1 -1 1 2 4.908118e+01 1.270256e-03
-1 -1 0 2 4.236507e+01 1.096438e-03
0 1 3 4 4.369492e+01 1.130856e-03
2 4 -1 -1 4.823539e+01 1.248366e-03
2 3 -1 -1 5.458302e+01 1.412647e-03
5 
-1 -1 1 2 3.786068e+01 9.798614e-04
-1 -1 0 2 1.550274e+01 4.012219e-04
0 1 3 4 5.521968e+01 1.429125e-03
2 4 -1 -1 2.429637e+01 6.288075e-04
2 3 -1 -1 3.865828e+01 1.000504e-03
5 
-1 -1 1 2 2.802009e+01 7.251800e-04
-1 -1 0 2 3.426087e+01 8.866956e-04
0 1 3 4 3.980202e+01 1.030105e-03
2 4 -1 -1 1.359418e+01 3.518270e-04
2 3 -1 -1 2.176884e+01 5.633932e-04
5 
-1 -1 1 2 4.225772e+01 1.093660e-03
-1 -1 0 2 5.379086e+01 1.392146e-03
0 1 3 4 3.292094e+01 8.520173e-04
2 4 -1 -1 2.321134e+01 6.007259e-04
2 3 -1 -1 2.025758e+01 5.242807e-04
5 
-1 -1 1 2 1.069130e+01 2.766986e-04
-1 -1 0 2 4.025008e+01 1.041701e-03
0 1 3 4 6.192229e+01 1.602593e-03
2 4 -1 -1 4.291431e+01 1.110653e-03
2 3 -1 -1 2.344248e+01 6.067082e-04
5 
-1 -1 1 2 5.185400e+01 1.342018e-03
-1 -1 0 2 1.839565e+01 4.760925e-04
0 1 3 4 4.875260e+01 1.261752e-03
2 4 -1 -1 4.600062e+01 1.190529e-03
2 3 -1 -1 1.180566e+01 3.055389e-04
5 
-1 -1 1 2 6.810002e+01 1.762477e-03
-1 -1 0 2 3.903798e+01 1.010331e-03
0 1 3 4 3.800915e+01 9.837039e-04
2 4 -1 -1 1.505060e+01 3.895204e-04
2 3 -1 -1 5.551838e+00 1.436855e-04
5 
-1 -1 1 2 3.356201e+01 8.686086e-04
-1 -1 0 2 2.876335e+01 7.444161e-04
0 1 3 4 2.205229e+01 5.707290e-04
2 4 -1 -1 2.602808e+01 6.736252e-04
2 3 -1 -1 1.858719e+01 4.810498e-04
5 
-1 -1 1 2 8.835105e+01 2.286588e-03
-1 -1 0 2 4.559551e+01 1.180044e-03
0 1 3 4 3.314682e+01 8.578632e-04
2 4 -1 -1 5.371009e+01 1.390055e-03
2 3 -1 -1 1.861171e+01 4.816844e-04
5 
-1 -1 1 2 1.540823e+01 3.987760e-04
-1 -1 0 2 5.725821e+01 1.481883e-03
0 1 3 4 6.452039e+01 1.669834e-03
2 4 -1 -1 1.040231e+01 2.692193e-04
2 3 -1 -1 2.415914e+01 6.252558e-04
5 
-1 -1 1 2 2.060645e+01 5.333096e-04
-1 -1 0 2 2.325461e+01 6.018458e-04
0 1 3 4 2.748464e+01 7.113220e-04
2 4 -1 -1 1.835677e+01 4.750863e-04
2 3 -1 -1 2.506896e+01 6.488025e-04
5 
-1 -1 1 2 5.681860e+01 1.470506e-03
-1 -1 0 2 9.936206e+01 2.571561e-03
0 1 3 4 3.238199e+01 8.380689e-04
2 4 -1 -1 1.310526e+01 3.391735e-04
2 3 -1 -1 1.027605e+01 2.659515e-04
5 
-1 -1 1 2 3.215472e+01 8.321869e-04
-1 -1 0 2 3.171408e+01 8.207830e-04
0 1 3 4 5.528289e+01 1.430761e-03
2 4 -1 -1 7.434762e+00 1.924169e-04
2 3 -1 -1 8.508156e+01 2.201971e-03
5 
-1 -1 1 2 2.243706e+01 5.806872e-04
-1 -1 0 2 7.642674e+01 1.977978e-03
0 1 3 4 7.206256e+01 1.865031e-03
2 4 -1 -1 1.790982e+01 4.635190e-04
2 3 -1 -1 1.464602e+01 3.790495e-04
5 
-1 -1 1 2 3.580755e+01 9.267249e-04
-1 -1 0 2 5.378446e+01 1.391980e-03
0 1 3 4 5.904588e+01 1.528150e-03
2 4 -1 -1 2.183374e+01 5.650728e-04
2 3 -1 -1 1.035553e+01 2.680086e-04
5 
-1 -1 1 2 2.988970e+01 7.735667e-04
-1 -1 0 2 2.551640e+01 6.603826e-04
0 1 3 4 5.908847e+01 1.529252e-03
2 4 -1 -1 2.444347e+01 6.326145e-04
2 3 -1 -1 3.817346e+01 9.879564e-04
5 
-1 -1 1 2 1.177812e+02 3.048262e-03
-1 -1 0 2 2.068862e+01 5.354363e-04
0 1 3 4 1.595767e+01 4.129958e-04
2 4 -1 -1 9.747436e+01 2.522706e-03
2 3 -1 -1 6.601775e+01 1.708586e-03
5 
-1 -1 1 2 1.719092e+01 4.449133e-04
-1 -1 0 2 2.923018e+01 7.564978e-04
0 1 3 4 7.823794e+01 2.024854e-03
2 4 -1 -1 4.851606e+01 1.255630e-03
2 3 -1 -1 5.771355e+01 1.493668e-03
5 
-1 -1 1 2 3.705912e+01 9.591165e-04
-1 -1 0 2 2.705232e+01 7.001332e-04
0 1 3 4 7.564682e+01 1.957794e-03
2 4 -1 -1 5.458315e+01 1.412651e-03
2 3 -1 -1 5.064587e+01 1.310751e-03
5 
-1 -1 1 2 1.659099e+01 4.293867e-04
-1 -1 0 2 3.156708e+01 8.169785e-04
0 1 3 4 5.086761e+01 1.316490e-03
2 4 -1 -1 1.402850e+01 3.630677e-04
2 3 -1 -1 1.614260e+01 4.177821e-04
5 
-1 -1 1 2 1.856589e+01 4.804985e-04
-1 -1 0 2 4.981933e+01 1.289360e-03
0 1 3 4 3.974764e+01 1.028697e-03
2 4 -1 -1 2.806043e+01 7.262239e-04
2 3 -1 -1 1.950168e+01 5.047174e-04
5 
-1 -1 1 2 2.408039e+01 6.232176e-04
-1 -1 0 2 3.151510e+01 8.156332e-04
0 1 3 4 6.905105e+01 1.787090e-03
2 4 -1 -1 4.110400e+01 1.063801e-03
2 3 -1 -1 7.195896e+01 1.862349e-03
5 
-1 -1 1 2 5.089893e+01 1.317300e-03
-1 -1 0 2 1.914950e+01 4.956027e-04
0 1 3 4 7.163280e+01 1.853908e-03
2 4 -1 -1 2.985270e+01 7.726092e-04
2 3 -1 -1 7.510009e+01 1.943644e-03
5 
-1 -1 1 2 9.339488e+00 2.417126e-04
-1 -1 0 2 2.892945e+01 7.487148e-04
0 1 3 4 6.049537e+01 1.565663e-03
2 4 -1 -1 6.000576e+01 1.552992e-03
2 3 -1 -1 2.693688e+01 6.971456e-04
5 
-1 -1 1 2 7.993719e+01 2.068832e-03
-1 -1 0 2 3.274289e+01 8.474093e-04
0 1 3 4 3.860915e+01 9.992324e-04
2 4 -1 -1 5.182292e+00 1.341214e-04
2 3 -1 -1 2.245421e+01 5.811310e-04
5 
-1 -1 1 2 3.096799e+01 8.014737e-04
-1 -1 0 2 1.115697e+01 2.887504e-04
0 1 3 4 3.926569e+01 1.016224e-03
2 4 -1 -1 4.586623e+01 1.187051e-03
2 3 -1 -1 1.853338e+01 4.796571e-04
5 
-1 -1 1 2 2.454592e+01 6.352659e-04
-1 -1 0 2 4.692566e+01 1.214470e-03
0 1 3 4 2.857338e+01 7.394993e-04
2 4 -1 -1 5.501091e+00 1.423722e-04
2 3 -1 -1 3.603020e+01 9.324873e-04
5 
-1 -1 1 2 4.832556e+01 1.250700e-03
-1 -1 0 2 1.694815e+01 4.386301e-04
0 1 3 4 3.089476e+01 7.995784e-04
2 4 -1 -1 6.029654e+01 1.560517e-03
2 3 -1 -1 2.977617e+01 7.706284e-04
5 
-1 -1 1 2 2.590840e+01 6.705279e-04
-1 -1 0 2 4.082206e+01 1.056504e-03
0 1 3 4 3.783093e+01 9.790914e-04
2 4 -1 -1 1.947923e+01 5.041365e-04
2 3 -1 -1 2.379773e+01 6.159022e-04
5 
-1 -1 1 2 5.011089e+01 1.296906e-03
-1 -1 0 2 1.745367e+01 4.517135e-04
0 1 3 4 2.871941e+01 7.432788e-04
2 4 -1 -1 4.058632e+01 1.050403e-03
2 3 -1 -1 4.901031e+01 1.268422e-03
5 
-1 -1 1 2 1.201158e+01 3.108682e-04
-1 -1 0 2 2.575778e+01 6.666297e-04
0 1 3 4 4.757484e+01 1.231271e-03
2 4 -1 -1 9.231833e+00 2.389264e-04
2 3 -1 -1 2.565368e+01 6.639355e-04
5 
-1 -1 1 2 6.424184e+01 1.662625e-03
-1 -1 0 2 1.975830e+01 5.113590e-04
0 1 3 4 4.297094e+01 1.112118e-03
2 4 -1 -1 2.042927e+01 5.287240e-04
2 3 -1 -1 9.806246e+01 2.537926e-03
5 
-1 -1 1 2 2.057606e+01 5.325232e-04
-1 -1 0 2 1.156712e+01 2.993652e-04
0 1 3 4 3.506113e+01 9.074069e-04
2 4 -1 -1 1.145985e+02 2.965890e-03
2 3 -1 -1 1.586831e+01 4.106832e-04
5 
-1 -1 1 2 8.206546e+01 2.123913e-03
-1 -1 0 2 3.025569e+01 7.830387e-04
0 1 3 4 2.793690e+01 7.230268e-04
2 4 -1 -1 4.215242e+01 1.090935e-03
2 3 -1 -1 2.353091e+01 6.089968e-04
5 
-1 -1 1 2 7.723138e+01 1.998803e-03
-1 -1 0 2 2.380657e+01 6.161310e-04
0 1 3 4 1.522364e+01 3.939986e-04
2 4 -1 -1 4.452662e+01 1.152381e-03
2 3 -1 -1 1.158916e+02 2.999357e-03
5 
-1 -1 1 2 2.616394e+01 6.771415e-04
-1 -1 0 2 1.331517e+01 3.446060e-04
0 1 3 4 5.418497e+01 1.402346e-03
2 4 -1 -1 2.987226e+01 7.731153e-04
2 3 -1 -1 3.623921e+01 9.378965e-04
5 
-1 -1 1 2 6.665823e+01 1.725162e-03
-1 -1 0 2 3.339497e+01 8.642856e-04
0 1 3 4 2.563996e+01 6.635804e-04
2 4 -1 -1 1.055465e+02 2.731618e-03
2 3 -1 -1 1.635037e+01 4.231593e-04
5 
-1 -1 1 2 8.411074e+01 2.176846e-03
-1 -1 0 2 2.063722e+01 5.341061e-04
0 1 3 4 9.453700e+01 2.446685e-03
2 4 -1 -1 1.037167e+01 2.684263e-04
2 3 -1 -1 3.495526e+01 9.046669e-04
5 
-1 -1 1 2 6.894026e+01 1.784223e-03
-1 -1 0 2 1.591795e+01 4.119679e-04
0 1 3 4 4.893501e+01 1.266473e-03
2 4 -1 -1 5.034071e+01 1.302853e-03
2 3 -1 -1 1.571820e+01 4.067981e-04
5 
-1 -1 1 2 1.769534e+01 4.579681e-04
-1 -1 0 2 3.020245e+01 7.816610e-04
0 1 3 4 2.262082e+01 5.854429e-04
2 4 -1 -1 2.858790e+01 7.398752e-04
2 3 -1 -1 3.192170e+01 8.261564e-04
5 
-1 -1 1 2 3.837788e+01 9.932470e-04
-1 -1 0 2 4.811992e+01 1.245378e-03
0 1 3 4 5.240585e+01 1.356301e-03
2 4 -1 -1 3.141641e+01 8.130790e-04
2 3 -1 -1 2.164470e+01 5.601803e-04
5 
-1 -1 1 2 1.770658e+01 4.582589e-04
-1 -1 0 2 1.305424e+01 3.378529e-04
0 1 3 4 2.049616e+01 5.304552e-04
2 4 -1 -1 5.290780e+01 1.369292e-03
2 3 -1 -1 2.126758e+01 5.504200e-04
5 
-1 -1 1 2 2.479088e+01 6.416056e-04
-1 -1 0 2 3.420844e+01 8.853387e-04
0 1 3 4 9.438604e+01 2.442778e-03
2 4 -1 -1 2.474645e+01 6.404558e-04
2 3 -1 -1 1.759924e+01 4.554809e-04
5 
-1 -1 1 2 2.596798e+01 6.720698e-04
-1 -1 0 2 1.767968e+01 4.575626e-04
0 1 3 4 5.202193e+01 1.346365e-03
2 4 -1 -1 2.892890e+01 7.487007e-04
2 3 -1 -1 2.984564e+01 7.724265e-04
5 
-1 -1 1 2 1.730748e+01 4.479299e-04
-1 -1 0 2 2.409552e+01 6.236093e-04
0 1 3 4 2.565514e+01 6.639733e-04
2 4 -1 -1 7.836279e+01 2.028085e-03
2 3 -1 -1 7.177223e+01 1.857516e-03
5 
-1 -1 1 2 1.422679e+01 3.681995e-04
-1 -1 0 2 1.650007e+01 4.270336e-04
0 1 3 4 3.867024e+01 1.000813e-03
2 4 -1 -1 2.715514e+01 7.027944e-04
2 3 -1 -1 1.772547e+02 4.587477e-03
