H 
4.000000e+01 
200 
5 
-1 -1 1 2 9.455091e+01 2.756356e-03
-1 -1 0 2 7.837558e+00 2.284812e-04
0 1 3 4 2.388836e+01 6.963955e-04
2 4 -1 -1 2.103653e+01 6.132587e-04
2 3 -1 -1 4.476593e+01 1.305020e-03
5 
-1 -1 1 2 7.857201e+01 2.290538e-03
-1 -1 0 2 3.001777e+01 8.750807e-04
0 1 3 4 9.253728e+01 2.697655e-03
2 4 -1 -1 3.648683e+01 1.063667e-03
2 3 -1 -1 3.633606e+00 1.059272e-04
5 
-1 -1 1 2 3.115090e+01 9.081138e-04
-1 -1 0 2 8.833189e+00 2.575059e-04
0 1 3 4 2.327256e+01 6.784438e-04
2 4 -1 -1 4.791455e+01 1.396809e-03
2 3 -1 -1 1.825222e+01 5.320904e-04
5 
-1 -1 1 2 3.929924e+01 1.145655e-03
-1 -1 0 2 8.874588e+00 2.587128e-04
0 1 3 4 4.209993e+01 1.227301e-03
2 4 -1 -1 5.865909e+00 1.710035e-04
2 3 -1 -1 4.991074e+01 1.455002e-03
5 
-1 -1 1 2 2.024508e+01 5.901863e-04
-1 -1 0 2 4.362354e+01 1.271717e-03
0 1 3 4 9.824274e+01 2.863981e-03
2 4 -1 -1 1.249094e+01 3.641370e-04
2 3 -1 -1 8.984991e+00 2.619313e-04
5 
-1 -1 1 2 2.134990e+01 6.223941e-04
-1 -1 0 2 7.836313e+01 2.284449e-03
0 1 3 4 1.343950e+01 3.917896e-04
2 4 -1 -1 1.938396e+01 5.650830e-04
2 3 -1 -1 9.406422e+00 2.742168e-04
5 
-1 -1 1 2 3.918091e+01 1.142205e-03
-1 -1 0 2 2.875023e+01 8.381293e-04
0 1 3 4 3.528556e+01 1.028648e-03
2 4 -1 -1 2.910666e+01 8.485200e-04
2 3 -1 -1 5.815504e+01 1.695341e-03
5 
-1 -1 1 2 1.669558e+01 4.867111e-04
-1 -1 0 2 5.087222e+01 1.483031e-03
0 1 3 4 2.834699e+01 8.263738e-04
2 4 -1 -1 6.165766e+01 1.797449e-03
2 3 -1 -1 4.864346e+01 1.418058e-03
5 
-1 -1 1 2 8.246291e+01 2.403966e-03
-1 -1 0 2 9.732853e+01 2.837330e-03
0 1 3 4 4.481643e+01 1.306492e-03
2 4 -1 -1 1.625938e+01 4.739949e-04
2 3 -1 -1 4.258780e+01 1.241523e-03
5 
-1 -1 1 2 5.115964e+01 1.491410e-03
-1 -1 0 2 1.221675e+02 3.561437e-03
0 1 3 4 3.003690e+01 8.756385e-04
2 4 -1 -1 2.987316e+01 8.708651e-04
2 3 -1 -1 7.668490e+01 2.235525e-03
5 
-1 -1 1 2 2.205532e+01 6.429586e-04
-1 -1 0 2 1.465384e+01 4.271899e-04
0 1 3 4 2.841697e+01 8.284139e-04
2 4 -1 -1 1.761212e+02 5.134300e-03
2 3 -1 -1 1.162923e+01 3.390163e-04
5 
-1 -1 1 2 3.282894e+01 9.570323e-04
-1 -1 0 2 5.063003e+01 1.475971e-03
0 1 3 4 4.070801e+01 1.186723e-03
2 4 -1 -1 4.203713e+01 1.225470e-03
2 3 -1 -1 8.681282e+00 2.530775e-04
5 
-1 -1 1 2 4.826744e+01 1.407097e-03
-1 -1 0 2 3.343748e+01 9.747725e-04
0 1 3 4 3.107980e+01 9.060409e-04
2 4 -1 -1 3.032672e+01 8.840873e-04
2 3 -1 -1 8.026873e+01 2.340001e-03
5 
-1 -1 1 2 2.986586e+01 8.706523e-04
-1 -1 0 2 1.495962e+02 4.361042e-03
0 1 3 4 2.662549e+01 7.761885e-04
2 4 -1 -1 1.658559e+01 4.835046e-04
2 3 -1 -1 4.726917e+01 1.377995e-03
5 
-1 -1 1 2 1.647689e+01 4.803357e-04
-1 -1 0 2 9.909898e+01 2.888942e-03
0 1 3 4 2.920288e+01 8.513249e-04
2 4 -1 -1 3.700433e+01 1.078753e-03
2 3 -1 -1 2.328285e+01 6.787436e-04
5 
-1 -1 1 2 9.772488e+00 2.848884e-04
-1 -1 0 2 7.854329e+01 2.289701e-03
0 1 3 4 2.754848e+01 8.030959e-04
2 4 -1 -1 2.426626e+01 7.074121e-04
2 3 -1 -1 3.503306e+01 1.021287e-03
5 
-1 -1 1 2 1.040261e+01 3.032579e-04
-1 -1 0 2 3.315755e+01 9.666118e-04
0 1 3 4 4.709609e+01 1.372949e-03
2 4 -1 -1 3.030212e+01 8.833700e-04
2 3 -1 -1 3.158223e+01 9.206880e-04
5 
-1 -1 1 2 4.170313e+01 1.215733e-03
-1 -1 0 2 1.267136e+01 3.693965e-04
0 1 3 4 3.245752e+01 9.462045e-04
2 4 -1 -1 1.445117e+01 4.212818e-04
2 3 -1 -1 6.246312e+01 1.820930e-03
5 
-1 -1 1 2 1.144175e+01 3.335508e-04
-1 -1 0 2 1.167005e+01 3.402062e-04
0 1 3 4 1.875724e+01 5.468128e-04
2 4 -1 -1 6.296631e+01 1.835599e-03
2 3 -1 -1 1.431761e+01 4.173883e-04
5 
-1 -1 1 2 7.032585e+00 2.050145e-04
-1 -1 0 2 1.364549e+01 3.977945e-04
0 1 3 4 3.693372e+01 1.076695e-03
2 4 -1 -1 1.337911e+01 3.900289e-04
2 3 -1 -1 3.905494e+01 1.138533e-03
5 
-1 -1 1 2 1.822413e+01 5.312714e-04
-1 -1 0 2 1.968983e+01 5.739998e-04
0 1 3 4 3.916580e+01 1.141765e-03
2 4 -1 -1 3.570040e+01 1.040741e-03
2 3 -1 -1 8.549110e+00 2.492244e-04
5 
-1 -1 1 2 4.324588e+01 1.260708e-03
-1 -1 0 2 5.298530e+01 1.544632e-03
0 1 3 4 2.720315e+01 7.930285e-04
2 4 -1 -1 1.460426e+02 4.257448e-03
2 3 -1 -1 1.314150e+01 3.831023e-04
5 
-1 -1 1 2 2.939517e+01 8.569305e-04
-1 -1 0 2 1.126342e+01 3.283521e-04
0 1 3 4 3.343166e+01 9.746026e-04
2 4 -1 -1 2.723529e+01 7.939654e-04
2 3 -1 -1 9.424282e+01 2.747375e-03
5 
-1 -1 1 2 4.423265e+01 1.289474e-03
-1 -1 0 2 3.447915e+01 1.005139e-03
0 1 3 4 3.795365e+01 1.106428e-03
2 4 -1 -1 4.513195e+01 1.315691e-03
2 3 -1 -1 8.158871e+00 2.378481e-04
5 
-1 -1 1 2 9.843432e+00 2.869566e-04
-1 -1 0 2 5.052506e+01 1.472911e-03
0 1 3 4 3.193207e+01 9.308866e-04
2 4 -1 -1 3.202204e+01 9.335094e-04
2 3 -1 -1 5.066384e+01 1.476957e-03
5 
-1 -1 1 2 4.867330e+01 1.418928e-03
-1 -1 0 2 1.972151e+01 5.749231e-04
0 1 3 4 3.590365e+01 1.046666e-03
2 4 -1 -1 4.646470e+01 1.354543e-03
2 3 -1 -1 1.937100e+01 5.647051e-04
5 
-1 -1 1 2 8.930719e+01 2.603491e-03
-1 -1 0 2 1.833948e+01 5.346342e-04
0 1 3 4 1.782283e+01 5.195727e-04
2 4 -1 -1 1.219608e+01 3.555413e-04
2 3 -1 -1 4.256175e+01 1.240764e-03
5 
-1 -1 1 2 2.913308e+01 8.492900e-04
-1 -1 0 2 1.311522e+01 3.823360e-04
0 1 3 4 3.281620e+01 9.566608e-04
2 4 -1 -1 7.435177e+01 2.167509e-03
2 3 -1 -1 5.010324e+01 1.460614e-03
5 
-1 -1 1 2 4.167879e+01 1.215024e-03
-1 -1 0 2 3.315989e+01 9.666801e-04
0 1 3 4 6.013360e+01 1.753020e-03
2 4 -1 -1 2.317549e+01 6.756140e-04
2 3 -1 -1 3.853946e+01 1.123506e-03
5 
-1 -1 1 2 2.282418e+01 6.653726e-04
-1 -1 0 2 3.148416e+01 9.178289e-04
0 1 3 4 6.252834e+01 1.822832e-03
2 4 -1 -1 9.566170e+00 2.788738e-04
2 3 -1 -1 1.247971e+01 3.638095e-04
5 
-1 -1 1 2 1.678936e+01 4.894449e-04
-1 -1 0 2 4.222463e+01 1.230936e-03
0 1 3 4 2.574251e+01 7.504480e-04
2 4 -1 -1 4.182815e+01 1.219378e-03
2 3 -1 -1 3.432851e+01 1.000748e-03
5 
-1 -1 1 2 1.302418e+01 3.796820e-04
-1 -1 0 2 2.427074e+01 7.075428e-04
0 1 3 4 4.458895e+01 1.299861e-03
2 4 -1 -1 8.769570e+00 2.556513e-04
2 3 -1 -1 4.672948e+01 1.362262e-03
5 
-1 -1 1 2 1.306805e+01 3.809610e-04
-1 -1 0 2 3.707440e+01 1.080796e-03
0 1 3 4 4.348104e+01 1.267563e-03
2 4 -1 -1 2.335570e+01 6.808674e-04
2 3 -1 -1 1.897137e+01 5.530550e-04
5 
-1 -1 1 2 3.911288e+01 1.140222e-03
-1 -1 0 2 2.044659e+01 5.960609e-04
0 1 3 4 3.355030e+01 9.780613e-04
2 4 -1 -1 2.648607e+01 7.721243e-04
2 3 -1 -1 2.352671e+01 6.858526e-04
5 
-1 -1 1 2 1.764430e+01 5.143683e-04
-1 -1 0 2 3.319317e+01 9.676502e-04
0 1 3 4 4.487595e+01 1.308228e-03
2 4 -1 -1 2.956648e+01 8.619246e-04
2 3 -1 -1 8.897434e+00 2.593788e-04
5 
-1 -1 1 2 4.499828e+01 1.311794e-03
-1 -1 0 2 6.555150e+01 1.910963e-03
0 1 3 4 4.158431e+01 1.212269e-03
2 4 -1 -1 5.156888e+01 1.503341e-03
2 3 -1 -1 7.070695e+01 2.061255e-03
5 
-1 -1 1 2 3.700956e+01 1.078906e-03
-1 -1 0 2 3.449952e+01 1.005733e-03
0 1 3 4 2.319255e+01 6.761114e-04
2 4 -1 -1 3.783589e+00 1.102995e-04
2 3 -1 -1 3.854776e+01 1.123748e-03
5 
-1 -1 1 2 5.850497e+01 1.705542e-03
-1 -1 0 2 9.922869e+00 2.892723e-04
0 1 3 4 5.038973e+01 1.468966e-03
2 4 -1 -1 5.270374e+01 1.536424e-03
2 3 -1 -1 3.333979e+01 9.719245e-04
5 
-1 -1 1 2 2.230225e+01 6.501573e-04
-1 -1 0 2 3.975092e+01 1.158822e-03
0 1 3 4 2.156177e+01 6.285707e-04
2 4 -1 -1 1.357916e+01 3.958609e-04
2 3 -1 -1 2.085604e+01 6.079971e-04
5 
-1 -1 1 2 1.883108e+01 5.489653e-04
-1 -1 0 2 2.084906e+01 6.077935e-04
0 1 3 4 3.225565e+01 9.403195e-04
2 4 -1 -1 1.376124e+01 4.011689e-04
2 3 -1 -1 3.744456e+01 1.091587e-03
5 
-1 -1 1 2 1.098410e+01 3.202096e-04
-1 -1 0 2 2.221950e+01 6.477447e-04
0 1 3 4 3.310645e+01 9.651222e-04
2 4 -1 -1 5.125264e+01 1.494121e-03
2 3 -1 -1 3.154642e+01 9.196440e-04
5 
-1 -1 1 2 9.514757e+00 2.773750e-04
-1 -1 0 2 2.905872e+01 8.471224e-04
0 1 3 4 6.879174e+01 2.005423e-03
2 4 -1 -1 1.417209e+01 4.131461e-04
2 3 -1 -1 2.994460e+01 8.729476e-04
5 
-1 -1 1 2 1.580409e+01 4.607224e-04
-1 -1 0 2 2.375634e+01 6.925468e-04
0 1 3 4 1.980221e+01 5.772759e-04
2 4 -1 -1 3.665490e+01 1.068567e-03
2 3 -1 -1 3.369723e+01 9.823448e-04
5 
-1 -1 1 2 2.502074e+01 7.294069e-04
-1 -1 0 2 4.796480e+01 1.398274e-03
0 1 3 4 3.224393e+01 9.399779e-04
2 4 -1 -1 4.708321e+01 1.372574e-03
2 3 -1 -1 3.005784e+01 8.762488e-04
5 
-1 -1 1 2 4.615632e+01 1.345553e-03
-1 -1 0 2 2.742152e+01 7.993945e-04
0 1 3 4 4.947083e+01 1.442178e-03
2 4 -1 -1 2.954698e+01 8.613562e-04
2 3 -1 -1 2.032760e+01 5.925919e-04
5 
-1 -1 1 2 1.211279e+01 3.531130e-04
-1 -1 0 2 1.931851e+01 5.631748e-04
0 1 3 4 5.084582e+01 1.482262e-03
2 4 -1 -1 5.575399e+01 1.625345e-03
2 3 -1 -1 3.501182e+01 1.020668e-03
5 
-1 -1 1 2 9.821650e+00 2.863216e-04
-1 -1 0 2 2.356920e+01 6.870914e-04
0 1 3 4 6.052810e+01 1.764521e-03
2 4 -1 -1 2.970669e+01 8.660119e-04
2 3 -1 -1 9.970227e+01 2.906529e-03
5 
-1 -1 1 2 3.281857e+01 9.567299e-04
-1 -1 0 2 2.361332e+01 6.883777e-04
0 1 3 4 5.997210e+01 1.748312e-03
2 4 -1 -1 1.289926e+01 3.760404e-04
2 3 -1 -1 2.154273e+01 6.280157e-04
5 
-1 -1 1 2 1.831992e+01 5.340638e-04
-1 -1 0 2 1.982343e+01 5.778944e-04
0 1 3 4 2.480555e+01 7.231335e-04
2 4 -1 -1 5.362381e+01 1.563246e-03
2 3 -1 -1 3.728709e+01 1.086997e-03
5 
-1 -1 1 2 4.024194e+01 1.173137e-03
-1 -1 0 2 5.743767e+01 1.674428e-03
0 1 3 4 2.962075e+01 8.635067e-04
2 4 -1 -1 2.282639e+01 6.654369e-04
2 3 -1 -1 5.471321e+01 1.595004e-03
5 
-1 -1 1 2 6.016037e+01 1.753801e-03
-1 -1 0 2 2.828425e+01 8.245451e-04
0 1 3 4 3.473525e+01 1.012605e-03
2 4 -1 -1 2.072314e+01 6.041227e-04
2 3 -1 -1 6.609199e+01 1.926720e-03
5 
-1 -1 1 2 5.780665e+01 1.685185e-03
-1 -1 0 2 9.739537e+01 2.839278e-03
0 1 3 4 4.632739e+01 1.350540e-03
2 4 -1 -1 1.319813e+01 3.847531e-04
2 3 -1 -1 1.016880e+01 2.964417e-04
5 
-1 -1 1 2 4.593808e+01 1.339191e-03
-1 -1 0 2 4.640766e+01 1.352880e-03
0 1 3 4 3.476510e+01 1.013475e-03
2 4 -1 -1 1.911298e+01 5.571831e-04
2 3 -1 -1 8.266654e+00 2.409902e-04
5 
-1 -1 1 2 5.986961e+01 1.745324e-03
-1 -1 0 2 1.942536e+01 5.662899e-04
0 1 3 4 2.615505e+01 7.624742e-04
2 4 -1 -1 3.527662e+01 1.028387e-03
2 3 -1 -1 1.758555e+01 5.126554e-04
5 
-1 -1 1 2 1.869858e+01 5.451028e-04
-1 -1 0 2 1.839823e+01 5.363468e-04
0 1 3 4 4.382674e+01 1.277641e-03
2 4 -1 -1 3.481351e+01 1.014886e-03
2 3 -1 -1 1.586193e+01 4.624084e-04
5 
-1 -1 1 2 8.660913e+01 2.524837e-03
-1 -1 0 2 1.689988e+01 4.926667e-04
0 1 3 4 4.491111e+01 1.309253e-03
2 4 -1 -1 4.860179e+01 1.416844e-03
2 3 -1 -1 3.435748e+00 1.001592e-04
5 
-1 -1 1 2 1.077651e+01 3.141578e-04
-1 -1 0 2 5.692730e+00 1.659550e-04
0 1 3 4 5.594871e+01 1.631022e-03
2 4 -1 -1 4.187567e+01 1.220763e-03
2 3 -1 -1 3.095073e+01 9.022783e-04
5 
-1 -1 1 2 7.151679e+01 2.084864e-03
-1 -1 0 2 1.689013e+01 4.923825e-04
0 1 3 4 3.598602e+01 1.049068e-03
2 4 -1 -1 3.276033e+01 9.550320e-04
2 3 -1 -1 2.655310e+01 7.740783e-04
5 
-1 -1 1 2 2.101762e+01 6.127075e-04
-1 -1 0 2 2.736050e+01 7.976158e-04
0 1 3 4 3.868115e+01 1.127636e-03
2 4 -1 -1 7.375326e+00 2.150061e-04
2 3 -1 -1 2.117816e+01 6.173875e-04
5 
-1 -1 1 2 2.518992e+01 7.343388e-04
-1 -1 0 2 2.661923e+01 7.760061e-04
0 1 3 4 2.350268e+01 6.851523e-04
2 4 -1 -1 8.395949e+00 2.447594e-04
2 3 -1 -1 3.984086e+01 1.161444e-03
5 
-1 -1 1 2 9.166966e+00 2.672362e-04
-1 -1 0 2 1.853409e+01 5.403075e-04
0 1 3 4 8.508643e+01 2.480447e-03
2 4 -1 -1 2.042579e+01 5.954544e-04
2 3 -1 -1 2.220815e+01 6.474140e-04
5 
-1 -1 1 2 3.323089e+01 9.687498e-04
-1 -1 0 2 2.186715e+01 6.374731e-04
0 1 3 4 3.238140e+01 9.439854e-04
2 4 -1 -1 1.225389e+01 3.572263e-04
2 3 -1 -1 4.294253e+01 1.251864e-03
5 
-1 -1 1 2 3.489037e+01 1.017127e-03
-1 -1 0 2 2.062550e+01 6.012764e-04
0 1 3 4 5.073076e+01 1.478908e-03
2 4 -1 -1 2.066352e+01 6.023847e-04
2 3 -1 -1 9.600479e+01 2.798740e-03
5 
-1 -1 1 2 5.840488e+01 1.702624e-03
-1 -1 0 2 2.133172e+01 6.218642e-04
0 1 3 4 2.211146e+01 6.445952e-04
2 4 -1 -1 3.445683e+01 1.004488e-03
2 3 -1 -1 4.157037e+01 1.211863e-03
5 
-1 -1 1 2 3.481325e+01 1.014879e-03
-1 -1 0 2 8.863118e+00 2.583784e-04
0 1 3 4 3.356757e+01 9.785647e-04
2 4 -1 -1 1.186308e+01 3.458336e-04
2 3 -1 -1 3.019845e+01 8.803477e-04
5 
-1 -1 1 2 3.063668e+01 8.931231e-04
-1 -1 0 2 4.507617e+01 1.314064e-03
0 1 3 4 9.390034e+01 2.737391e-03
2 4 -1 -1 1.437877e+01 4.191711e-04
2 3 -1 -1 1.847708e+01 5.386455e-04
5 
-1 -1 1 2 5.744104e+01 1.674526e-03
-1 -1 0 2 1.130530e+01 3.295732e-04
0 1 3 4 2.449003e+01 7.139354e-04
2 4 -1 -1 1.355801e+01 3.952442e-04
2 3 -1 -1 5.198899e+01 1.515588e-03
5 
-1 -1 1 2 2.893327e+01 8.434651e-04
-1 -1 0 2 1.751866e+01 5.107055e-04
0 1 3 4 3.612213e+01 1.053036e-03
2 4 -1 -1 1.455403e+01 4.242804e-04
2 3 -1 -1 5.011272e+01 1.460890e-03
5 
-1 -1 1 2 1.722760e+01 5.022205e-04
-1 -1 0 2 1.402325e+01 4.088072e-04
0 1 3 4 5.178551e+01 1.509656e-03
2 4 -1 -1 5.089041e+01 1.483562e-03
2 3 -1 -1 1.694868e+01 4.940894e-04
5 
-1 -1 1 2 5.841924e+00 1.703043e-04
-1 -1 0 2 3.038093e+01 8.856675e-04
0 1 3 4 4.865249e+01 1.418322e-03
2 4 -1 -1 5.096188e+01 1.485645e-03
2 3 -1 -1 8.174801e+01 2.383125e-03
5 
-1 -1 1 2 1.398092e+01 4.075729e-04
-1 -1 0 2 4.080341e+01 1.189505e-03
0 1 3 4 4.374787e+01 1.275342e-03
2 4 -1 -1 1.447851e+01 4.220789e-04
2 3 -1 -1 1.263962e+01 3.684714e-04
5 
-1 -1 1 2 1.494745e+01 4.357494e-04
-1 -1 0 2 2.046845e+01 5.966980e-04
0 1 3 4 2.992122e+01 8.722660e-04
2 4 -1 -1 1.595894e+01 4.652363e-04
2 3 -1 -1 3.175505e+01 9.257259e-04
5 
-1 -1 1 2 1.668758e+01 4.864779e-04
-1 -1 0 2 2.878018e+01 8.390023e-04
0 1 3 4 4.452863e+01 1.298103e-03
2 4 -1 -1 2.564349e+01 7.475612e-04
2 3 -1 -1 3.586096e+01 1.045422e-03
5 
-1 -1 1 2 1.455956e+01 4.244416e-04
-1 -1 0 2 3.726793e+01 1.086438e-03
0 1 3 4 3.508913e+01 1.022921e-03
2 4 -1 -1 1.051960e+02 3.066683e-03
2 3 -1 -1 2.534881e+01 7.389706e-04
5 
-1 -1 1 2 3.668677e+01 1.069496e-03
-1 -1 0 2 1.641497e+01 4.785305e-04
0 1 3 4 6.392881e+01 1.863658e-03
2 4 -1 -1 3.494122e+01 1.018610e-03
2 3 -1 -1 1.380995e+01 4.025890e-04
5 
-1 -1 1 2 4.866873e+01 1.418795e-03
-1 -1 0 2 1.327434e+01 3.869748e-04
0 1 3 4 3.191497e+01 9.303881e-04
2 4 -1 -1 4.927679e+01 1.436521e-03
2 3 -1 -1 1.545120e+01 4.504346e-04
5 
-1 -1 1 2 1.386661e+01 4.042405e-04
-1 -1 0 2 9.330189e+01 2.719945e-03
0 1 3 4 2.799303e+01 8.160553e-04
2 4 -1 -1 1.922538e+01 5.604600e-04
2 3 -1 -1 2.742292e+01 7.994353e-04
5 
-1 -1 1 2 1.731918e+01 5.048902e-04
-1 -1 0 2 2.651334e+01 7.729191e-04
0 1 3 4 3.057655e+01 8.913704e-04
2 4 -1 -1 3.056164e+01 8.909356e-04
2 3 -1 -1 5.355866e+01 1.561347e-03
5 
-1 -1 1 2 2.645159e+01 7.711191e-04
-1 -1 0 2 1.693689e+01 4.937457e-04
0 1 3 4 6.289251e+01 1.833448e-03
2 4 -1 -1 1.380951e+01 4.025759e-04
2 3 -1 -1 2.118248e+01 6.175135e-04
5 
-1 -1 1 2 1.244770e+01 3.628765e-04
-1 -1 0 2 1.592476e+01 4.642399e-04
0 1 3 4 4.130767e+01 1.204205e-03
2 4 -1 -1 1.387785e+01 4.045684e-04
2 3 -1 -1 1.690083e+01 4.926946e-04
5 
-1 -1 1 2 2.073996e+01 6.046132e-04
-1 -1 0 2 3.248234e+01 9.469280e-04
0 1 3 4 3.440549e+01 1.002992e-03
2 4 -1 -1 4.965189e+01 1.447456e-03
2 3 -1 -1 2.210755e+01 6.444814e-04
5 
-1 -1 1 2 2.693624e+01 7.852477e-04
-1 -1 0 2 5.824314e+01 1.697909e-03
0 1 3 4 2.586398e+01 7.539891e-04
2 4 -1 -1 1.637768e+01 4.774437e-04
2 3 -1 -1 4.650237e+01 1.355641e-03
5 
-1 -1 1 2 2.066242e+01 6.023527e-04
-1 -1 0 2 2.042412e+01 5.954057e-04
0 1 3 4 2.995436e+01 8.732323e-04
2 4 -1 -1 2.298878e+01 6.701710e-04
2 3 -1 -1 1.565918e+01 4.564978e-04
5 
-1 -1 1 2 4.554653e+01 1.327776e-03
-1 -1 0 2 1.254413e+01 3.656876e-04
0 1 3 4 1.470943e+01 4.288105e-04
2 4 -1 -1 3.743397e+01 1.091278e-03
2 3 -1 -1 6.964882e+01 2.030408e-03
5 
-1 -1 1 2 4.109982e+01 1.198146e-03
-1 -1 0 2 6.215338e+01 1.811901e-03
0 1 3 4 6.114583e+01 1.782528e-03
2 4 -1 -1 1.283010e+01 3.740243e-04
2 3 -1 -1 1.991805e+01 5.806526e-04
5 
-1 -1 1 2 6.224449e+01 1.814557e-03
-1 -1 0 2 1.417625e+01 4.132673e-04
0 1 3 4 2.501427e+01 7.292182e-04
2 4 -1 -1 3.903325e+01 1.137901e-03
2 3 -1 -1 7.130605e+01 2.078720e-03
5 
-1 -1 1 2 9.029751e+00 2.632361e-04
-1 -1 0 2 2.040690e+01 5.949039e-04
0 1 3 4 5.374002e+01 1.566634e-03
2 4 -1 -1 1.045686e+01 3.048392e-04
2 3 -1 -1 2.185931e+01 6.372446e-04
5 
-1 -1 1 2 5.819781e+00 1.696588e-04
-1 -1 0 2 3.330066e+01 9.707837e-04
0 1 3 4 3.592003e+01 1.047144e-03
2 4 -1 -1 2.526362e+01 7.364874e-04
2 3 -1 -1 4.802473e+01 1.400021e-03
5 
-1 -1 1 2 8.874292e+00 2.587041e-04
-1 -1 0 2 4.953238e+01 1.443972e-03
0 1 3 4 3.976431e+01 1.159213e-03
2 4 -1 -1 3.009156e+01 8.772319e-04
2 3 -1 -1 2.325272e+01 6.778655e-04
5 
-1 -1 1 2 6.480253e+01 1.889129e-03
-1 -1 0 2 4.183694e+01 1.219634e-03
0 1 3 4 2.394351e+01 6.980032e-04
2 4 -1 -1 4.894017e+01 1.426708e-03
2 3 -1 -1 1.625154e+01 4.737663e-04
5 
-1 -1 1 2 3.819457e+01 1.113452e-03
-1 -1 0 2 3.282180e+01 9.568240e-04
0 1 3 4 5.146825e+01 1.500407e-03
2 4 -1 -1 4.508173e+01 1.314227e-03
2 3 -1 -1 2.278539e+01 6.642418e-04
5 
-1 -1 1 2 1.442304e+01 4.204617e-04
-1 -1 0 2 2.067727e+01 6.027855e-04
0 1 3 4 3.581700e+01 1.044140e-03
2 4 -1 -1 1.594789e+01 4.649142e-04
2 3 -1 -1 5.090816e+01 1.484079e-03
5 
-1 -1 1 2 1.462220e+01 4.262677e-04
-1 -1 0 2 2.081424e+01 6.067784e-04
0 1 3 4 2.134873e+01 6.223600e-04
2 4 -1 -1 6.376093e+01 1.858764e-03
2 3 -1 -1 6.171298e+01 1.799062e-03
5 
-1 -1 1 2 2.446664e+01 7.132536e-04
-1 -1 0 2 1.833466e+01 5.344935e-04
0 1 3 4 3.862371e+01 1.125962e-03
2 4 -1 -1 1.236666e+01 3.605140e-04
2 3 -1 -1 1.417440e+01 4.132132e-04
5 
-1 -1 1 2 2.127095e+01 6.200926e-04
-1 -1 0 2 2.686602e+01 7.832007e-04
0 1 3 4 5.783581e+01 1.686035e-03
2 4 -1 -1 1.070117e+02 3.119615e-03
2 3 -1 -1 8.385630e+00 2.444586e-04
5 
-1 -1 1 2 4.170030e+01 1.215651e-03
-1 -1 0 2 6.309636e+01 1.839391e-03
0 1 3 4 2.426518e+01 7.073807e-04
2 4 -1 -1 3.035173e+01 8.848164e-04
2 3 -1 -1 9.290685e+01 2.708429e-03
5 
-1 -1 1 2 1.914542e+01 5.581290e-04
-1 -1 0 2 4.453506e+01 1.298290e-03
0 1 3 4 4.843948e+01 1.412112e-03
2 4 -1 -1 3.539754e+01 1.031912e-03
2 3 -1 -1 6.238991e+01 1.818796e-03
5 
-1 -1 1 2 5.286260e+01 1.541055e-03
-1 -1 0 2 1.100601e+01 3.208482e-04
0 1 3 4 3.868813e+01 1.127840e-03
2 4 -1 -1 3.515951e+01 1.024973e-03
2 3 -1 -1 1.206804e+02 3.518086e-03
5 
-1 -1 1 2 5.740578e+01 1.673498e-03
-1 -1 0 2 2.774227e+01 8.087450e-04
0 1 3 4 7.975809e+01 2.325115e-03
2 4 -1 -1 1.139103e+01 3.320723e-04
2 3 -1 -1 2.039759e+01 5.946322e-04
5 
-1 -1 1 2 4.073221e+01 1.187429e-03
-1 -1 0 2 7.936642e+01 2.313697e-03
0 1 3 4 5.567014e+01 1.622901e-03
2 4 -1 -1 1.306227e+01 3.807924e-04
2 3 -1 -1 9.302446e+00 2.711857e-04
5 
-1 -1 1 2 1.292358e+01 3.767493e-04
-1 -1 0 2 1.362544e+01 3.972100e-04
0 1 3 4 4.341799e+01 1.265725e-03
2 4 -1 -1 2.469974e+01 7.200490e-04
2 3 -1 -1 2.851528e+01 8.312801e-04
5 
-1 -1 1 2 7.950566e+01 2.317756e-03
-1 -1 0 2 2.912433e+01 8.490352e-04
0 1 3 4 2.970031e+01 8.658262e-04
2 4 -1 -1 7.636413e+01 2.226174e-03
2 3 -1 -1 2.254626e+01 6.572704e-04
5 
-1 -1 1 2 1.377883e+01 4.016816e-04
-1 -1 0 2 2.630514e+01 7.668498e-04
0 1 3 4 1.541713e+01 4.494414e-04
2 4 -1 -1 6.539141e+01 1.906296e-03
2 3 -1 -1 1.341109e+01 3.909614e-04
5 
-1 -1 1 2 3.672914e+01 1.070731e-03
-1 -1 0 2 3.065195e+01 8.935683e-04
0 1 3 4 3.843631e+01 1.120499e-03
2 4 -1 -1 1.651724e+01 4.815119e-04
2 3 -1 -1 1.923392e+01 5.607089e-04
5 
-1 -1 1 2 5.635406e+01 1.642839e-03
-1 -1 0 2 1.200686e+01 3.500251e-04
0 1 3 4 2.329626e+01 6.791346e-04
2 4 -1 -1 1.979390e+01 5.770334e-04
2 3 -1 -1 4.182722e+01 1.219351e-03
5 
-1 -1 1 2 3.225075e+01 9.401767e-04
-1 -1 0 2 1.912966e+01 5.576696e-04
0 1 3 4 4.323624e+01 1.260427e-03
2 4 -1 -1 8.182699e+01 2.385428e-03
2 3 -1 -1 2.448839e+01 7.138878e-04
5 
-1 -1 1 2 1.761240e+01 5.134381e-04
-1 -1 0 2 2.550515e+01 7.435284e-04
0 1 3 4 1.926172e+01 5.615194e-04
2 4 -1 -1 1.602687e+01 4.672167e-04
2 3 -1 -1 1.516917e+01 4.422130e-04
5 
-1 -1 1 2 1.975018e+01 5.757589e-04
-1 -1 0 2 3.045821e+01 8.879205e-04
0 1 3 4 2.860217e+01 8.338129e-04
2 4 -1 -1 2.692385e+01 7.848865e-04
2 3 -1 -1 1.424030e+01 4.151345e-04
5 
-1 -1 1 2 2.069321e+01 6.032502e-04
-1 -1 0 2 1.469129e+01 4.282819e-04
0 1 3 4 1.123329e+02 3.274738e-03
2 4 -1 -1 1.139238e+01 3.321117e-04
2 3 -1 -1 2.255311e+01 6.574703e-04
5 
-1 -1 1 2 3.601024e+01 1.049774e-03
-1 -1 0 2 1.675180e+01 4.883501e-04
0 1 3 4 8.824979e+01 2.572666e-03
2 4 -1 -1 5.376899e+01 1.567478e-03
2 3 -1 -1 1.620124e+01 4.723001e-04
5 
-1 -1 1 2 1.389207e+01 4.049828e-04
-1 -1 0 2 1.007319e+01 2.936544e-04
0 1 3 4 7.897026e+01 2.302148e-03
2 4 -1 -1 3.367462e+01 9.816856e-04
2 3 -1 -1 5.093387e+01 1.484829e-03
5 
-1 -1 1 2 6.055483e+01 1.765300e-03
-1 -1 0 2 1.004309e+01 2.927770e-04
0 1 3 4 1.372276e+01 4.000471e-04
2 4 -1 -1 3.162168e+01 9.218380e-04
2 3 -1 -1 3.959497e+01 1.154276e-03
5 
-1 -1 1 2 9.547450e+01 2.783281e-03
-1 -1 0 2 4.901812e+01 1.428980e-03
0 1 3 4 2.643205e+01 7.705494e-04
2 4 -1 -1 3.870118e+01 1.128220e-03
2 3 -1 -1 2.585925e+01 7.538511e-04
5 
-1 -1 1 2 1.887509e+01 5.502482e-04
-1 -1 0 2 3.064165e+01 8.932682e-04
0 1 3 4 4.204462e+01 1.225688e-03
2 4 -1 -1 4.371834e+01 1.274481e-03
2 3 -1 -1 4.219666e+01 1.230121e-03
5 
-1 -1 1 2 7.312206e+01 2.131661e-03
-1 -1 0 2 1.340640e+01 3.908246e-04
0 1 3 4 3.014140e+01 8.786846e-04
2 4 -1 -1 2.855162e+01 8.323393e-04
2 3 -1 -1 8.123365e+00 2.368130e-04
5 
-1 -1 1 2 2.095971e+01 6.110193e-04
-1 -1 0 2 3.457600e+01 1.007963e-03
0 1 3 4 4.523737e+01 1.318764e-03
2 4 -1 -1 1.346836e+01 3.926309e-04
2 3 -1 -1 2.823663e+01 8.231567e-04
5 
-1 -1 1 2 5.759051e+01 1.678884e-03
-1 -1 0 2 1.177685e+01 3.433199e-04
0 1 3 4 3.408193e+01 9.935594e-04
2 4 -1 -1 6.677197e+01 1.946542e-03
2 3 -1 -1 1.794544e+01 5.231471e-04
5 
-1 -1 1 2 9.750723e+01 2.842540e-03
-1 -1 0 2 2.679876e+01 7.812399e-04
0 1 3 4 2.743445e+01 7.997715e-04
2 4 -1 -1 2.832229e+01 8.256538e-04
2 3 -1 -1 6.172943e+00 1.799542e-04
5 
-1 -1 1 2 4.270884e+01 1.245052e-03
-1 -1 0 2 1.268898e+01 3.699102e-04
0 1 3 4 2.852671e+01 8.316132e-04
2 4 -1 -1 3.271826e+01 9.538057e-04
2 3 -1 -1 9.296025e+00 2.709985e-04
5 
-1 -1 1 2 3.006053e+01 8.763272e-04
-1 -1 0 2 7.068995e+01 2.060760e-03
0 1 3 4 4.397763e+01 1.282040e-03
2 4 -1 -1 9.307095e+00 2.713213e-04
2 3 -1 -1 1.814132e+01 5.288574e-04
5 
-1 -1 1 2 2.070736e+01 6.036629e-04
-1 -1 0 2 1.227590e+01 3.578683e-04
0 1 3 4 1.729993e+01 5.043291e-04
2 4 -1 -1 4.192983e+01 1.222342e-03
2 3 -1 -1 2.959759e+01 8.628317e-04
5 
-1 -1 1 2 1.069336e+01 3.117337e-04
-1 -1 0 2 4.291062e+01 1.250934e-03
0 1 3 4 2.039468e+01 5.945475e-04
2 4 -1 -1 3.756308e+01 1.095042e-03
2 3 -1 -1 2.115359e+01 6.166713e-04
5 
-1 -1 1 2 2.317984e+01 6.757406e-04
-1 -1 0 2 1.771735e+01 5.164977e-04
0 1 3 4 4.287403e+01 1.249868e-03
2 4 -1 -1 1.655747e+01 4.826848e-04
2 3 -1 -1 4.176185e+01 1.217445e-03
5 
-1 -1 1 2 4.140638e+01 1.207082e-03
-1 -1 0 2 4.294928e+01 1.252061e-03
0 1 3 4 4.903731e+01 1.429540e-03
2 4 -1 -1 2.872638e+01 8.374339e-04
2 3 -1 -1 2.250064e+01 6.559405e-04
5 
-1 -1 1 2 1.215240e+01 3.542679e-04
-1 -1 0 2 3.709670e+01 1.081446e-03
0 1 3 4 2.649050e+01 7.722534e-04
2 4 -1 -1 1.619725e+01 4.721837e-04
2 3 -1 -1 3.462584e+01 1.009416e-03
5 
-1 -1 1 2 1.501755e+01 4.377928e-04
-1 -1 0 2 5.203982e+01 1.517069e-03
0 1 3 4 2.010124e+01 5.859932e-04
2 4 -1 -1 1.976020e+01 5.760509e-04
2 3 -1 -1 6.935596e+01 2.021871e-03
5 
-1 -1 1 2 4.563901e+01 1.330472e-03
-1 -1 0 2 3.286464e+01 9.580728e-04
0 1 3 4 6.973262e+01 2.032851e-03
2 4 -1 -1 2.729896e+01 7.958217e-04
2 3 -1 -1 7.145471e+01 2.083054e-03
5 
-1 -1 1 2 2.630656e+01 7.668911e-04
-1 -1 0 2 3.137131e+01 9.145393e-04
0 1 3 4 6.125158e+01 1.785611e-03
2 4 -1 -1 2.876220e+01 8.384781e-04
2 3 -1 -1 3.407026e+01 9.932193e-04
5 
-1 -1 1 2 5.020061e+01 1.463453e-03
-1 -1 0 2 2.068600e+01 6.030402e-04
0 1 3 4 5.213941e+01 1.519973e-03
2 4 -1 -1 1.214105e+01 3.539369e-04
2 3 -1 -1 1.006609e+01 2.934475e-04
5 
-1 -1 1 2 1.530284e+01 4.461099e-04
-1 -1 0 2 1.395060e+01 4.066891e-04
0 1 3 4 4.600086e+01 1.341021e-03
2 4 -1 -1 1.433150e+01 4.177932e-04
2 3 -1 -1 1.751164e+01 5.105010e-04
5 
-1 -1 1 2 6.129586e+01 1.786902e-03
-1 -1 0 2 4.643579e+01 1.353700e-03
0 1 3 4 4.233266e+01 1.234085e-03
2 4 -1 -1 1.511110e+01 4.405202e-04
2 3 -1 -1 2.931103e+01 8.544777e-04
5 
-1 -1 1 2 2.967590e+01 8.651143e-04
-1 -1 0 2 4.346867e+01 1.267202e-03
0 1 3 4 3.446952e+01 1.004858e-03
2 4 -1 -1 1.616898e+01 4.713597e-04
2 3 -1 -1 1.366103e+01 3.982476e-04
5 
-1 -1 1 2 1.274893e+01 3.716580e-04
-1 -1 0 2 1.612093e+01 4.699589e-04
0 1 3 4 3.986233e+01 1.162070e-03
2 4 -1 -1 3.785821e+01 1.103646e-03
2 3 -1 -1 2.047593e+01 5.969162e-04
5 
-1 -1 1 2 3.969726e+01 1.157258e-03
-1 -1 0 2 2.838510e+01 8.274849e-04
0 1 3 4 9.621951e+01 2.805000e-03
2 4 -1 -1 1.997969e+01 5.824498e-04
2 3 -1 -1 1.933932e+01 5.637815e-04
5 
-1 -1 1 2 8.945957e+01 2.607933e-03
-1 -1 0 2 6.701969e+01 1.953764e-03
0 1 3 4 4.343547e+01 1.266235e-03
2 4 -1 -1 7.037664e+01 2.051626e-03
2 3 -1 -1 8.855379e+00 2.581528e-04
5 
-1 -1 1 2 1.723704e+01 5.024958e-04
-1 -1 0 2 2.967064e+01 8.649612e-04
0 1 3 4 2.324450e+01 6.776257e-04
2 4 -1 -1 2.022553e+01 5.896165e-04
2 3 -1 -1 1.416243e+01 4.128645e-04
5 
-1 -1 1 2 4.583807e+01 1.336275e-03
-1 -1 0 2 8.748912e+00 2.550490e-04
0 1 3 4 1.619806e+01 4.722072e-04
2 4 -1 -1 1.332229e+01 3.883725e-04
2 3 -1 -1 5.900715e+01 1.720182e-03
5 
-1 -1 1 2 3.580590e+01 1.043817e-03
-1 -1 0 2 9.872563e+00 2.878058e-04
0 1 3 4 3.197038e+01 9.320032e-04
2 4 -1 -1 1.259404e+01 3.671424e-04
2 3 -1 -1 3.528046e+01 1.028499e-03
5 
-1 -1 1 2 3.069163e+01 8.947250e-04
-1 -1 0 2 3.102481e+01 9.044380e-04
0 1 3 4 5.919632e+01 1.725696e-03
2 4 -1 -1 5.051440e+01 1.472600e-03
2 3 -1 -1 6.001644e+01 1.749605e-03
5 
-1 -1 1 2 4.303380e+01 1.254525e-03
-1 -1 0 2 4.137826e+00 1.206263e-04
0 1 3 4 4.358682e+01 1.270647e-03
2 4 -1 -1 5.193770e+01 1.514093e-03
2 3 -1 -1 3.592844e+01 1.047389e-03
5 
-1 -1 1 2 1.278815e+01 3.728013e-04
-1 -1 0 2 3.837796e+01 1.118798e-03
0 1 3 4 9.025233e+01 2.631044e-03
2 4 -1 -1 3.316697e+01 9.668865e-04
2 3 -1 -1 1.575683e+01 4.593446e-04
5 
-1 -1 1 2 4.191006e+01 1.221766e-03
-1 -1 0 2 4.926317e+01 1.436124e-03
0 1 3 4 6.794557e+01 1.980755e-03
2 4 -1 -1 6.661336e+01 1.941919e-03
2 3 -1 -1 1.542474e+01 4.496634e-04
5 
-1 -1 1 2 1.762449e+01 5.137907e-04
-1 -1 0 2 2.386132e+01 6.956074e-04
0 1 3 4 2.840148e+01 8.279624e-04
2 4 -1 -1 5.032463e+01 1.467068e-03
2 3 -1 -1 2.067843e+01 6.028194e-04
5 
-1 -1 1 2 1.008638e+02 2.940389e-03
-1 -1 0 2 3.805914e+01 1.109503e-03
0 1 3 4 7.624071e+01 2.222576e-03
2 4 -1 -1 1.986622e+01 5.791417e-04
2 3 -1 -1 5.484772e+01 1.598926e-03
5 
-1 -1 1 2 1.101203e+01 3.210238e-04
-1 -1 0 2 3.848696e+01 1.121975e-03
0 1 3 4 3.810033e+01 1.110704e-03
2 4 -1 -1 2.036508e+01 5.936847e-04
2 3 -1 -1 2.025244e+01 5.904010e-04
5 
-1 -1 1 2 4.562582e+01 1.330088e-03
-1 -1 0 2 4.400031e+01 1.282701e-03
0 1 3 4 2.474945e+01 7.214982e-04
2 4 -1 -1 1.360547e+01 3.966277e-04
2 3 -1 -1 1.395160e+01 4.067184e-04
5 
-1 -1 1 2 3.082411e+01 8.985872e-04
-1 -1 0 2 2.511021e+01 7.320151e-04
0 1 3 4 3.048097e+01 8.885838e-04
2 4 -1 -1 8.750792e+00 2.551039e-04
2 3 -1 -1 3.566299e+01 1.039651e-03
5 
-1 -1 1 2 2.948332e+01 8.595003e-04
-1 -1 0 2 3.553221e+01 1.035838e-03
0 1 3 4 2.797423e+01 8.155072e-04
2 4 -1 -1 1.837786e+02 5.357530e-03
2 3 -1 -1 1.537866e+01 4.483200e-04
5 
-1 -1 1 2 2.490237e+01 7.259561e-04
-1 -1 0 2 5.536323e+01 1.613954e-03
0 1 3 4 3.489603e+01 1.017292e-03
2 4 -1 -1 2.857684e+01 8.330745e-04
2 3 -1 -1 2.365835e+01 6.896902e-04
5 
-1 -1 1 2 2.206602e+01 6.432705e-04
-1 -1 0 2 1.062294e+01 3.096809e-04
0 1 3 4 5.350358e+01 1.559741e-03
2 4 -1 -1 2.194044e+01 6.396095e-04
2 3 -1 -1 2.633241e+01 7.676447e-04
5 
-1 -1 1 2 3.452659e+01 1.006522e-03
-1 -1 0 2 7.652064e+00 2.230736e-04
0 1 3 4 2.977647e+01 8.680462e-04
2 4 -1 -1 7.459817e+01 2.174692e-03
2 3 -1 -1 2.367783e+01 6.902582e-04
5 
-1 -1 1 2 4.542082e+00 1.324112e-04
-1 -1 0 2 3.289590e+01 9.589842e-04
0 1 3 4 3.757878e+01 1.095500e-03
2 4 -1 -1 6.453495e+01 1.881329e-03
2 3 -1 -1 1.666470e+01 4.858107e-04
5 
-1 -1 1 2 1.646204e+01 4.799029e-04
-1 -1 0 2 2.871920e+01 8.372248e-04
0 1 3 4 3.758586e+01 1.095706e-03
2 4 -1 -1 3.216445e+01 9.376609e-04
2 3 -1 -1 3.837281e+01 1.118648e-03
5 
-1 -1 1 2 4.828719e+01 1.407673e-03
-1 -1 0 2 1.547478e+01 4.511221e-04
0 1 3 4 8.783613e+00 2.560606e-04
2 4 -1 -1 3.246913e+01 9.465429e-04
2 3 -1 -1 6.586354e+00 1.920060e-04
5 
-1 -1 1 2 2.160398e+01 6.298010e-04
-1 -1 0 2 2.708647e+01 7.896271e-04
0 1 3 4 7.836275e+01 2.284438e-03
2 4 -1 -1 1.660058e+01 4.839415e-04
2 3 -1 -1 1.734472e+01 5.056348e-04
5 
-1 -1 1 2 5.793055e+01 1.688796e-03
-1 -1 0 2 3.100314e+01 9.038063e-04
0 1 3 4 4.760654e+01 1.387830e-03
2 4 -1 -1 3.161710e+01 9.217046e-04
2 3 -1 -1 1.252392e+01 3.650983e-04
5 
-1 -1 1 2 6.807556e+01 1.984545e-03
-1 -1 0 2 5.932080e+01 1.729325e-03
0 1 3 4 3.207398e+01 9.350235e-04
2 4 -1 -1 3.818467e+01 1.113163e-03
2 3 -1 -1 7.786678e+00 2.269979e-04
5 
-1 -1 1 2 1.778422e+01 5.184472e-04
-1 -1 0 2 3.253321e+01 9.484110e-04
0 1 3 4 3.667510e+01 1.069156e-03
2 4 -1 -1 3.058229e+01 8.915377e-04
2 3 -1 -1 3.439130e+01 1.002578e-03
5 
-1 -1 1 2 3.189173e+01 9.297105e-04
-1 -1 0 2 2.815103e+01 8.206612e-04
0 1 3 4 5.373016e+01 1.566346e-03
2 4 -1 -1 1.411355e+01 4.114395e-04
2 3 -1 -1 1.115644e+01 3.252334e-04
5 
-1 -1 1 2 6.125089e+01 1.785591e-03
-1 -1 0 2 9.550763e+01 2.784247e-03
0 1 3 4 3.856987e+01 1.124392e-03
2 4 -1 -1 1.204258e+01 3.510665e-04
2 3 -1 -1 2.092809e+01 6.100976e-04
5 
-1 -1 1 2 5.573228e+01 1.624712e-03
-1 -1 0 2 1.666685e+01 4.858735e-04
0 1 3 4 5.307677e+01 1.547299e-03
2 4 -1 -1 3.246931e+01 9.465481e-04
2 3 -1 -1 1.381695e+01 4.027931e-04
5 
-1 -1 1 2 3.163491e+01 9.222238e-04
-1 -1 0 2 1.028666e+01 2.998776e-04
0 1 3 4 4.471287e+01 1.303473e-03
2 4 -1 -1 2.620839e+01 7.640293e-04
2 3 -1 -1 1.691892e+01 4.932219e-04
5 
-1 -1 1 2 4.507616e+01 1.314064e-03
-1 -1 0 2 1.583843e+01 4.617233e-04
0 1 3 4 2.633034e+01 7.675845e-04
2 4 -1 -1 1.735465e+01 5.059244e-04
2 3 -1 -1 1.658532e+01 4.834968e-04
5 
-1 -1 1 2 1.869369e+01 5.449600e-04
-1 -1 0 2 1.990889e+01 5.803857e-04
0 1 3 4 7.485962e+01 2.182314e-03
2 4 -1 -1 1.749783e+01 5.100984e-04
2 3 -1 -1 1.584845e+01 4.620155e-04
5 
-1 -1 1 2 7.332830e+01 2.137673e-03
-1 -1 0 2 1.994935e+01 5.815653e-04
0 1 3 4 2.885091e+01 8.410642e-04
2 4 -1 -1 4.058902e+01 1.183255e-03
2 3 -1 -1 2.298367e+01 6.700221e-04
5 
-1 -1 1 2 5.039968e+01 1.469256e-03
-1 -1 0 2 3.685632e+01 1.074439e-03
0 1 3 4 3.127185e+01 9.116397e-04
2 4 -1 -1 3.873607e+01 1.129237e-03
2 3 -1 -1 3.778616e+01 1.101546e-03
5 
-1 -1 1 2 6.388006e+00 1.862237e-04
-1 -1 0 2 6.003201e+01 1.750058e-03
0 1 3 4 2.993465e+01 8.726577e-04
2 4 -1 -1 1.731617e+01 5.048026e-04
2 3 -1 -1 2.647132e+01 7.716942e-04
5 
-1 -1 1 2 2.341895e+01 6.827112e-04
-1 -1 0 2 6.126590e+01 1.786029e-03
0 1 3 4 3.395756e+01 9.899337e-04
2 4 -1 -1 1.005145e+01 2.930207e-04
2 3 -1 -1 4.621113e+01 1.347151e-03
5 
-1 -1 1 2 4.530481e+01 1.320730e-03
-1 -1 0 2 5.336194e+01 1.555612e-03
0 1 3 4 1.109195e+02 3.233534e-03
2 4 -1 -1 1.821878e+01 5.311155e-04
2 3 -1 -1 5.302637e+01 1.545829e-03
5 
-1 -1 1 2 2.202483e+01 6.420698e-04
-1 -1 0 2 2.433899e+01 7.095324e-04
0 1 3 4 2.810917e+01 8.194411e-04
2 4 -1 -1 1.264181e+01 3.685351e-04
2 3 -1 -1 7.905657e+01 2.304664e-03
5 
-1 -1 1 2 1.379421e+01 4.021299e-04
-1 -1 0 2 4.624155e+01 1.348038e-03
0 1 3 4 4.067775e+01 1.185841e-03
2 4 -1 -1 7.105932e+00 2.071527e-04
2 3 -1 -1 1.209526e+02 3.526022e-03
5 
-1 -1 1 2 1.087706e+01 3.170891e-04
-1 -1 0 2 1.006592e+01 2.934427e-04
0 1 3 4 1.042619e+02 3.039453e-03
2 4 -1 -1 2.267444e+01 6.610073e-04
2 3 -1 -1 9.222069e+01 2.688426e-03
5 
-1 -1 1 2 2.575528e+01 7.508203e-04
-1 -1 0 2 2.321874e+01 6.768746e-04
0 1 3 4 2.754723e+01 8.030592e-04
2 4 -1 -1 2.824420e+01 8.233774e-04
2 3 -1 -1 2.219393e+01 6.469993e-04
5 
-1 -1 1 2 1.668640e+01 4.864435e-04
-1 -1 0 2 1.133989e+01 3.305814e-04
0 1 3 4 1.592464e+01 4.642365e-04
2 4 -1 -1 3.902174e+01 1.137565e-03
2 3 -1 -1 1.786827e+01 5.208973e-04
5 
-1 -1 1 2 1.226352e+01 3.575072e-04
-1 -1 0 2 1.581183e+01 4.609479e-04
0 1 3 4 7.653605e+01 2.231186e-03
2 4 -1 -1 2.893154e+01 8.434148e-04
2 3 -1 -1 4.661070e+01 1.358799e-03
5 
-1 -1 1 2 3.943015e+01 1.149471e-03
-1 -1 0 2 1.851319e+01 5.396980e-04
0 1 3 4 5.327028e+01 1.552940e-03
2 4 -1 -1 3.371331e+01 9.828135e-04
2 3 -1 -1 6.517650e+01 1.900031e-03
5 
-1 -1 1 2 9.439508e+01 2.751814e-03
-1 -1 0 2 5.961620e+01 1.737937e-03
0 1 3 4 2.468120e+01 7.195085e-04
2 4 -1 -1 1.096377e+01 3.196167e-04
2 3 -1 -1 2.733012e+01 7.967300e-04
5 
-1 -1 1 2 1.687409e+01 4.919148e-04
-1 -1 0 2 8.562762e+00 2.496224e-04
0 1 3 4 3.193692e+01 9.310279e-04
2 4 -1 -1 4.360763e+01 1.271254e-03
2 3 -1 -1 2.008046e+01 5.853873e-04
5 
-1 -1 1 2 1.351646e+01 3.940332e-04
-1 -1 0 2 9.505898e+00 2.771168e-04
0 1 3 4 3.540624e+01 1.032166e-03
2 4 -1 -1 1.500103e+01 4.373112e-04
2 3 -1 -1 1.095165e+01 3.192635e-04
5 
-1 -1 1 2 3.621990e+01 1.055886e-03
-1 -1 0 2 2.057878e+01 5.999145e-04
0 1 3 4 4.590297e+01 1.338167e-03
2 4 -1 -1 1.358969e+02 3.961678e-03
2 3 -1 -1 5.669352e+01 1.652734e-03
5 
-1 -1 1 2 6.299079e+01 1.836313e-03
-1 -1 0 2 1.963604e+01 5.724316e-04
0 1 3 4 5.220041e+01 1.521751e-03
2 4 -1 -1 3.257708e+01 9.496898e-04
2 3 -1 -1 2.020506e+01 5.890198e-04
5 
-1 -1 1 2 2.285212e+01 6.661871e-04
-1 -1 0 2 1.750805e+01 5.103963e-04
0 1 3 4 3.887575e+01 1.133309e-03
2 4 -1 -1 3.105512e+01 9.053216e-04
2 3 -1 -1 1.008845e+01 2.940992e-04
5 
-1 -1 1 2 3.421810e+01 9.975291e-04
-1 -1 0 2 6.798821e+01 1.981998e-03
0 1 3 4 2.950388e+01 8.600996e-04
2 4 -1 -1 1.601519e+01 4.668763e-04
2 3 -1 -1 3.547611e+01 1.034203e-03
5 
-1 -1 1 2 5.522904e+01 1.610042e-03
-1 -1 0 2 3.135494e+01 9.140619e-04
0 1 3 4 8.522014e+01 2.484345e-03
2 4 -1 -1 1.778477e+01 5.184631e-04
2 3 -1 -1 2.910461e+01 8.484601e-04
5 
-1 -1 1 2 8.981066e+00 2.618168e-04
-1 -1 0 2 9.087071e+00 2.649071e-04
0 1 3 4 5.972333e+01 1.741060e-03
2 4 -1 -1 5.109109e+01 1.489412e-03
2 3 -1 -1 8.071760e+00 2.353086e-04
5 
-1 -1 1 2 1.613540e+01 4.703806e-04
-1 -1 0 2 3.734785e+01 1.088768e-03
0 1 3 4 8.197946e+01 2.389872e-03
2 4 -1 -1 4.742482e+01 1.382532e-03
2 3 -1 -1 2.243864e+01 6.541333e-04
5 
-1 -1 1 2 1.025750e+01 2.990275e-04
-1 -1 0 2 3.380504e+01 9.854876e-04
0 1 3 4 4.723944e+01 1.377128e-03
2 4 -1 -1 1.246011e+01 3.632382e-04
2 3 -1 -1 3.713692e+01 1.082619e-03
5 
-1 -1 1 2 4.035812e+01 1.176524e-03
-1 -1 0 2 4.986039e+01 1.453534e-03
0 1 3 4 3.508631e+01 1.022839e-03
2 4 -1 -1 3.903789e+01 1.138036e-03
2 3 -1 -1 3.436198e+01 1.001723e-03
5 
-1 -1 1 2 3.106757e+01 9.056846e-04
-1 -1 0 2 2.589322e+01 7.548415e-04
0 1 3 4 3.933049e+01 1.146566e-03
2 4 -1 -1 4.593448e+01 1.339086e-03
2 3 -1 -1 3.534628e+01 1.030418e-03
5 
-1 -1 1 2 1.687717e+01 4.920046e-04
-1 -1 0 2 2.338420e+01 6.816983e-04
0 1 3 4 5.600433e+01 1.632643e-03
2 4 -1 -1 2.600310e+01 7.580447e-04
2 3 -1 -1 1.251845e+01 3.649391e-04
5 
-1 -1 1 2 3.793849e+01 1.105986e-03
-1 -1 0 2 1.434043e+01 4.180533e-04
0 1 3 4 1.780042e+01 5.189195e-04
2 4 -1 -1 5.065827e+01 1.476794e-03
2 3 -1 -1 1.776770e+01 5.179655e-04
5 
-1 -1 1 2 4.587296e+01 1.337292e-03
-1 -1 0 2 2.084960e+01 6.078094e-04
0 1 3 4 4.243508e+01 1.237071e-03
2 4 -1 -1 3.234663e+01 9.429717e-04
2 3 -1 -1 1.587722e+01 4.628542e-04
5 
-1 -1 1 2 2.020281e+01 5.889542e-04
-1 -1 0 2 1.077306e+01 3.140573e-04
0 1 3 4 3.272613e+01 9.540349e-04
2 4 -1 -1 4.356204e+01 1.269924e-03
2 3 -1 -1 1.108461e+01 3.231394e-04
5 
-1 -1 1 2 2.646532e+01 7.715193e-04
-1 -1 0 2 3.235557e+01 9.432324e-04
0 1 3 4 3.600000e+01 1.049475e-03
2 4 -1 -1 2.715869e+01 7.917327e-04
2 3 -1 -1 3.139205e+01 9.151439e-04
5 
-1 -1 1 2 1.557744e+01 4.541149e-04
-1 -1 0 2 1.407250e+01 4.102427e-04
0 1 3 4 5.079146e+01 1.480677e-03
2 4 -1 -1 3.634030e+01 1.059395e-03
2 3 -1 -1 2.275281e+01 6.632919e-04
5 
-1 -1 1 2 1.387854e+01 4.045883e-04
-1 -1 0 2 1.365329e+01 3.980218e-04
0 1 3 4 4.901861e+01 1.428995e-03
2 4 -1 -1 4.559113e+01 1.329077e-03
2 3 -1 -1 3.215817e+01 9.374778e-04
5 
-1 -1 1 2 5.297986e+01 1.544474e-03
-1 -1 0 2 1.293765e+01 3.771596e-04
0 1 3 4 3.239864e+01 9.444879e-04
2 4 -1 -1 3.255033e+01 9.489100e-04
2 3 -1 -1 1.177713e+01 3.433278e-04
5 
-1 -1 1 2 2.663780e+01 7.765474e-04
-1 -1 0 2 4.547653e+01 1.325736e-03
0 1 3 4 4.974089e+01 1.450051e-03
2 4 -1 -1 4.822344e+01 1.405814e-03
2 3 -1 -1 2.633507e+01 7.677224e-04
5 
-1 -1 1 2 1.676615e+01 4.887682e-04
-1 -1 0 2 8.249552e+01 2.404917e-03
0 1 3 4 3.363985e+01 9.806719e-04
2 4 -1 -1 1.650069e+01 4.810296e-04
2 3 -1 -1 2.128080e+01 6.203797e-04
5 
-1 -1 1 2 2.450434e+01 7.143526e-04
-1 -1 0 2 2.117394e+01 6.172646e-04
0 1 3 4 4.000419e+01 1.166206e-03
2 4 -1 -1 4.554707e+01 1.327792e-03
2 3 -1 -1 3.619343e+01 1.055114e-03
