3.000000e-11 8.697075e+07 
3.600000e-11 8.529938e+07 
4.320000e-11 8.337303e+07 
5.184000e-11 8.116960e+07 
6.220800e-11 7.867160e+07 
7.464960e-11 7.586891e+07 
8.957952e-11 7.276196e+07 
1.074954e-10 6.936495e+07 
1.289945e-10 6.570852e+07 
1.547934e-10 6.184117e+07 
1.857521e-10 5.782850e+07 
2.229025e-10 5.374949e+07 
2.674830e-10 4.968981e+07 
3.209796e-10 4.573269e+07 
3.851755e-10 4.194934e+07 
4.622106e-10 3.839143e+07 
5.546528e-10 3.508793e+07 
6.655833e-10 3.204581e+07 
7.987000e-10 2.925666e+07 
9.584400e-10 2.671063e+07 
1.150128e-09 2.438658e+07 
1.380154e-09 2.226522e+07 
1.656184e-09 2.032891e+07 
1.987421e-09 1.856160e+07 
2.384905e-09 1.694863e+07 
2.861886e-09 1.547663e+07 
3.434264e-09 1.413341e+07 
4.121117e-09 1.290786e+07 
4.945340e-09 1.178988e+07 
5.934408e-09 1.077024e+07 
7.121289e-09 9.840590e+06 
8.545547e-09 8.993299e+06 
1.025466e-08 8.221470e+06 
1.230559e-08 7.518846e+06 
1.476671e-08 6.879766e+06 
1.772005e-08 6.299132e+06 
2.126406e-08 5.772351e+06 
2.551687e-08 5.295304e+06 
3.062024e-08 4.864309e+06 
3.674429e-08 4.476081e+06 
4.409315e-08 4.127695e+06 
5.291178e-08 3.816540e+06 
6.349413e-08 3.540278e+06 
7.619296e-08 3.296780e+06 
9.143155e-08 3.084064e+06 
1.097179e-07 2.900227e+06 
1.316614e-07 2.743339e+06 
1.579937e-07 2.611381e+06 
1.895925e-07 2.502147e+06 
2.275110e-07 2.413185e+06 
2.730131e-07 2.341784e+06 
3.276158e-07 2.285015e+06 
3.931389e-07 2.239841e+06 
4.717667e-07 2.203308e+06 
5.661201e-07 2.172768e+06 
6.793441e-07 2.146082e+06 
8.152129e-07 2.121752e+06 
9.782555e-07 2.098912e+06 
1.173907e-06 2.077202e+06 
1.408688e-06 2.056562e+06 
1.690425e-06 2.037047e+06 
2.028511e-06 2.018699e+06 
2.434213e-06 2.001504e+06 
2.921055e-06 1.985396e+06 
3.505266e-06 1.970285e+06 
4.206319e-06 1.956073e+06 
5.047583e-06 1.942667e+06 
6.057100e-06 1.929978e+06 
7.268520e-06 1.917926e+06 
8.722224e-06 1.906436e+06 
1.046667e-05 1.895439e+06 
1.256000e-05 1.884871e+06 
1.507200e-05 1.874674e+06 
1.808640e-05 1.864794e+06 
2.170368e-05 1.855179e+06 
2.604442e-05 1.845783e+06 
3.125331e-05 1.836563e+06 
3.750397e-05 1.827476e+06 
4.500476e-05 1.818485e+06 
5.400571e-05 1.809554e+06 
6.480685e-05 1.800649e+06 
7.776822e-05 1.791738e+06 
9.332187e-05 1.782791e+06 
1.119862e-04 1.773779e+06 
1.343835e-04 1.749870e+06 
1.612602e-04 1.742384e+06 
1.935122e-04 1.734595e+06 
2.322147e-04 1.726493e+06 
2.786576e-04 1.718065e+06 
3.343891e-04 1.709299e+06 
4.012670e-04 1.700182e+06 
4.815203e-04 1.690704e+06 
5.778244e-04 1.680850e+06 
6.933893e-04 1.670610e+06 
8.320672e-04 1.659974e+06 
9.984806e-04 1.648930e+06 
1.198177e-03 1.637471e+06 
1.437812e-03 1.625588e+06 
1.725374e-03 1.613278e+06 
2.070449e-03 1.600538e+06 
2.484539e-03 1.587366e+06 
2.981447e-03 1.573768e+06 
3.577736e-03 1.559750e+06 
4.293284e-03 1.545321e+06 
5.151941e-03 1.530498e+06 
6.182329e-03 1.515298e+06 
7.418794e-03 1.499745e+06 
8.902553e-03 1.483865e+06 
1.068306e-02 1.467691e+06 
1.281968e-02 1.451256e+06 
1.538361e-02 1.434598e+06 
1.846033e-02 1.417759e+06 
2.215240e-02 1.400779e+06 
2.658288e-02 1.383703e+06 
3.189946e-02 1.366574e+06 
3.827935e-02 1.349436e+06 
4.593522e-02 1.332332e+06 
5.512226e-02 1.315301e+06 
6.614672e-02 1.298384e+06 
7.937606e-02 1.281614e+06 
9.525127e-02 1.265025e+06 
1.143015e-01 1.248646e+06 
1.371618e-01 1.232502e+06 
1.645942e-01 1.216614e+06 
1.975130e-01 1.200998e+06 
2.370156e-01 1.185669e+06 
2.844188e-01 1.170636e+06 
3.413025e-01 1.155906e+06 
4.095630e-01 1.141480e+06 
4.914756e-01 1.127359e+06 
5.897708e-01 1.113541e+06 
7.077249e-01 1.100020e+06 
8.492699e-01 1.086791e+06 
1.019124e+00 1.073845e+06 
1.222949e+00 1.061174e+06 
1.467538e+00 1.048767e+06 
1.761046e+00 1.036614e+06 
2.113255e+00 1.024706e+06 
2.535906e+00 1.013031e+06 
3.043088e+00 1.001580e+06 
3.651705e+00 9.903421e+05 
4.382046e+00 9.793084e+05 
5.258455e+00 9.684696e+05 
6.310146e+00 9.578170e+05 
7.572176e+00 9.473424e+05 
9.086611e+00 9.370381e+05 
1.090393e+01 9.268969e+05 
1.308472e+01 9.169122e+05 
1.570166e+01 9.070776e+05 
1.884200e+01 8.973875e+05 
2.261040e+01 8.878364e+05 
2.713247e+01 8.784193e+05 
3.255897e+01 8.691314e+05 
3.907076e+01 8.599684e+05 
4.688492e+01 8.509262e+05 
5.626190e+01 8.420009e+05 
6.751428e+01 8.331888e+05 
8.101714e+01 8.244865e+05 
9.722056e+01 8.158909e+05 
1.166647e+02 8.073990e+05 
1.399976e+02 7.990077e+05 
1.679971e+02 7.907144e+05 
2.015966e+02 7.825163e+05 
2.419159e+02 7.744109e+05 
2.902990e+02 7.663955e+05 
3.483589e+02 7.584676e+05 
4.180306e+02 7.506246e+05 
5.016367e+02 7.428642e+05 
6.019641e+02 7.351836e+05 
7.223569e+02 7.275805e+05 
8.668283e+02 7.200523e+05 
1.040194e+03 7.125963e+05 
1.248233e+03 7.052100e+05 
1.497879e+03 6.978906e+05 
1.797455e+03 6.906357e+05 
2.156946e+03 6.834430e+05 
2.588335e+03 6.763101e+05 
3.106003e+03 6.692350e+05 
3.727203e+03 6.622160e+05 
4.472644e+03 6.552513e+05 
5.367172e+03 6.483395e+05 
6.440607e+03 6.414791e+05 
7.728728e+03 6.346690e+05 
9.274474e+03 6.279080e+05 
1.112937e+04 6.211950e+05 
1.335524e+04 6.145286e+05 
1.602629e+04 6.079077e+05 
1.923155e+04 6.013309e+05 
2.307786e+04 5.947967e+05 
2.769343e+04 5.883040e+05 
3.323212e+04 5.818517e+05 
3.987854e+04 5.754397e+05 
4.785425e+04 5.690684e+05 
5.742510e+04 5.627391e+05 
6.891012e+04 5.564544e+05 
8.269214e+04 5.502179e+05 
9.923057e+04 5.440338e+05 
1.190767e+05 5.379065e+05 
1.428920e+05 5.318401e+05 
1.714704e+05 5.258376e+05 
2.057645e+05 5.199004e+05 
2.469174e+05 5.140282e+05 
2.963009e+05 5.082194e+05 
3.555611e+05 5.024715e+05 
4.266733e+05 4.967820e+05 
5.120079e+05 4.911475e+05 
6.144095e+05 4.855640e+05 
7.372914e+05 4.800262e+05 
8.847497e+05 4.745276e+05 
1.061700e+06 4.690613e+05 
1.274040e+06 4.636205e+05 
1.528848e+06 4.581990e+05 
1.834617e+06 4.527911e+05 
2.201540e+06 4.473917e+05 
2.641849e+06 4.419954e+05 
3.170218e+06 4.365966e+05 
3.804262e+06 4.311896e+05 
4.565114e+06 4.257687e+05 
5.478137e+06 4.203287e+05 
6.573764e+06 4.148655e+05 
7.888517e+06 4.093763e+05 
9.466221e+06 4.038606e+05 
1.135946e+07 3.983206e+05 
1.363136e+07 3.927611e+05 
1.635763e+07 3.871898e+05 
1.962916e+07 3.816161e+05 
2.355499e+07 3.760496e+05 
2.826598e+07 3.704980e+05 
3.391918e+07 3.649647e+05 
4.070302e+07 3.594468e+05 
4.884362e+07 3.539351e+05 
5.861234e+07 3.484148e+05 
7.033481e+07 3.428696e+05 
8.440178e+07 3.372852e+05 
1.012821e+08 3.316520e+05 
1.215386e+08 3.259657e+05 
1.458463e+08 3.202259e+05 
1.750155e+08 3.144338e+05 
2.100186e+08 3.085918e+05 
2.520224e+08 3.027039e+05 
3.024268e+08 2.967786e+05 
3.629122e+08 2.908313e+05 
4.354946e+08 2.848846e+05 
5.225935e+08 2.789670e+05 
6.271123e+08 2.731083e+05 
7.525347e+08 2.673342e+05 
9.030417e+08 2.616621e+05 
1.083650e+09 2.560989e+05 
1.300380e+09 2.506402e+05 
1.560456e+09 2.452732e+05 
1.872547e+09 2.399788e+05 
2.247057e+09 2.347361e+05 
2.696468e+09 2.295258e+05 
3.235762e+09 2.243327e+05 
3.882914e+09 2.191476e+05 
4.659497e+09 2.139669e+05 
5.591396e+09 2.087919e+05 
6.709675e+09 2.036274e+05 
8.051610e+09 1.984793e+05 
9.661932e+09 1.933535e+05 
1.159432e+10 1.882537e+05 
1.391318e+10 1.831812e+05 
1.669582e+10 1.781355e+05 
2.003498e+10 1.731152e+05 
2.404198e+10 1.681192e+05 
2.885037e+10 1.631471e+05 
3.462045e+10 1.581990e+05 
4.154454e+10 1.532754e+05 
4.985345e+10 1.483763e+05 
5.982414e+10 1.435012e+05 
7.178896e+10 1.386494e+05 
8.614676e+10 1.338210e+05 
1.033761e+11 1.290170e+05 
1.240513e+11 1.242402e+05 
1.488616e+11 1.194950e+05 
1.786339e+11 1.147862e+05 
2.143607e+11 1.101188e+05 
2.572328e+11 1.054968e+05 
3.086794e+11 1.009238e+05 
3.704153e+11 9.640332e+04 
4.444983e+11 9.193964e+04 
5.333980e+11 8.753812e+04 
6.400776e+11 8.320557e+04 
7.680931e+11 7.895008e+04 
9.217118e+11 7.478049e+04 
1.106054e+12 7.070531e+04 
1.327265e+12 6.673131e+04 
1.592718e+12 6.286241e+04 
1.911262e+12 5.909961e+04 
2.293514e+12 5.544219e+04 
2.752217e+12 5.188983e+04 
3.302660e+12 4.844479e+04 
3.963192e+12 4.511343e+04 
4.755830e+12 4.190657e+04 
5.706996e+12 3.883834e+04 
6.848396e+12 3.592389e+04 
8.218075e+12 3.317627e+04 
9.861690e+12 3.060377e+04 
1.183403e+13 2.820822e+04 
1.420083e+13 2.598492e+04 
