H 
4.000000e+01 
200 
5 
-1 -1 1 2 4.577508e+01 1.027752e-03
-1 -1 0 2 7.863638e+01 1.765561e-03
0 1 3 4 4.078899e+01 9.158031e-04
2 4 -1 -1 5.301273e+01 1.190253e-03
2 3 -1 -1 3.556831e+01 7.985873e-04
5 
-1 -1 1 2 1.619267e+01 3.635612e-04
-1 -1 0 2 2.208923e+01 4.959521e-04
0 1 3 4 6.988689e+01 1.569115e-03
2 4 -1 -1 3.390243e+01 7.611847e-04
2 3 -1 -1 2.191175e+01 4.919673e-04
5 
-1 -1 1 2 2.977298e+01 6.684692e-04
-1 -1 0 2 1.817715e+01 4.081173e-04
0 1 3 4 1.396408e+02 3.135246e-03
2 4 -1 -1 1.394324e+01 3.130566e-04
2 3 -1 -1 2.276412e+01 5.111048e-04
5 
-1 -1 1 2 2.228136e+01 5.002659e-04
-1 -1 0 2 1.267338e+01 2.845454e-04
0 1 3 4 3.009225e+01 6.756376e-04
2 4 -1 -1 2.838240e+01 6.372477e-04
2 3 -1 -1 4.536988e+01 1.018654e-03
5 
-1 -1 1 2 3.700210e+01 8.307791e-04
-1 -1 0 2 9.334705e+01 2.095848e-03
0 1 3 4 7.409664e+01 1.663634e-03
2 4 -1 -1 5.284061e+01 1.186389e-03
2 3 -1 -1 6.684059e+01 1.500719e-03
5 
-1 -1 1 2 3.419624e+01 7.677813e-04
-1 -1 0 2 5.536381e+01 1.243040e-03
0 1 3 4 4.066606e+01 9.130431e-04
2 4 -1 -1 1.660359e+01 3.727873e-04
2 3 -1 -1 4.142848e+01 9.301611e-04
5 
-1 -1 1 2 1.024341e+02 2.299872e-03
-1 -1 0 2 2.221826e+01 4.988490e-04
0 1 3 4 7.075211e+01 1.588541e-03
2 4 -1 -1 3.114868e+01 6.993568e-04
2 3 -1 -1 3.934315e+01 8.833407e-04
5 
-1 -1 1 2 2.637462e+01 5.921687e-04
-1 -1 0 2 5.958247e+01 1.337758e-03
0 1 3 4 6.160005e+01 1.383057e-03
2 4 -1 -1 7.304156e+01 1.639945e-03
2 3 -1 -1 2.000182e+01 4.490852e-04
5 
-1 -1 1 2 3.727369e+01 8.368768e-04
-1 -1 0 2 1.319123e+01 2.961722e-04
0 1 3 4 4.464862e+01 1.002460e-03
2 4 -1 -1 3.141725e+01 7.053868e-04
2 3 -1 -1 9.105169e+01 2.044312e-03
5 
-1 -1 1 2 1.587652e+01 3.564631e-04
-1 -1 0 2 3.908409e+01 8.775244e-04
0 1 3 4 4.110935e+01 9.229960e-04
2 4 -1 -1 4.258155e+01 9.560500e-04
2 3 -1 -1 5.653994e+01 1.269447e-03
5 
-1 -1 1 2 3.389786e+01 7.610820e-04
-1 -1 0 2 1.125388e+02 2.526746e-03
0 1 3 4 5.949897e+01 1.335884e-03
2 4 -1 -1 9.742497e+01 2.187406e-03
2 3 -1 -1 2.437979e+01 5.473803e-04
5 
-1 -1 1 2 2.738693e+01 6.148972e-04
-1 -1 0 2 6.578894e+01 1.477107e-03
0 1 3 4 2.686499e+01 6.031786e-04
2 4 -1 -1 7.099743e+01 1.594049e-03
2 3 -1 -1 1.556310e+01 3.494260e-04
5 
-1 -1 1 2 3.083389e+01 6.922890e-04
-1 -1 0 2 2.771118e+01 6.221773e-04
0 1 3 4 4.731824e+01 1.062399e-03
2 4 -1 -1 5.522418e+01 1.239905e-03
2 3 -1 -1 2.620504e+01 5.883612e-04
5 
-1 -1 1 2 4.165374e+01 9.352186e-04
-1 -1 0 2 3.303042e+01 7.416061e-04
0 1 3 4 5.490183e+01 1.232668e-03
2 4 -1 -1 4.338155e+01 9.740118e-04
2 3 -1 -1 4.908330e+01 1.102029e-03
5 
-1 -1 1 2 6.311649e+01 1.417105e-03
-1 -1 0 2 5.109380e+01 1.147169e-03
0 1 3 4 6.926697e+01 1.555197e-03
2 4 -1 -1 2.024558e+01 4.545582e-04
2 3 -1 -1 4.174440e+01 9.372541e-04
5 
-1 -1 1 2 1.516682e+02 3.405287e-03
-1 -1 0 2 4.478783e+01 1.005586e-03
0 1 3 4 3.084858e+01 6.926188e-04
2 4 -1 -1 1.146189e+01 2.573448e-04
2 3 -1 -1 2.046294e+01 4.594383e-04
5 
-1 -1 1 2 1.065860e+01 2.393091e-04
-1 -1 0 2 1.769066e+01 3.971944e-04
0 1 3 4 5.389716e+01 1.210110e-03
2 4 -1 -1 5.149324e+01 1.156137e-03
2 3 -1 -1 7.963079e+01 1.787887e-03
5 
-1 -1 1 2 3.349567e+01 7.520519e-04
-1 -1 0 2 2.566029e+01 5.761303e-04
0 1 3 4 3.934478e+01 8.833774e-04
2 4 -1 -1 6.132958e+01 1.376985e-03
2 3 -1 -1 2.992573e+01 6.718990e-04
5 
-1 -1 1 2 1.326076e+01 2.977333e-04
-1 -1 0 2 1.050637e+02 2.358912e-03
0 1 3 4 6.651101e+01 1.493319e-03
2 4 -1 -1 5.506172e+01 1.236258e-03
2 3 -1 -1 2.890591e+01 6.490016e-04
5 
-1 -1 1 2 4.441972e+01 9.973211e-04
-1 -1 0 2 3.338059e+01 7.494680e-04
0 1 3 4 4.321684e+01 9.703138e-04
2 4 -1 -1 1.775385e+01 3.986132e-04
2 3 -1 -1 5.698391e+01 1.279415e-03
5 
-1 -1 1 2 7.721959e+01 1.733751e-03
-1 -1 0 2 5.995038e+01 1.346019e-03
0 1 3 4 3.750656e+01 8.421052e-04
2 4 -1 -1 2.945386e+01 6.613044e-04
2 3 -1 -1 2.535194e+01 5.692072e-04
5 
-1 -1 1 2 1.946200e+01 4.369651e-04
-1 -1 0 2 2.830739e+01 6.355636e-04
0 1 3 4 5.383075e+01 1.208619e-03
2 4 -1 -1 2.893218e+01 6.495915e-04
2 3 -1 -1 3.692456e+01 8.290381e-04
5 
-1 -1 1 2 2.194964e+01 4.928180e-04
-1 -1 0 2 6.081914e+01 1.365524e-03
0 1 3 4 6.228288e+01 1.398389e-03
2 4 -1 -1 2.065468e+01 4.637432e-04
2 3 -1 -1 2.527058e+01 5.673804e-04
5 
-1 -1 1 2 5.496941e+01 1.234185e-03
-1 -1 0 2 2.057373e+02 4.619258e-03
0 1 3 4 4.770858e+01 1.071163e-03
2 4 -1 -1 4.469770e+01 1.003562e-03
2 3 -1 -1 3.948251e+01 8.864697e-04
5 
-1 -1 1 2 2.415056e+01 5.422335e-04
-1 -1 0 2 3.192184e+01 7.167160e-04
0 1 3 4 4.143528e+01 9.303138e-04
2 4 -1 -1 1.631691e+01 3.663507e-04
2 3 -1 -1 5.896345e+01 1.323860e-03
5 
-1 -1 1 2 1.419614e+02 3.187348e-03
-1 -1 0 2 2.371236e+01 5.323949e-04
0 1 3 4 2.834854e+01 6.364874e-04
2 4 -1 -1 3.145524e+01 7.062397e-04
2 3 -1 -1 2.975945e+01 6.681656e-04
5 
-1 -1 1 2 2.573346e+01 5.777731e-04
-1 -1 0 2 2.353832e+01 5.284873e-04
0 1 3 4 3.778431e+01 8.483415e-04
2 4 -1 -1 2.748753e+01 6.171559e-04
2 3 -1 -1 4.784339e+01 1.074190e-03
5 
-1 -1 1 2 6.951956e+01 1.560868e-03
-1 -1 0 2 3.156630e+01 7.087333e-04
0 1 3 4 2.007632e+01 4.507578e-04
2 4 -1 -1 4.943998e+01 1.110037e-03
2 3 -1 -1 2.999833e+01 6.735289e-04
5 
-1 -1 1 2 4.264301e+01 9.574299e-04
-1 -1 0 2 1.225610e+01 2.751766e-04
0 1 3 4 5.525376e+01 1.240569e-03
2 4 -1 -1 1.785251e+01 4.008283e-04
2 3 -1 -1 3.249923e+01 7.296797e-04
5 
-1 -1 1 2 7.119327e+01 1.598447e-03
-1 -1 0 2 1.237412e+02 2.778264e-03
0 1 3 4 2.813617e+01 6.317192e-04
2 4 -1 -1 2.392961e+01 5.372728e-04
2 3 -1 -1 2.430908e+01 5.457926e-04
5 
-1 -1 1 2 8.946820e+01 2.008759e-03
-1 -1 0 2 7.019753e+01 1.576090e-03
0 1 3 4 2.997267e+01 6.729527e-04
2 4 -1 -1 3.682672e+01 8.268413e-04
2 3 -1 -1 3.967280e+01 8.907422e-04
5 
-1 -1 1 2 6.527996e+01 1.465680e-03
-1 -1 0 2 2.054719e+01 4.613299e-04
0 1 3 4 4.330648e+01 9.723263e-04
2 4 -1 -1 2.179329e+01 4.893075e-04
2 3 -1 -1 4.802841e+01 1.078344e-03
5 
-1 -1 1 2 5.168444e+01 1.160430e-03
-1 -1 0 2 4.089459e+01 9.181740e-04
0 1 3 4 4.079500e+01 9.159380e-04
2 4 -1 -1 8.929915e+01 2.004964e-03
2 3 -1 -1 2.145761e+01 4.817709e-04
5 
-1 -1 1 2 2.210947e+01 4.964065e-04
-1 -1 0 2 5.288123e+01 1.187301e-03
0 1 3 4 2.925574e+01 6.568561e-04
2 4 -1 -1 4.502622e+01 1.010938e-03
2 3 -1 -1 4.860275e+01 1.091239e-03
5 
-1 -1 1 2 7.458267e+01 1.674546e-03
-1 -1 0 2 3.901010e+01 8.758631e-04
0 1 3 4 4.519593e+01 1.014749e-03
2 4 -1 -1 2.977394e+01 6.684908e-04
2 3 -1 -1 3.880717e+01 8.713068e-04
5 
-1 -1 1 2 2.091665e+01 4.696251e-04
-1 -1 0 2 1.940079e+01 4.355906e-04
0 1 3 4 6.497684e+01 1.458874e-03
2 4 -1 -1 6.306024e+01 1.415842e-03
2 3 -1 -1 2.265537e+01 5.086632e-04
5 
-1 -1 1 2 2.909431e+01 6.532317e-04
-1 -1 0 2 4.376903e+01 9.827115e-04
0 1 3 4 4.111696e+01 9.231668e-04
2 4 -1 -1 1.172189e+01 2.631824e-04
2 3 -1 -1 1.577015e+01 3.540749e-04
5 
-1 -1 1 2 2.672330e+01 5.999972e-04
-1 -1 0 2 2.327554e+01 5.225874e-04
0 1 3 4 2.411827e+01 5.415085e-04
2 4 -1 -1 1.378289e+01 3.094563e-04
2 3 -1 -1 4.691823e+01 1.053418e-03
5 
-1 -1 1 2 1.265413e+01 2.841133e-04
-1 -1 0 2 1.342968e+01 3.015260e-04
0 1 3 4 5.843125e+01 1.311911e-03
2 4 -1 -1 7.113933e+01 1.597235e-03
2 3 -1 -1 3.285740e+01 7.377215e-04
5 
-1 -1 1 2 2.101117e+01 4.717474e-04
-1 -1 0 2 2.619122e+01 5.880508e-04
0 1 3 4 1.192246e+02 2.676856e-03
2 4 -1 -1 3.812928e+01 8.560868e-04
2 3 -1 -1 2.090143e+01 4.692833e-04
5 
-1 -1 1 2 1.114721e+01 2.502796e-04
-1 -1 0 2 2.472733e+01 5.551832e-04
0 1 3 4 7.147436e+01 1.604758e-03
2 4 -1 -1 5.486605e+01 1.231864e-03
2 3 -1 -1 7.914018e+01 1.776872e-03
5 
-1 -1 1 2 8.715488e+01 1.956820e-03
-1 -1 0 2 3.260250e+01 7.319983e-04
0 1 3 4 3.980419e+01 8.936922e-04
2 4 -1 -1 3.738060e+01 8.392773e-04
2 3 -1 -1 2.689768e+01 6.039124e-04
5 
-1 -1 1 2 5.072779e+01 1.138951e-03
-1 -1 0 2 2.527191e+01 5.674102e-04
0 1 3 4 4.131653e+01 9.276476e-04
2 4 -1 -1 9.659436e+01 2.168757e-03
2 3 -1 -1 3.243984e+01 7.283463e-04
5 
-1 -1 1 2 1.675949e+01 3.762876e-04
-1 -1 0 2 4.898158e+01 1.099745e-03
0 1 3 4 7.126457e+01 1.600047e-03
2 4 -1 -1 1.027704e+02 2.307423e-03
2 3 -1 -1 1.251517e+01 2.809932e-04
5 
-1 -1 1 2 3.003610e+01 6.743770e-04
-1 -1 0 2 5.428851e+01 1.218897e-03
0 1 3 4 1.554509e+01 3.490216e-04
2 4 -1 -1 1.885598e+01 4.233584e-04
2 3 -1 -1 6.727241e+01 1.510415e-03
5 
-1 -1 1 2 3.128025e+01 7.023108e-04
-1 -1 0 2 1.999196e+01 4.488637e-04
0 1 3 4 5.514121e+01 1.238042e-03
2 4 -1 -1 8.222690e+00 1.846176e-04
2 3 -1 -1 3.089543e+01 6.936708e-04
5 
-1 -1 1 2 1.999333e+01 4.488945e-04
-1 -1 0 2 3.903502e+01 8.764227e-04
0 1 3 4 3.490663e+01 7.837311e-04
2 4 -1 -1 1.666857e+02 3.742463e-03
2 3 -1 -1 5.475661e+01 1.229407e-03
5 
-1 -1 1 2 5.317728e+01 1.193948e-03
-1 -1 0 2 1.073943e+01 2.411240e-04
0 1 3 4 6.031764e+01 1.354265e-03
2 4 -1 -1 7.589468e+01 1.704004e-03
2 3 -1 -1 2.133506e+01 4.790193e-04
5 
-1 -1 1 2 8.265648e+01 1.855821e-03
-1 -1 0 2 9.754772e+01 2.190162e-03
0 1 3 4 5.315643e+01 1.193480e-03
2 4 -1 -1 2.403620e+01 5.396660e-04
2 3 -1 -1 2.553868e+01 5.734000e-04
5 
-1 -1 1 2 6.929907e+01 1.555918e-03
-1 -1 0 2 2.281429e+01 5.122313e-04
0 1 3 4 2.386721e+01 5.358718e-04
2 4 -1 -1 1.460414e+02 3.278952e-03
2 3 -1 -1 3.524362e+01 7.912972e-04
5 
-1 -1 1 2 5.304393e+01 1.190954e-03
-1 -1 0 2 4.662945e+01 1.046934e-03
0 1 3 4 5.809752e+01 1.304418e-03
2 4 -1 -1 2.944324e+01 6.610659e-04
2 3 -1 -1 2.845759e+01 6.389359e-04
5 
-1 -1 1 2 2.759984e+01 6.196775e-04
-1 -1 0 2 9.240050e+01 2.074596e-03
0 1 3 4 5.802691e+01 1.302833e-03
2 4 -1 -1 4.723162e+01 1.060454e-03
2 3 -1 -1 3.145075e+01 7.061390e-04
5 
-1 -1 1 2 1.201723e+02 2.698135e-03
-1 -1 0 2 2.306666e+01 5.178976e-04
0 1 3 4 4.850086e+01 1.088952e-03
2 4 -1 -1 2.479381e+01 5.566759e-04
2 3 -1 -1 2.482692e+01 5.574193e-04
5 
-1 -1 1 2 4.000666e+01 8.982380e-04
-1 -1 0 2 2.909535e+01 6.532551e-04
0 1 3 4 5.236289e+01 1.175663e-03
2 4 -1 -1 5.599455e+01 1.257202e-03
2 3 -1 -1 3.838768e+01 8.618884e-04
5 
-1 -1 1 2 1.397328e+01 3.137310e-04
-1 -1 0 2 3.321419e+01 7.457320e-04
0 1 3 4 5.033140e+01 1.130051e-03
2 4 -1 -1 1.084150e+02 2.434156e-03
2 3 -1 -1 1.548221e+01 3.476098e-04
5 
-1 -1 1 2 6.508655e+01 1.461337e-03
-1 -1 0 2 8.272870e+00 1.857443e-04
0 1 3 4 5.698442e+01 1.279426e-03
2 4 -1 -1 3.806842e+01 8.547202e-04
2 3 -1 -1 2.313254e+01 5.193767e-04
5 
-1 -1 1 2 3.089546e+01 6.936714e-04
-1 -1 0 2 2.211230e+01 4.964700e-04
0 1 3 4 4.453778e+01 9.999718e-04
2 4 -1 -1 6.328291e+01 1.420841e-03
2 3 -1 -1 1.926507e+01 4.325435e-04
5 
-1 -1 1 2 4.817019e+01 1.081527e-03
-1 -1 0 2 2.362903e+01 5.305241e-04
0 1 3 4 4.667399e+01 1.047934e-03
2 4 -1 -1 3.873607e+01 8.697106e-04
2 3 -1 -1 2.447375e+01 5.494898e-04
5 
-1 -1 1 2 1.062139e+01 2.384738e-04
-1 -1 0 2 3.291084e+01 7.389212e-04
0 1 3 4 2.658936e+01 5.969901e-04
2 4 -1 -1 5.276720e+01 1.184740e-03
2 3 -1 -1 2.407394e+01 5.405132e-04
5 
-1 -1 1 2 5.460823e+01 1.226076e-03
-1 -1 0 2 2.654284e+01 5.959456e-04
0 1 3 4 2.933071e+01 6.585393e-04
2 4 -1 -1 3.290633e+01 7.388199e-04
2 3 -1 -1 4.490874e+01 1.008301e-03
5 
-1 -1 1 2 1.425284e+01 3.200079e-04
-1 -1 0 2 1.023630e+01 2.298277e-04
0 1 3 4 1.865115e+01 4.187595e-04
2 4 -1 -1 2.490614e+01 5.591979e-04
2 3 -1 -1 4.242250e+01 9.524789e-04
5 
-1 -1 1 2 2.994998e+01 6.724434e-04
-1 -1 0 2 1.637593e+01 3.676759e-04
0 1 3 4 4.356730e+01 9.781822e-04
2 4 -1 -1 4.524488e+01 1.015848e-03
2 3 -1 -1 1.746418e+01 3.921094e-04
5 
-1 -1 1 2 2.631644e+01 5.908623e-04
-1 -1 0 2 5.344781e+01 1.200022e-03
0 1 3 4 1.870865e+01 4.200506e-04
2 4 -1 -1 1.535641e+01 3.447854e-04
2 3 -1 -1 3.152751e+01 7.078624e-04
5 
-1 -1 1 2 1.212526e+01 2.722389e-04
-1 -1 0 2 2.429152e+01 5.453985e-04
0 1 3 4 4.055113e+01 9.104625e-04
2 4 -1 -1 3.995068e+01 8.969811e-04
2 3 -1 -1 5.150267e+01 1.156349e-03
5 
-1 -1 1 2 2.541501e+01 5.706232e-04
-1 -1 0 2 1.386982e+02 3.114082e-03
0 1 3 4 7.988029e+01 1.793489e-03
2 4 -1 -1 6.896122e+01 1.548332e-03
2 3 -1 -1 1.604664e+01 3.602825e-04
5 
-1 -1 1 2 5.306829e+01 1.191501e-03
-1 -1 0 2 3.502282e+01 7.863398e-04
0 1 3 4 6.719662e+01 1.508713e-03
2 4 -1 -1 2.032685e+01 4.563828e-04
2 3 -1 -1 9.537839e+01 2.141456e-03
5 
-1 -1 1 2 1.043524e+02 2.342942e-03
-1 -1 0 2 1.873068e+01 4.205452e-04
0 1 3 4 3.514303e+01 7.890388e-04
2 4 -1 -1 1.118700e+02 2.511729e-03
2 3 -1 -1 8.749571e+01 1.964472e-03
5 
-1 -1 1 2 2.068290e+01 4.643768e-04
-1 -1 0 2 1.290935e+01 2.898434e-04
0 1 3 4 6.421945e+01 1.441869e-03
2 4 -1 -1 2.676064e+01 6.008356e-04
2 3 -1 -1 3.947342e+01 8.862656e-04
5 
-1 -1 1 2 9.059455e+01 2.034048e-03
-1 -1 0 2 5.448851e+01 1.223388e-03
0 1 3 4 5.555244e+01 1.247275e-03
2 4 -1 -1 5.015820e+01 1.126163e-03
2 3 -1 -1 3.570860e+01 8.017372e-04
5 
-1 -1 1 2 5.090041e+01 1.142827e-03
-1 -1 0 2 3.368581e+01 7.563211e-04
0 1 3 4 4.762524e+01 1.069292e-03
2 4 -1 -1 1.222380e+01 2.744514e-04
2 3 -1 -1 5.210142e+01 1.169792e-03
5 
-1 -1 1 2 4.772375e+01 1.071504e-03
-1 -1 0 2 3.360962e+01 7.546103e-04
0 1 3 4 5.462480e+01 1.226448e-03
2 4 -1 -1 3.481881e+01 7.817593e-04
2 3 -1 -1 2.456949e+01 5.516395e-04
5 
-1 -1 1 2 2.172520e+01 4.877789e-04
-1 -1 0 2 2.993627e+01 6.721356e-04
0 1 3 4 3.493281e+01 7.843188e-04
2 4 -1 -1 3.935680e+01 8.836472e-04
2 3 -1 -1 7.210351e+01 1.618884e-03
5 
-1 -1 1 2 2.119320e+01 4.758342e-04
-1 -1 0 2 2.577279e+01 5.786562e-04
0 1 3 4 7.390785e+01 1.659395e-03
2 4 -1 -1 4.118136e+01 9.246126e-04
2 3 -1 -1 2.462686e+01 5.529275e-04
5 
-1 -1 1 2 6.469790e+01 1.452611e-03
-1 -1 0 2 2.227571e+01 5.001391e-04
0 1 3 4 4.818210e+01 1.081795e-03
2 4 -1 -1 2.613833e+01 5.868633e-04
2 3 -1 -1 2.876387e+01 6.458126e-04
5 
-1 -1 1 2 5.814446e+01 1.305472e-03
-1 -1 0 2 1.123616e+02 2.522766e-03
0 1 3 4 1.032208e+02 2.317536e-03
2 4 -1 -1 2.109447e+01 4.736175e-04
2 3 -1 -1 2.003284e+01 4.497817e-04
5 
-1 -1 1 2 4.372626e+01 9.817512e-04
-1 -1 0 2 1.975830e+01 4.436177e-04
0 1 3 4 4.611889e+01 1.035471e-03
2 4 -1 -1 5.688521e+01 1.277199e-03
2 3 -1 -1 1.032278e+02 2.317692e-03
5 
-1 -1 1 2 1.241283e+02 2.786956e-03
-1 -1 0 2 4.499078e+01 1.010143e-03
0 1 3 4 9.860649e+01 2.213934e-03
2 4 -1 -1 1.796343e+01 4.033187e-04
2 3 -1 -1 4.830790e+01 1.084619e-03
5 
-1 -1 1 2 7.831029e+01 1.758239e-03
-1 -1 0 2 5.135485e+01 1.153030e-03
0 1 3 4 4.991502e+01 1.120703e-03
2 4 -1 -1 2.062524e+01 4.630822e-04
2 3 -1 -1 5.919566e+01 1.329074e-03
5 
-1 -1 1 2 5.761962e+01 1.293688e-03
-1 -1 0 2 2.635921e+01 5.918225e-04
0 1 3 4 4.976299e+01 1.117289e-03
2 4 -1 -1 9.538196e+01 2.141536e-03
2 3 -1 -1 2.354450e+01 5.286260e-04
5 
-1 -1 1 2 2.723159e+01 6.114095e-04
-1 -1 0 2 3.117532e+01 6.999549e-04
0 1 3 4 7.767201e+01 1.743909e-03
2 4 -1 -1 4.994380e+01 1.121349e-03
2 3 -1 -1 2.181004e+01 4.896836e-04
5 
-1 -1 1 2 7.800549e+01 1.751396e-03
-1 -1 0 2 2.685154e+01 6.028765e-04
0 1 3 4 2.821408e+01 6.334686e-04
2 4 -1 -1 2.291172e+01 5.144189e-04
2 3 -1 -1 1.345144e+02 3.020147e-03
5 
-1 -1 1 2 1.223067e+01 2.746057e-04
-1 -1 0 2 2.233907e+02 5.015616e-03
0 1 3 4 3.080381e+01 6.916137e-04
2 4 -1 -1 5.036404e+01 1.130784e-03
2 3 -1 -1 1.024822e+02 2.300952e-03
5 
-1 -1 1 2 4.974589e+01 1.116905e-03
-1 -1 0 2 7.073251e+01 1.588101e-03
0 1 3 4 6.722765e+01 1.509410e-03
2 4 -1 -1 1.152875e+02 2.588460e-03
2 3 -1 -1 1.966167e+01 4.414480e-04
5 
-1 -1 1 2 4.728295e+01 1.061607e-03
-1 -1 0 2 3.355456e+01 7.533741e-04
0 1 3 4 3.591412e+01 8.063515e-04
2 4 -1 -1 3.754748e+01 8.430240e-04
2 3 -1 -1 2.366290e+01 5.312846e-04
5 
-1 -1 1 2 2.229621e+01 5.005992e-04
-1 -1 0 2 2.197138e+01 4.933062e-04
0 1 3 4 8.053625e+01 1.808217e-03
2 4 -1 -1 5.014142e+01 1.125786e-03
2 3 -1 -1 3.874885e+01 8.699975e-04
5 
-1 -1 1 2 4.864726e+01 1.092239e-03
-1 -1 0 2 4.319130e+01 9.697403e-04
0 1 3 4 4.681903e+01 1.051191e-03
2 4 -1 -1 6.877504e+00 1.544152e-04
2 3 -1 -1 5.348297e+01 1.200811e-03
5 
-1 -1 1 2 2.068407e+01 4.644032e-04
-1 -1 0 2 4.773726e+01 1.071807e-03
0 1 3 4 5.743609e+01 1.289567e-03
2 4 -1 -1 2.877550e+01 6.460736e-04
2 3 -1 -1 1.284384e+01 2.883725e-04
5 
-1 -1 1 2 4.056507e+01 9.107755e-04
-1 -1 0 2 2.035603e+01 4.570380e-04
0 1 3 4 4.660326e+01 1.046346e-03
2 4 -1 -1 6.476196e+01 1.454049e-03
2 3 -1 -1 2.433038e+01 5.462709e-04
5 
-1 -1 1 2 3.424600e+01 7.688984e-04
-1 -1 0 2 2.088298e+01 4.688692e-04
0 1 3 4 4.553271e+01 1.022310e-03
2 4 -1 -1 1.039281e+02 2.333416e-03
2 3 -1 -1 2.507420e+01 5.629712e-04
5 
-1 -1 1 2 1.805624e+01 4.054025e-04
-1 -1 0 2 1.271345e+01 2.854452e-04
0 1 3 4 4.438383e+01 9.965152e-04
2 4 -1 -1 1.091571e+02 2.450818e-03
2 3 -1 -1 4.696481e+01 1.054464e-03
5 
-1 -1 1 2 6.804082e+01 1.527667e-03
-1 -1 0 2 6.366575e+01 1.429437e-03
0 1 3 4 9.603881e+01 2.156284e-03
2 4 -1 -1 8.597136e+01 1.930247e-03
2 3 -1 -1 1.211047e+02 2.719070e-03
5 
-1 -1 1 2 1.055331e+02 2.369452e-03
-1 -1 0 2 1.988587e+01 4.464818e-04
0 1 3 4 3.239496e+01 7.273385e-04
2 4 -1 -1 3.631567e+01 8.153671e-04
2 3 -1 -1 5.897313e+01 1.324077e-03
5 
-1 -1 1 2 2.057611e+01 4.619792e-04
-1 -1 0 2 7.219158e+01 1.620861e-03
0 1 3 4 2.818763e+01 6.328746e-04
2 4 -1 -1 1.952695e+01 4.384232e-04
2 3 -1 -1 7.011334e+01 1.574200e-03
5 
-1 -1 1 2 3.474647e+01 7.801351e-04
-1 -1 0 2 4.351623e+01 9.770357e-04
0 1 3 4 4.242792e+01 9.526007e-04
2 4 -1 -1 7.453727e+01 1.673527e-03
2 3 -1 -1 6.061886e+01 1.361028e-03
5 
-1 -1 1 2 1.536549e+01 3.449893e-04
-1 -1 0 2 1.915546e+01 4.300825e-04
0 1 3 4 4.218645e+01 9.471791e-04
2 4 -1 -1 7.656943e+01 1.719153e-03
2 3 -1 -1 5.320227e+01 1.194509e-03
5 
-1 -1 1 2 2.179831e+01 4.894202e-04
-1 -1 0 2 2.959391e+01 6.644489e-04
0 1 3 4 5.026875e+01 1.128645e-03
2 4 -1 -1 8.857375e+00 1.988677e-04
2 3 -1 -1 4.033281e+01 9.055609e-04
5 
-1 -1 1 2 6.404156e+01 1.437875e-03
-1 -1 0 2 9.679209e+00 2.173197e-04
0 1 3 4 3.484329e+01 7.823091e-04
2 4 -1 -1 4.616454e+01 1.036496e-03
2 3 -1 -1 1.679040e+01 3.769817e-04
5 
-1 -1 1 2 3.364488e+01 7.554019e-04
-1 -1 0 2 2.845412e+01 6.388580e-04
0 1 3 4 4.269053e+01 9.584969e-04
2 4 -1 -1 6.111784e+01 1.372231e-03
2 3 -1 -1 6.273210e+01 1.408475e-03
5 
-1 -1 1 2 6.780356e+01 1.522340e-03
-1 -1 0 2 1.133873e+01 2.545795e-04
0 1 3 4 4.813945e+01 1.080837e-03
2 4 -1 -1 1.627650e+01 3.654435e-04
2 3 -1 -1 8.564600e+01 1.922942e-03
5 
-1 -1 1 2 3.456343e+01 7.760256e-04
-1 -1 0 2 2.091315e+01 4.695465e-04
0 1 3 4 7.228269e+01 1.622906e-03
2 4 -1 -1 3.056866e+01 6.863341e-04
2 3 -1 -1 4.369827e+01 9.811230e-04
5 
-1 -1 1 2 2.044084e+01 4.589422e-04
-1 -1 0 2 3.817099e+01 8.570232e-04
0 1 3 4 3.257615e+01 7.314067e-04
2 4 -1 -1 2.747695e+01 6.169183e-04
2 3 -1 -1 4.839396e+01 1.086551e-03
5 
-1 -1 1 2 4.759991e+01 1.068723e-03
-1 -1 0 2 1.391763e+01 3.124817e-04
0 1 3 4 8.406598e+01 1.887467e-03
2 4 -1 -1 3.457198e+01 7.762174e-04
2 3 -1 -1 1.246297e+01 2.798213e-04
5 
-1 -1 1 2 8.067230e+01 1.811272e-03
-1 -1 0 2 7.107230e+01 1.595731e-03
0 1 3 4 3.893041e+01 8.740738e-04
2 4 -1 -1 2.221261e+01 4.987223e-04
2 3 -1 -1 3.696481e+01 8.299419e-04
5 
-1 -1 1 2 1.132921e+02 2.543658e-03
-1 -1 0 2 2.205571e+01 4.951995e-04
0 1 3 4 4.198232e+01 9.425959e-04
2 4 -1 -1 2.592590e+01 5.820938e-04
2 3 -1 -1 3.406544e+01 7.648444e-04
5 
-1 -1 1 2 2.794170e+01 6.273529e-04
-1 -1 0 2 1.807286e+01 4.057757e-04
0 1 3 4 6.020010e+01 1.351625e-03
2 4 -1 -1 5.276242e+01 1.184633e-03
2 3 -1 -1 3.238616e+01 7.271409e-04
5 
-1 -1 1 2 2.275292e+01 5.108535e-04
-1 -1 0 2 1.551654e+01 3.483806e-04
0 1 3 4 3.204141e+01 7.194006e-04
2 4 -1 -1 1.649430e+01 3.703336e-04
2 3 -1 -1 6.206381e+01 1.393470e-03
5 
-1 -1 1 2 3.357181e+01 7.537615e-04
-1 -1 0 2 2.438495e+01 5.474962e-04
0 1 3 4 6.150666e+01 1.380961e-03
2 4 -1 -1 1.804528e+01 4.051564e-04
2 3 -1 -1 2.169366e+01 4.870707e-04
5 
-1 -1 1 2 5.543863e+01 1.244720e-03
-1 -1 0 2 4.376170e+01 9.825470e-04
0 1 3 4 5.134272e+01 1.152758e-03
2 4 -1 -1 2.490968e+01 5.592774e-04
2 3 -1 -1 1.552726e+01 3.486214e-04
5 
-1 -1 1 2 3.954058e+01 8.877736e-04
-1 -1 0 2 4.029492e+01 9.047102e-04
0 1 3 4 7.202177e+01 1.617048e-03
2 4 -1 -1 2.119122e+01 4.757899e-04
2 3 -1 -1 4.563341e+01 1.024571e-03
5 
-1 -1 1 2 6.961895e+01 1.563100e-03
-1 -1 0 2 2.895571e+01 6.501197e-04
0 1 3 4 5.949120e+01 1.335709e-03
2 4 -1 -1 3.099545e+01 6.959165e-04
2 3 -1 -1 4.217083e+01 9.468285e-04
5 
-1 -1 1 2 6.043284e+01 1.356851e-03
-1 -1 0 2 3.094373e+01 6.947553e-04
0 1 3 4 3.946870e+01 8.861597e-04
2 4 -1 -1 1.975420e+01 4.435255e-04
2 3 -1 -1 7.538977e+01 1.692667e-03
5 
-1 -1 1 2 4.113412e+01 9.235520e-04
-1 -1 0 2 3.330331e+01 7.477331e-04
0 1 3 4 6.575147e+01 1.476266e-03
2 4 -1 -1 4.349712e+01 9.766066e-04
2 3 -1 -1 2.181206e+01 4.897290e-04
5 
-1 -1 1 2 1.109089e+02 2.490151e-03
-1 -1 0 2 2.724782e+01 6.117738e-04
0 1 3 4 5.963478e+01 1.338933e-03
2 4 -1 -1 2.673358e+01 6.002280e-04
2 3 -1 -1 1.522701e+02 3.418801e-03
5 
-1 -1 1 2 1.527624e+02 3.429854e-03
-1 -1 0 2 1.447128e+02 3.249123e-03
0 1 3 4 3.529307e+01 7.924076e-04
2 4 -1 -1 9.885186e+00 2.219443e-04
2 3 -1 -1 1.501083e+01 3.370263e-04
5 
-1 -1 1 2 4.697474e+01 1.054687e-03
-1 -1 0 2 2.615080e+01 5.871433e-04
0 1 3 4 4.936221e+01 1.108291e-03
2 4 -1 -1 1.095593e+02 2.459849e-03
2 3 -1 -1 5.390743e+01 1.210341e-03
5 
-1 -1 1 2 7.335763e+01 1.647041e-03
-1 -1 0 2 4.133086e+01 9.279694e-04
0 1 3 4 3.884814e+01 8.722267e-04
2 4 -1 -1 3.443336e+01 7.731051e-04
2 3 -1 -1 2.513889e+01 5.644238e-04
5 
-1 -1 1 2 7.964911e+01 1.788299e-03
-1 -1 0 2 5.249769e+01 1.178689e-03
0 1 3 4 3.269202e+01 7.340082e-04
2 4 -1 -1 5.899902e+01 1.324659e-03
2 3 -1 -1 2.165753e+02 4.862596e-03
5 
-1 -1 1 2 1.842935e+01 4.137797e-04
-1 -1 0 2 5.410994e+01 1.214888e-03
0 1 3 4 5.951692e+01 1.336287e-03
2 4 -1 -1 6.638471e+01 1.490484e-03
2 3 -1 -1 5.400254e+01 1.212477e-03
5 
-1 -1 1 2 9.076852e+00 2.037954e-04
-1 -1 0 2 6.511285e+01 1.461928e-03
0 1 3 4 6.805847e+01 1.528063e-03
2 4 -1 -1 2.993047e+01 6.720053e-04
2 3 -1 -1 6.192851e+01 1.390432e-03
5 
-1 -1 1 2 7.817745e+01 1.755257e-03
-1 -1 0 2 5.246237e+01 1.177896e-03
0 1 3 4 5.783127e+01 1.298440e-03
2 4 -1 -1 3.578093e+01 8.033611e-04
2 3 -1 -1 2.683756e+01 6.025626e-04
5 
-1 -1 1 2 3.058877e+01 6.867857e-04
-1 -1 0 2 2.563814e+01 5.756330e-04
0 1 3 4 5.428172e+01 1.218745e-03
2 4 -1 -1 4.267071e+01 9.580518e-04
2 3 -1 -1 1.877909e+01 4.216321e-04
5 
-1 -1 1 2 2.550950e+01 5.727446e-04
-1 -1 0 2 2.432018e+01 5.460419e-04
0 1 3 4 5.092987e+01 1.143488e-03
2 4 -1 -1 1.509023e+01 3.388090e-04
2 3 -1 -1 5.920451e+01 1.329272e-03
5 
-1 -1 1 2 2.511024e+01 5.637805e-04
-1 -1 0 2 6.262220e+01 1.406007e-03
0 1 3 4 6.407448e+01 1.438614e-03
2 4 -1 -1 3.573982e+01 8.024380e-04
2 3 -1 -1 6.608539e+01 1.483763e-03
5 
-1 -1 1 2 4.480741e+01 1.006026e-03
-1 -1 0 2 4.437804e+01 9.963852e-04
0 1 3 4 6.538555e+01 1.468050e-03
2 4 -1 -1 3.454407e+01 7.755909e-04
2 3 -1 -1 8.527276e+01 1.914562e-03
5 
-1 -1 1 2 5.970488e+01 1.340507e-03
-1 -1 0 2 3.746379e+01 8.411449e-04
0 1 3 4 7.369498e+01 1.654615e-03
2 4 -1 -1 7.283179e+01 1.635235e-03
2 3 -1 -1 4.774234e+01 1.071921e-03
5 
-1 -1 1 2 3.096568e+01 6.952480e-04
-1 -1 0 2 2.452674e+01 5.506795e-04
0 1 3 4 9.900985e+01 2.222990e-03
2 4 -1 -1 1.770652e+01 3.975506e-04
2 3 -1 -1 1.946369e+01 4.370030e-04
5 
-1 -1 1 2 3.466691e+01 7.783488e-04
-1 -1 0 2 1.969416e+01 4.421775e-04
0 1 3 4 4.241203e+01 9.522440e-04
2 4 -1 -1 1.960647e+01 4.402087e-04
2 3 -1 -1 3.484561e+01 7.823611e-04
5 
-1 -1 1 2 5.082490e+01 1.141131e-03
-1 -1 0 2 3.539923e+01 7.947911e-04
0 1 3 4 3.197210e+01 7.178443e-04
2 4 -1 -1 3.539307e+01 7.946528e-04
2 3 -1 -1 2.194179e+01 4.926417e-04
5 
-1 -1 1 2 3.898363e+01 8.752687e-04
-1 -1 0 2 2.204972e+01 4.950649e-04
0 1 3 4 7.502661e+01 1.684514e-03
2 4 -1 -1 1.855755e+02 4.166582e-03
2 3 -1 -1 6.017671e+01 1.351100e-03
5 
-1 -1 1 2 1.799020e+01 4.039199e-04
-1 -1 0 2 4.916407e+01 1.103842e-03
0 1 3 4 2.490749e+01 5.592282e-04
2 4 -1 -1 2.505516e+01 5.625439e-04
2 3 -1 -1 9.136471e+01 2.051340e-03
5 
-1 -1 1 2 6.597362e+01 1.481254e-03
-1 -1 0 2 5.916614e+01 1.328411e-03
0 1 3 4 3.263533e+01 7.327355e-04
2 4 -1 -1 1.063270e+02 2.387276e-03
2 3 -1 -1 8.556693e+01 1.921167e-03
5 
-1 -1 1 2 9.243474e+01 2.075365e-03
-1 -1 0 2 1.023759e+01 2.298566e-04
0 1 3 4 3.732443e+01 8.380161e-04
2 4 -1 -1 1.750198e+01 3.929582e-04
2 3 -1 -1 3.912315e+01 8.784013e-04
5 
-1 -1 1 2 1.175265e+02 2.638729e-03
-1 -1 0 2 5.287345e+01 1.187126e-03
0 1 3 4 3.340010e+01 7.499062e-04
2 4 -1 -1 8.380486e+00 1.881605e-04
2 3 -1 -1 4.888395e+01 1.097553e-03
5 
-1 -1 1 2 2.683405e+01 6.024839e-04
-1 -1 0 2 3.177542e+01 7.134285e-04
0 1 3 4 2.833417e+01 6.361649e-04
2 4 -1 -1 1.887366e+01 4.237554e-04
2 3 -1 -1 4.208502e+01 9.449017e-04
5 
-1 -1 1 2 2.818407e+01 6.327948e-04
-1 -1 0 2 3.954836e+01 8.879481e-04
0 1 3 4 2.093736e+01 4.700901e-04
2 4 -1 -1 5.346155e+00 1.200330e-04
2 3 -1 -1 8.039932e+01 1.805143e-03
5 
-1 -1 1 2 3.766466e+01 8.456549e-04
-1 -1 0 2 3.450973e+01 7.748198e-04
0 1 3 4 6.552535e+01 1.471189e-03
2 4 -1 -1 1.461536e+01 3.281473e-04
2 3 -1 -1 3.367976e+01 7.561851e-04
5 
-1 -1 1 2 7.982236e+00 1.792189e-04
-1 -1 0 2 3.935691e+01 8.836498e-04
0 1 3 4 2.052673e+01 4.608706e-04
2 4 -1 -1 1.048554e+01 2.354236e-04
2 3 -1 -1 2.088059e+01 4.688154e-04
5 
-1 -1 1 2 3.242323e+01 7.279733e-04
-1 -1 0 2 2.148345e+01 4.823510e-04
0 1 3 4 9.502626e+01 2.133550e-03
2 4 -1 -1 4.268439e+01 9.583589e-04
2 3 -1 -1 1.077193e+02 2.418536e-03
5 
-1 -1 1 2 1.089281e+01 2.445677e-04
-1 -1 0 2 6.258663e+01 1.405208e-03
0 1 3 4 5.988096e+01 1.344460e-03
2 4 -1 -1 3.116859e+01 6.998039e-04
2 3 -1 -1 8.299124e+01 1.863337e-03
5 
-1 -1 1 2 6.298298e+01 1.414107e-03
-1 -1 0 2 5.373387e+01 1.206444e-03
0 1 3 4 7.592575e+01 1.704701e-03
2 4 -1 -1 3.281781e+01 7.368324e-04
2 3 -1 -1 5.382726e+01 1.208541e-03
5 
-1 -1 1 2 1.258583e+01 2.825797e-04
-1 -1 0 2 9.130138e+00 2.049918e-04
0 1 3 4 4.009894e+01 9.003099e-04
2 4 -1 -1 2.514763e+01 5.646199e-04
2 3 -1 -1 6.362108e+00 1.428434e-04
5 
-1 -1 1 2 5.798787e+01 1.301956e-03
-1 -1 0 2 4.675026e+01 1.049647e-03
0 1 3 4 7.264800e+01 1.631108e-03
2 4 -1 -1 3.611014e+01 8.107526e-04
2 3 -1 -1 2.564676e+01 5.758264e-04
5 
-1 -1 1 2 7.015626e+01 1.575163e-03
-1 -1 0 2 1.285783e+01 2.886868e-04
0 1 3 4 4.306199e+01 9.668369e-04
2 4 -1 -1 3.044042e+01 6.834547e-04
2 3 -1 -1 3.987641e+01 8.953137e-04
5 
-1 -1 1 2 6.654220e+01 1.494020e-03
-1 -1 0 2 3.228521e+01 7.248745e-04
0 1 3 4 3.669702e+01 8.239293e-04
2 4 -1 -1 5.352991e+01 1.201865e-03
2 3 -1 -1 2.090367e+01 4.693336e-04
5 
-1 -1 1 2 3.640240e+01 8.173144e-04
-1 -1 0 2 4.663236e+01 1.047000e-03
0 1 3 4 7.797594e+01 1.750732e-03
2 4 -1 -1 1.224883e+01 2.750133e-04
2 3 -1 -1 1.932890e+01 4.339765e-04
5 
-1 -1 1 2 1.275943e+01 2.864775e-04
-1 -1 0 2 4.498310e+01 1.009970e-03
0 1 3 4 1.786358e+01 4.010768e-04
2 4 -1 -1 4.246538e+01 9.534419e-04
2 3 -1 -1 1.826829e+01 4.101636e-04
5 
-1 -1 1 2 3.317428e+01 7.448361e-04
-1 -1 0 2 9.487624e+00 2.130182e-04
0 1 3 4 6.102431e+01 1.370131e-03
2 4 -1 -1 1.353994e+01 3.040016e-04
2 3 -1 -1 3.425714e+01 7.691486e-04
5 
-1 -1 1 2 1.676931e+01 3.765081e-04
-1 -1 0 2 2.776653e+01 6.234202e-04
0 1 3 4 4.500638e+01 1.010493e-03
2 4 -1 -1 1.645260e+01 3.693972e-04
2 3 -1 -1 4.177929e+01 9.380375e-04
5 
-1 -1 1 2 5.360620e+01 1.203578e-03
-1 -1 0 2 1.056293e+02 2.371611e-03
0 1 3 4 4.119338e+01 9.248825e-04
2 4 -1 -1 1.299662e+02 2.918030e-03
2 3 -1 -1 3.445791e+01 7.736563e-04
5 
-1 -1 1 2 3.442731e+01 7.729694e-04
-1 -1 0 2 2.905429e+01 6.523330e-04
0 1 3 4 4.585905e+01 1.029637e-03
2 4 -1 -1 2.063867e+01 4.633838e-04
2 3 -1 -1 1.002958e+02 2.251862e-03
5 
-1 -1 1 2 2.890919e+01 6.490753e-04
-1 -1 0 2 3.206315e+01 7.198887e-04
0 1 3 4 1.963612e+01 4.408743e-04
2 4 -1 -1 3.509562e+01 7.879744e-04
2 3 -1 -1 3.306081e+01 7.422883e-04
5 
-1 -1 1 2 6.672193e+01 1.498055e-03
-1 -1 0 2 3.488909e+01 7.833372e-04
0 1 3 4 4.513953e+01 1.013482e-03
2 4 -1 -1 1.126607e+01 2.529482e-04
2 3 -1 -1 2.678112e+01 6.012954e-04
5 
-1 -1 1 2 4.760341e+01 1.068802e-03
-1 -1 0 2 7.335251e+01 1.646926e-03
0 1 3 4 5.035151e+01 1.130503e-03
2 4 -1 -1 4.855026e+01 1.090061e-03
2 3 -1 -1 2.539571e+01 5.701900e-04
5 
-1 -1 1 2 6.028937e+01 1.353630e-03
-1 -1 0 2 2.991814e+01 6.717285e-04
0 1 3 4 4.409423e+01 9.900132e-04
2 4 -1 -1 2.361438e+01 5.301951e-04
2 3 -1 -1 2.498877e+01 5.610532e-04
5 
-1 -1 1 2 3.028960e+01 6.800686e-04
-1 -1 0 2 9.704664e+01 2.178912e-03
0 1 3 4 5.244439e+01 1.177493e-03
2 4 -1 -1 1.994555e+01 4.478219e-04
2 3 -1 -1 3.347809e+01 7.516573e-04
5 
-1 -1 1 2 8.908590e+01 2.000176e-03
-1 -1 0 2 2.731572e+01 6.132983e-04
0 1 3 4 5.940157e+01 1.333697e-03
2 4 -1 -1 6.185506e+01 1.388783e-03
2 3 -1 -1 2.587895e+01 5.810398e-04
5 
-1 -1 1 2 6.573782e+01 1.475960e-03
-1 -1 0 2 3.266653e+01 7.334358e-04
0 1 3 4 2.388418e+01 5.362528e-04
2 4 -1 -1 8.121305e+01 1.823413e-03
2 3 -1 -1 6.874585e+01 1.543496e-03
5 
-1 -1 1 2 7.224462e+01 1.622052e-03
-1 -1 0 2 2.603566e+01 5.845581e-04
0 1 3 4 3.979889e+01 8.935732e-04
2 4 -1 -1 6.262533e+01 1.406077e-03
2 3 -1 -1 4.514272e+01 1.013554e-03
5 
-1 -1 1 2 4.724497e+01 1.060754e-03
-1 -1 0 2 7.427023e+00 1.667531e-04
0 1 3 4 5.508235e+01 1.236721e-03
2 4 -1 -1 1.945177e+01 4.367352e-04
2 3 -1 -1 3.757551e+01 8.436534e-04
5 
-1 -1 1 2 2.978488e+01 6.687366e-04
-1 -1 0 2 3.927241e+01 8.817525e-04
0 1 3 4 8.925847e+01 2.004050e-03
2 4 -1 -1 3.808057e+01 8.549930e-04
2 3 -1 -1 3.499763e+01 7.857742e-04
5 
-1 -1 1 2 2.245938e+01 5.042629e-04
-1 -1 0 2 2.605829e+01 5.850664e-04
0 1 3 4 4.591847e+01 1.030971e-03
2 4 -1 -1 4.649520e+01 1.043920e-03
2 3 -1 -1 6.171246e+01 1.385581e-03
5 
-1 -1 1 2 5.383367e+01 1.208685e-03
-1 -1 0 2 2.150674e+01 4.828740e-04
0 1 3 4 4.313910e+01 9.685683e-04
2 4 -1 -1 3.512520e+01 7.886385e-04
2 3 -1 -1 2.869296e+01 6.442204e-04
5 
-1 -1 1 2 2.661735e+01 5.976184e-04
-1 -1 0 2 9.755037e+01 2.190222e-03
0 1 3 4 2.437389e+01 5.472477e-04
2 4 -1 -1 2.204693e+01 4.950023e-04
2 3 -1 -1 1.849213e+02 4.151894e-03
5 
-1 -1 1 2 3.073632e+01 6.900984e-04
-1 -1 0 2 1.296025e+01 2.909864e-04
0 1 3 4 1.296053e+02 2.909927e-03
2 4 -1 -1 2.489740e+01 5.590017e-04
2 3 -1 -1 6.354168e+01 1.426651e-03
5 
-1 -1 1 2 3.947215e+01 8.862372e-04
-1 -1 0 2 9.286449e+01 2.085013e-03
0 1 3 4 3.366655e+01 7.558885e-04
2 4 -1 -1 3.224249e+01 7.239152e-04
2 3 -1 -1 2.621906e+01 5.886759e-04
5 
-1 -1 1 2 7.650574e+00 1.717723e-04
-1 -1 0 2 4.856461e+01 1.090383e-03
0 1 3 4 9.710741e+01 2.180276e-03
2 4 -1 -1 1.229476e+01 2.760445e-04
2 3 -1 -1 3.972069e+01 8.918175e-04
5 
-1 -1 1 2 3.111985e+01 6.987096e-04
-1 -1 0 2 2.824107e+01 6.340745e-04
0 1 3 4 6.868361e+01 1.542099e-03
2 4 -1 -1 6.156856e+01 1.382350e-03
2 3 -1 -1 3.413197e+01 7.663383e-04
5 
-1 -1 1 2 3.588704e+01 8.057436e-04
-1 -1 0 2 6.074188e+01 1.363790e-03
0 1 3 4 2.974997e+01 6.679526e-04
2 4 -1 -1 1.992366e+01 4.473302e-04
2 3 -1 -1 1.015556e+02 2.280147e-03
5 
-1 -1 1 2 1.004407e+01 2.255117e-04
-1 -1 0 2 3.272978e+01 7.348561e-04
0 1 3 4 5.184506e+01 1.164036e-03
2 4 -1 -1 3.384546e+01 7.599054e-04
2 3 -1 -1 2.223326e+01 4.991858e-04
5 
-1 -1 1 2 6.152356e+01 1.381340e-03
-1 -1 0 2 4.373438e+01 9.819337e-04
0 1 3 4 6.444940e+01 1.447032e-03
2 4 -1 -1 1.308689e+01 2.938296e-04
2 3 -1 -1 1.247799e+01 2.801585e-04
5 
-1 -1 1 2 1.689070e+01 3.792336e-04
-1 -1 0 2 1.385595e+01 3.110967e-04
0 1 3 4 4.687804e+01 1.052516e-03
2 4 -1 -1 5.397577e+01 1.211875e-03
2 3 -1 -1 3.182513e+01 7.145445e-04
5 
-1 -1 1 2 2.519903e+01 5.657740e-04
-1 -1 0 2 3.278431e+01 7.360804e-04
0 1 3 4 3.414667e+01 7.666684e-04
2 4 -1 -1 1.606352e+01 3.606617e-04
2 3 -1 -1 1.822257e+01 4.091370e-04
5 
-1 -1 1 2 7.730740e+01 1.735722e-03
-1 -1 0 2 4.726922e+01 1.061299e-03
0 1 3 4 3.787665e+01 8.504147e-04
2 4 -1 -1 1.567803e+01 3.520065e-04
2 3 -1 -1 1.842468e+01 4.136748e-04
5 
-1 -1 1 2 2.371885e+01 5.325407e-04
-1 -1 0 2 3.254707e+01 7.307538e-04
0 1 3 4 9.977490e+01 2.240167e-03
2 4 -1 -1 1.396282e+02 3.134963e-03
2 3 -1 -1 1.034245e+02 2.322110e-03
5 
-1 -1 1 2 1.907567e+01 4.282910e-04
-1 -1 0 2 2.331347e+01 5.234390e-04
0 1 3 4 2.648592e+01 5.946676e-04
2 4 -1 -1 2.486057e+01 5.581749e-04
2 3 -1 -1 2.693053e+01 6.046500e-04
5 
-1 -1 1 2 5.150306e+01 1.156358e-03
-1 -1 0 2 9.322034e+01 2.093003e-03
0 1 3 4 1.576697e+01 3.540034e-04
2 4 -1 -1 3.705469e+01 8.319598e-04
2 3 -1 -1 7.505488e+01 1.685148e-03
5 
-1 -1 1 2 3.048735e+01 6.845084e-04
-1 -1 0 2 5.356611e+01 1.202678e-03
0 1 3 4 3.418238e+01 7.674700e-04
2 4 -1 -1 2.944975e+01 6.612121e-04
2 3 -1 -1 1.124158e+01 2.523985e-04
5 
-1 -1 1 2 1.892546e+01 4.249185e-04
-1 -1 0 2 1.820029e+01 4.086367e-04
0 1 3 4 2.610032e+01 5.860100e-04
2 4 -1 -1 3.791636e+01 8.513063e-04
2 3 -1 -1 1.979045e+01 4.443393e-04
5 
-1 -1 1 2 7.325272e+01 1.644686e-03
-1 -1 0 2 3.469908e+01 7.790711e-04
0 1 3 4 5.203880e+01 1.168386e-03
2 4 -1 -1 1.106107e+01 2.483456e-04
2 3 -1 -1 8.652887e+01 1.942765e-03
5 
-1 -1 1 2 2.197010e+01 4.932773e-04
-1 -1 0 2 3.871819e+01 8.693090e-04
0 1 3 4 3.236167e+01 7.265912e-04
2 4 -1 -1 4.491135e+01 1.008359e-03
2 3 -1 -1 1.765611e+01 3.964186e-04
5 
-1 -1 1 2 2.359034e+01 5.296553e-04
-1 -1 0 2 1.678293e+01 3.768140e-04
0 1 3 4 5.447498e+01 1.223084e-03
2 4 -1 -1 2.599265e+01 5.835926e-04
2 3 -1 -1 1.612413e+01 3.620224e-04
5 
-1 -1 1 2 3.527698e+01 7.920462e-04
-1 -1 0 2 3.977034e+01 8.929322e-04
0 1 3 4 6.142160e+01 1.379051e-03
2 4 -1 -1 9.026074e+01 2.026553e-03
2 3 -1 -1 2.113420e+01 4.745097e-04
5 
-1 -1 1 2 2.020492e+01 4.536452e-04
-1 -1 0 2 3.312060e+01 7.436309e-04
0 1 3 4 4.527796e+01 1.016590e-03
2 4 -1 -1 4.428119e+01 9.942106e-04
2 3 -1 -1 3.962032e+01 8.895639e-04
5 
-1 -1 1 2 3.007335e+01 6.752132e-04
-1 -1 0 2 9.923877e+01 2.228130e-03
0 1 3 4 4.402582e+01 9.884771e-04
2 4 -1 -1 2.147424e+01 4.821442e-04
2 3 -1 -1 5.649019e+01 1.268330e-03
5 
-1 -1 1 2 2.407917e+01 5.406308e-04
-1 -1 0 2 7.423964e+01 1.666844e-03
0 1 3 4 3.993570e+01 8.966449e-04
2 4 -1 -1 3.790062e+01 8.509527e-04
2 3 -1 -1 4.663314e+01 1.047017e-03
5 
-1 -1 1 2 4.275558e+01 9.599573e-04
-1 -1 0 2 3.101504e+01 6.963563e-04
0 1 3 4 6.102174e+01 1.370073e-03
2 4 -1 -1 4.042198e+01 9.075629e-04
2 3 -1 -1 6.696225e+00 1.503451e-04
5 
-1 -1 1 2 3.944824e+01 8.857004e-04
-1 -1 0 2 1.497429e+01 3.362060e-04
0 1 3 4 2.976444e+01 6.682775e-04
2 4 -1 -1 4.004005e+01 8.989878e-04
2 3 -1 -1 2.699299e+01 6.060523e-04
5 
-1 -1 1 2 2.138079e+01 4.800461e-04
-1 -1 0 2 3.859738e+01 8.665966e-04
0 1 3 4 2.477227e+01 5.561922e-04
2 4 -1 -1 1.970300e+01 4.423759e-04
2 3 -1 -1 4.384496e+01 9.844164e-04
5 
-1 -1 1 2 4.010834e+01 9.005210e-04
-1 -1 0 2 5.049103e+01 1.133635e-03
0 1 3 4 5.609382e+01 1.259430e-03
2 4 -1 -1 1.763816e+01 3.960157e-04
2 3 -1 -1 1.744677e+02 3.917187e-03
5 
-1 -1 1 2 2.189220e+01 4.915282e-04
-1 -1 0 2 5.330177e+01 1.196743e-03
0 1 3 4 5.727760e+01 1.286009e-03
2 4 -1 -1 7.250483e+01 1.627894e-03
2 3 -1 -1 9.417066e+01 2.114340e-03
5 
-1 -1 1 2 3.213323e+01 7.214621e-04
-1 -1 0 2 6.866040e+01 1.541578e-03
0 1 3 4 7.026144e+01 1.577525e-03
2 4 -1 -1 3.104045e+01 6.969268e-04
2 3 -1 -1 4.608843e+01 1.034787e-03
5 
-1 -1 1 2 1.221172e+02 2.741800e-03
-1 -1 0 2 6.184437e+01 1.388543e-03
0 1 3 4 3.898404e+01 8.752779e-04
2 4 -1 -1 2.609214e+01 5.858263e-04
2 3 -1 -1 7.032232e+01 1.578892e-03
5 
-1 -1 1 2 9.982122e+00 2.241207e-04
-1 -1 0 2 5.365409e+01 1.204653e-03
0 1 3 4 6.491386e+01 1.457460e-03
2 4 -1 -1 2.034753e+01 4.568472e-04
2 3 -1 -1 2.094520e+01 4.702661e-04
5 
-1 -1 1 2 1.647859e+01 3.699807e-04
-1 -1 0 2 4.425261e+01 9.935691e-04
0 1 3 4 4.307801e+01 9.671967e-04
2 4 -1 -1 9.348050e+01 2.098844e-03
2 3 -1 -1 7.769961e+01 1.744528e-03
5 
-1 -1 1 2 1.760629e+01 3.953003e-04
-1 -1 0 2 3.893041e+01 8.740739e-04
0 1 3 4 3.274107e+01 7.351096e-04
2 4 -1 -1 3.211800e+01 7.211201e-04
2 3 -1 -1 1.377335e+01 3.092422e-04
5 
-1 -1 1 2 2.177071e+01 4.888006e-04
-1 -1 0 2 1.714959e+01 3.850463e-04
0 1 3 4 3.772033e+01 8.469048e-04
2 4 -1 -1 2.675604e+01 6.007322e-04
2 3 -1 -1 3.822391e+01 8.582113e-04
5 
-1 -1 1 2 5.717644e+01 1.283738e-03
-1 -1 0 2 3.427716e+01 7.695981e-04
0 1 3 4 4.672862e+01 1.049161e-03
2 4 -1 -1 5.107316e+01 1.146706e-03
2 3 -1 -1 3.022305e+01 6.785745e-04
5 
-1 -1 1 2 2.578378e+01 5.789030e-04
-1 -1 0 2 9.804484e+01 2.201324e-03
0 1 3 4 6.462487e+01 1.450971e-03
2 4 -1 -1 2.733717e+01 6.137801e-04
2 3 -1 -1 4.836644e+00 1.085934e-04
5 
-1 -1 1 2 2.798331e+01 6.282873e-04
-1 -1 0 2 1.593701e+01 3.578212e-04
0 1 3 4 4.593425e+01 1.031326e-03
2 4 -1 -1 1.096796e+01 2.462550e-04
2 3 -1 -1 3.330289e+01 7.477237e-04
5 
-1 -1 1 2 3.150480e+01 7.073526e-04
-1 -1 0 2 6.076418e+01 1.364290e-03
0 1 3 4 4.580175e+01 1.028351e-03
2 4 -1 -1 6.007063e+01 1.348719e-03
2 3 -1 -1 3.096724e+01 6.952830e-04
