H 
4.000000e+01 
200 
5 
-1 -1 1 2 1.083252e+01 9.014565e-04
-1 -1 0 2 1.234416e+01 1.027251e-03
0 1 3 4 2.500000e-05 2.080440e-09
2 4 -1 -1 2.140098e+01 1.780938e-03
2 3 -1 -1 2.748417e+01 2.287166e-03
5 
-1 -1 1 2 2.302614e+01 1.916180e-03
-1 -1 0 2 1.856487e+01 1.544924e-03
0 1 3 4 2.757189e+01 2.294466e-03
2 4 -1 -1 1.212565e+01 1.009067e-03
2 3 -1 -1 2.629410e+00 2.188131e-04
5 
-1 -1 1 2 8.434550e+00 7.019029e-04
-1 -1 0 2 7.937564e+00 6.605449e-04
0 1 3 4 2.158339e+01 1.796117e-03
2 4 -1 -1 1.900448e+00 1.581507e-04
2 3 -1 -1 1.941735e+01 1.615865e-03
5 
-1 -1 1 2 1.111995e+01 9.253755e-04
-1 -1 0 2 1.302660e+01 1.084042e-03
0 1 3 4 1.735514e+01 1.444253e-03
2 4 -1 -1 2.500000e-05 2.080440e-09
2 3 -1 -1 1.874232e+00 1.559690e-04
5 
-1 -1 1 2 1.430119e+01 1.190110e-03
-1 -1 0 2 3.332502e+00 2.773228e-04
0 1 3 4 1.953397e+01 1.625570e-03
2 4 -1 -1 2.704041e+00 2.250238e-04
2 3 -1 -1 1.554362e+01 1.293502e-03
5 
-1 -1 1 2 1.715349e+01 1.427472e-03
-1 -1 0 2 6.027528e+00 5.015963e-04
0 1 3 4 9.029878e+00 7.514446e-04
2 4 -1 -1 4.429253e+00 3.685917e-04
2 3 -1 -1 3.291630e+01 2.739215e-03
5 
-1 -1 1 2 1.623971e+01 1.351430e-03
-1 -1 0 2 2.176040e+01 1.810848e-03
0 1 3 4 2.072947e+01 1.725056e-03
2 4 -1 -1 1.014757e+01 8.444567e-04
2 3 -1 -1 7.076919e+00 5.889242e-04
5 
-1 -1 1 2 1.353700e+01 1.126516e-03
-1 -1 0 2 1.115173e+01 9.280200e-04
0 1 3 4 2.020808e+01 1.681668e-03
2 4 -1 -1 2.204775e+01 1.834761e-03
2 3 -1 -1 2.138184e+01 1.779345e-03
5 
-1 -1 1 2 1.503351e+01 1.251052e-03
-1 -1 0 2 8.251825e+00 6.866970e-04
0 1 3 4 1.299424e+01 1.081349e-03
2 4 -1 -1 5.870117e+00 4.884969e-04
2 3 -1 -1 2.361631e+01 1.965292e-03
5 
-1 -1 1 2 6.683419e+00 5.561780e-04
-1 -1 0 2 1.223229e+01 1.017942e-03
0 1 3 4 7.680837e+00 6.391807e-04
2 4 -1 -1 6.258629e+00 5.208280e-04
2 3 -1 -1 2.500000e-05 2.080440e-09
5 
-1 -1 1 2 1.907294e+00 1.587204e-04
-1 -1 0 2 1.298309e+01 1.080421e-03
0 1 3 4 4.893346e+00 4.072125e-04
2 4 -1 -1 1.125945e+01 9.369845e-04
2 3 -1 -1 2.500000e-05 2.080440e-09
5 
-1 -1 1 2 1.408016e+01 1.171717e-03
-1 -1 0 2 2.744425e+01 2.283844e-03
0 1 3 4 2.860654e-01 2.380567e-05
2 4 -1 -1 7.816878e+00 6.505017e-04
2 3 -1 -1 7.591425e+00 6.317401e-04
5 
-1 -1 1 2 9.870309e+00 8.213833e-04
-1 -1 0 2 2.215143e+01 1.843388e-03
0 1 3 4 3.039359e+00 2.529281e-04
2 4 -1 -1 1.937172e+01 1.612068e-03
2 3 -1 -1 1.222891e+01 1.017660e-03
5 
-1 -1 1 2 1.514245e+00 1.260119e-04
-1 -1 0 2 1.373786e+01 1.143231e-03
0 1 3 4 2.139417e+01 1.780371e-03
2 4 -1 -1 1.307585e+01 1.088141e-03
2 3 -1 -1 1.215776e+01 1.011740e-03
5 
-1 -1 1 2 1.702989e+01 1.417187e-03
-1 -1 0 2 7.482555e+00 6.226802e-04
0 1 3 4 1.488040e+01 1.238311e-03
2 4 -1 -1 7.233830e+00 6.019819e-04
2 3 -1 -1 3.199450e+01 2.662505e-03
5 
-1 -1 1 2 3.602907e+00 2.998252e-04
-1 -1 0 2 2.013883e+01 1.675905e-03
0 1 3 4 1.418560e+01 1.180491e-03
2 4 -1 -1 2.500000e-05 2.080440e-09
2 3 -1 -1 2.935378e+00 2.442751e-04
5 
-1 -1 1 2 4.010334e+01 3.337304e-03
-1 -1 0 2 1.091432e+00 9.082630e-05
0 1 3 4 2.214907e+01 1.843192e-03
2 4 -1 -1 7.751397e+00 6.450526e-04
2 3 -1 -1 3.014925e+01 2.508948e-03
5 
-1 -1 1 2 1.237148e+00 1.029524e-04
-1 -1 0 2 9.847949e+00 8.195226e-04
0 1 3 4 1.630678e+01 1.357011e-03
2 4 -1 -1 2.493978e+01 2.075429e-03
2 3 -1 -1 2.193022e+01 1.824980e-03
5 
-1 -1 1 2 2.500000e-05 2.080440e-09
-1 -1 0 2 1.220840e+01 1.015954e-03
0 1 3 4 3.246206e+01 2.701414e-03
2 4 -1 -1 1.820665e+01 1.515114e-03
2 3 -1 -1 3.016362e+00 2.510144e-04
5 
-1 -1 1 2 2.384676e+00 1.984470e-04
-1 -1 0 2 1.444193e+01 1.201823e-03
0 1 3 4 2.974821e+01 2.475574e-03
2 4 -1 -1 9.313446e+00 7.750425e-04
2 3 -1 -1 1.415104e+01 1.177615e-03
5 
-1 -1 1 2 9.558010e+00 7.953945e-04
-1 -1 0 2 1.646230e+01 1.369953e-03
0 1 3 4 9.887307e+00 8.227978e-04
2 4 -1 -1 1.075139e+01 8.947051e-04
2 3 -1 -1 2.500000e-05 2.080440e-09
5 
-1 -1 1 2 2.500000e-05 2.080440e-09
-1 -1 0 2 2.064171e+01 1.717753e-03
0 1 3 4 2.413525e+01 2.008477e-03
2 4 -1 -1 1.661674e+01 1.382805e-03
2 3 -1 -1 1.690149e+01 1.406501e-03
5 
-1 -1 1 2 1.455719e+01 1.211414e-03
-1 -1 0 2 1.418201e+01 1.180193e-03
0 1 3 4 2.500000e-05 2.080440e-09
2 4 -1 -1 6.574882e+00 5.471458e-04
2 3 -1 -1 1.672280e+01 1.391631e-03
5 
-1 -1 1 2 2.032185e+01 1.691135e-03
-1 -1 0 2 5.134109e+00 4.272482e-04
0 1 3 4 6.070298e+00 5.051556e-04
2 4 -1 -1 5.290657e+00 4.402757e-04
2 3 -1 -1 1.572830e+01 1.308871e-03
5 
-1 -1 1 2 1.177114e+01 9.795660e-04
-1 -1 0 2 8.937436e+00 7.437519e-04
0 1 3 4 1.536816e+01 1.278902e-03
2 4 -1 -1 9.374328e+00 7.801089e-04
2 3 -1 -1 1.299853e+01 1.081706e-03
5 
-1 -1 1 2 1.902814e+01 1.583476e-03
-1 -1 0 2 1.974217e+01 1.642896e-03
0 1 3 4 3.445794e+01 2.867506e-03
2 4 -1 -1 1.088948e+01 9.061961e-04
2 3 -1 -1 1.481291e+01 1.232694e-03
5 
-1 -1 1 2 9.277734e+00 7.720707e-04
-1 -1 0 2 6.787096e+00 5.648058e-04
0 1 3 4 7.411242e+00 6.167456e-04
2 4 -1 -1 2.251134e+01 1.873339e-03
2 3 -1 -1 2.662732e+01 2.215861e-03
5 
-1 -1 1 2 1.596919e+01 1.328917e-03
-1 -1 0 2 7.145318e+00 5.946162e-04
0 1 3 4 2.481804e+01 2.065298e-03
2 4 -1 -1 1.380802e+01 1.149070e-03
2 3 -1 -1 1.256470e+01 1.045604e-03
5 
-1 -1 1 2 2.500000e-05 2.080440e-09
-1 -1 0 2 1.305467e+01 1.086378e-03
0 1 3 4 1.134982e+01 9.445046e-04
2 4 -1 -1 3.472839e+00 2.890013e-04
2 3 -1 -1 1.444263e+01 1.201880e-03
5 
-1 -1 1 2 6.377978e+00 5.307600e-04
-1 -1 0 2 3.291998e+00 2.739521e-04
0 1 3 4 1.006012e+01 8.371786e-04
2 4 -1 -1 2.810029e+01 2.338438e-03
2 3 -1 -1 6.714321e+00 5.587496e-04
5 
-1 -1 1 2 1.119718e+01 9.318023e-04
-1 -1 0 2 5.173040e+00 4.304879e-04
0 1 3 4 2.985915e+00 2.484807e-04
2 4 -1 -1 1.617498e+01 1.346043e-03
2 3 -1 -1 2.408971e+00 2.004688e-04
5 
-1 -1 1 2 2.068882e+01 1.721673e-03
-1 -1 0 2 1.419085e+01 1.180928e-03
0 1 3 4 7.091788e+00 5.901615e-04
2 4 -1 -1 2.399430e+01 1.996748e-03
2 3 -1 -1 7.080026e+00 5.891827e-04
5 
-1 -1 1 2 2.264892e+01 1.884788e-03
-1 -1 0 2 2.337704e+01 1.945381e-03
0 1 3 4 1.347378e+01 1.121256e-03
2 4 -1 -1 1.234493e+01 1.027315e-03
2 3 -1 -1 1.680296e+01 1.398302e-03
5 
-1 -1 1 2 6.651791e+00 5.535460e-04
-1 -1 0 2 2.785886e+01 2.318347e-03
0 1 3 4 1.246145e+00 1.037012e-04
2 4 -1 -1 1.637836e-01 1.362968e-05
2 3 -1 -1 2.500000e-05 2.080440e-09
5 
-1 -1 1 2 2.053007e+01 1.708463e-03
-1 -1 0 2 1.464506e+01 1.218727e-03
0 1 3 4 2.664493e+01 2.217327e-03
2 4 -1 -1 1.127906e+01 9.386160e-04
2 3 -1 -1 7.361618e+00 6.126161e-04
5 
-1 -1 1 2 1.250160e+01 1.040353e-03
-1 -1 0 2 2.500000e-05 2.080440e-09
0 1 3 4 1.838671e+01 1.530097e-03
2 4 -1 -1 1.770354e+01 1.473246e-03
2 3 -1 -1 1.127039e+01 9.378950e-04
5 
-1 -1 1 2 5.413913e+00 4.505328e-04
-1 -1 0 2 7.372135e+00 6.134913e-04
0 1 3 4 4.887068e+00 4.066900e-04
2 4 -1 -1 2.448250e+00 2.037375e-04
2 3 -1 -1 7.448468e+00 6.198436e-04
5 
-1 -1 1 2 1.451758e+01 1.208118e-03
-1 -1 0 2 1.341796e+01 1.116611e-03
0 1 3 4 1.018473e+01 8.475489e-04
2 4 -1 -1 1.297351e+01 1.079625e-03
2 3 -1 -1 1.954446e+01 1.626443e-03
5 
-1 -1 1 2 2.500000e-05 2.080440e-09
-1 -1 0 2 1.475869e+01 1.228183e-03
0 1 3 4 5.502955e+00 4.579426e-04
2 4 -1 -1 1.849557e+01 1.539157e-03
2 3 -1 -1 1.854757e+01 1.543484e-03
5 
-1 -1 1 2 1.587114e+01 1.320758e-03
-1 -1 0 2 1.412602e+01 1.175533e-03
0 1 3 4 1.665750e+01 1.386197e-03
2 4 -1 -1 7.254639e-02 6.037136e-06
2 3 -1 -1 9.445372e+00 7.860211e-04
5 
-1 -1 1 2 2.541034e+01 2.114587e-03
-1 -1 0 2 1.077945e+01 8.970402e-04
0 1 3 4 2.122264e+01 1.766097e-03
2 4 -1 -1 1.450152e+01 1.206782e-03
2 3 -1 -1 8.145270e+00 6.778297e-04
5 
-1 -1 1 2 7.116354e+00 5.922058e-04
-1 -1 0 2 7.253190e+00 6.035930e-04
0 1 3 4 7.148064e+00 5.948446e-04
2 4 -1 -1 8.315594e+00 6.920036e-04
2 3 -1 -1 1.328044e+01 1.105166e-03
5 
-1 -1 1 2 7.544259e+00 6.278150e-04
-1 -1 0 2 1.607673e+01 1.337866e-03
0 1 3 4 1.359877e+01 1.131657e-03
2 4 -1 -1 1.351261e+01 1.124487e-03
2 3 -1 -1 1.464980e+01 1.219121e-03
5 
-1 -1 1 2 1.748822e+01 1.455328e-03
-1 -1 0 2 4.795479e+00 3.990682e-04
0 1 3 4 2.362325e+01 1.965870e-03
2 4 -1 -1 1.845130e+01 1.535472e-03
2 3 -1 -1 5.144493e+00 4.281123e-04
5 
-1 -1 1 2 1.846257e+01 1.536411e-03
-1 -1 0 2 1.975799e+01 1.644212e-03
0 1 3 4 5.904468e+00 4.913556e-04
2 4 -1 -1 2.110761e+01 1.756524e-03
2 3 -1 -1 2.500000e-05 2.080440e-09
5 
-1 -1 1 2 3.435595e-01 2.859020e-05
-1 -1 0 2 1.984138e+01 1.651152e-03
0 1 3 4 1.158936e+01 9.644387e-04
2 4 -1 -1 2.500000e-05 2.080440e-09
2 3 -1 -1 4.742340e+00 3.946461e-04
5 
-1 -1 1 2 3.957501e+00 3.293337e-04
-1 -1 0 2 9.099907e+00 7.572723e-04
0 1 3 4 6.642995e+00 5.528140e-04
2 4 -1 -1 3.308051e+00 2.752881e-04
2 3 -1 -1 1.476281e+01 1.228526e-03
5 
-1 -1 1 2 1.784149e+01 1.484726e-03
-1 -1 0 2 1.167694e+01 9.717268e-04
0 1 3 4 7.222889e+00 6.010714e-04
2 4 -1 -1 2.500000e-05 2.080440e-09
2 3 -1 -1 1.631511e+01 1.357704e-03
5 
-1 -1 1 2 1.629761e+01 1.356248e-03
-1 -1 0 2 1.839103e+01 1.530457e-03
0 1 3 4 2.613384e+01 2.174795e-03
2 4 -1 -1 9.902931e+00 8.240980e-04
2 3 -1 -1 2.561528e+00 2.131641e-04
5 
-1 -1 1 2 1.869041e+00 1.555371e-04
-1 -1 0 2 1.831354e+01 1.524009e-03
0 1 3 4 6.409115e+00 5.333511e-04
2 4 -1 -1 1.446251e+01 1.203535e-03
2 3 -1 -1 1.477879e+01 1.229855e-03
5 
-1 -1 1 2 2.105521e+01 1.752164e-03
-1 -1 0 2 6.064194e+00 5.046476e-04
0 1 3 4 1.227110e+01 1.021171e-03
2 4 -1 -1 1.532685e+01 1.275463e-03
2 3 -1 -1 1.535057e+01 1.277437e-03
5 
-1 -1 1 2 1.573911e+01 1.309771e-03
-1 -1 0 2 1.846131e+01 1.536306e-03
0 1 3 4 3.468657e+00 2.886533e-04
2 4 -1 -1 1.077926e+01 8.970238e-04
2 3 -1 -1 2.500000e-05 2.080440e-09
5 
-1 -1 1 2 1.017456e+01 8.467025e-04
-1 -1 0 2 2.187792e+01 1.820628e-03
0 1 3 4 2.758652e+01 2.295684e-03
2 4 -1 -1 1.757192e+01 1.462293e-03
2 3 -1 -1 8.953994e+00 7.451298e-04
5 
-1 -1 1 2 4.323545e+00 3.597950e-04
-1 -1 0 2 5.371644e+00 4.470152e-04
0 1 3 4 3.835464e+00 3.191781e-04
2 4 -1 -1 4.698069e-01 3.909620e-05
2 3 -1 -1 1.466630e+01 1.220495e-03
5 
-1 -1 1 2 1.606445e+01 1.336845e-03
-1 -1 0 2 2.500000e-05 2.080440e-09
0 1 3 4 9.641409e+00 8.023348e-04
2 4 -1 -1 2.500000e-05 2.080440e-09
2 3 -1 -1 2.311940e+01 1.923941e-03
5 
-1 -1 1 2 2.172378e+01 1.807801e-03
-1 -1 0 2 2.500000e-05 2.080440e-09
0 1 3 4 2.477776e+01 2.061945e-03
2 4 -1 -1 2.500000e-05 2.080440e-09
2 3 -1 -1 2.500000e-05 2.080440e-09
5 
-1 -1 1 2 1.714881e+01 1.427083e-03
-1 -1 0 2 1.010992e+01 8.413228e-04
0 1 3 4 4.428244e+01 3.685078e-03
2 4 -1 -1 1.201824e+00 1.000129e-04
2 3 -1 -1 9.693200e+00 8.066447e-04
5 
-1 -1 1 2 2.121420e+01 1.765395e-03
-1 -1 0 2 9.344960e+00 7.776651e-04
0 1 3 4 3.815960e+00 3.175550e-04
2 4 -1 -1 1.273816e+01 1.060039e-03
2 3 -1 -1 2.362266e+01 1.965821e-03
5 
-1 -1 1 2 1.901609e+01 1.582473e-03
-1 -1 0 2 1.874692e+01 1.560074e-03
0 1 3 4 9.569089e+00 7.963165e-04
2 4 -1 -1 6.788876e+00 5.649539e-04
2 3 -1 -1 9.213955e+00 7.667631e-04
5 
-1 -1 1 2 1.991472e+01 1.657255e-03
-1 -1 0 2 2.266071e+01 1.885770e-03
0 1 3 4 9.489131e+00 7.896626e-04
2 4 -1 -1 7.639171e+00 6.357134e-04
2 3 -1 -1 1.674172e+01 1.393206e-03
5 
-1 -1 1 2 1.237982e+01 1.030219e-03
-1 -1 0 2 1.864010e+01 1.551184e-03
0 1 3 4 2.027083e+01 1.686889e-03
2 4 -1 -1 2.205486e+01 1.835352e-03
2 3 -1 -1 2.117140e+01 1.761833e-03
5 
-1 -1 1 2 3.243906e+00 2.699500e-04
-1 -1 0 2 9.224482e+00 7.676392e-04
0 1 3 4 8.774694e+00 7.302089e-04
2 4 -1 -1 6.556412e+00 5.456088e-04
2 3 -1 -1 1.761575e+01 1.465941e-03
5 
-1 -1 1 2 1.519999e+01 1.264906e-03
-1 -1 0 2 1.445890e+01 1.203234e-03
0 1 3 4 2.058855e+01 1.713329e-03
2 4 -1 -1 1.329391e+01 1.106287e-03
2 3 -1 -1 1.330443e+01 1.107163e-03
5 
-1 -1 1 2 7.460966e-01 6.208836e-05
-1 -1 0 2 1.281908e+01 1.066773e-03
0 1 3 4 6.625244e+00 5.513368e-04
2 4 -1 -1 1.906473e+01 1.586521e-03
2 3 -1 -1 2.476609e+00 2.060975e-04
5 
-1 -1 1 2 2.689296e+00 2.237968e-04
-1 -1 0 2 2.439277e+01 2.029907e-03
0 1 3 4 3.336368e+00 2.776445e-04
2 4 -1 -1 2.645474e-02 2.201499e-06
2 3 -1 -1 2.494486e+01 2.075851e-03
5 
-1 -1 1 2 2.209242e+01 1.838478e-03
-1 -1 0 2 4.241904e+00 3.530010e-04
0 1 3 4 3.450697e+00 2.871587e-04
2 4 -1 -1 4.372327e+00 3.638545e-04
2 3 -1 -1 2.401861e+01 1.998771e-03
5 
-1 -1 1 2 1.634642e+01 1.360310e-03
-1 -1 0 2 9.284985e+00 7.726740e-04
0 1 3 4 1.118964e+01 9.311745e-04
2 4 -1 -1 1.308213e+01 1.088663e-03
2 3 -1 -1 1.899303e+01 1.580554e-03
5 
-1 -1 1 2 7.848485e+00 6.531320e-04
-1 -1 0 2 6.547549e+00 5.448712e-04
0 1 3 4 5.474193e+00 4.555491e-04
2 4 -1 -1 8.676193e+00 7.220119e-04
2 3 -1 -1 9.083135e+00 7.558765e-04
5 
-1 -1 1 2 1.560606e+01 1.298699e-03
-1 -1 0 2 1.268449e+00 1.055573e-04
0 1 3 4 4.220608e+00 3.512288e-04
2 4 -1 -1 1.529880e+01 1.273130e-03
2 3 -1 -1 1.136170e+01 9.454932e-04
5 
-1 -1 1 2 9.389027e+00 7.813322e-04
-1 -1 0 2 1.664424e+01 1.385093e-03
0 1 3 4 3.333417e+01 2.773989e-03
2 4 -1 -1 1.689957e+01 1.406342e-03
2 3 -1 -1 9.067564e+00 7.545808e-04
5 
-1 -1 1 2 2.363497e+01 1.966846e-03
-1 -1 0 2 5.487586e+00 4.566637e-04
0 1 3 4 1.240712e+01 1.032490e-03
2 4 -1 -1 7.042589e+00 5.860672e-04
2 3 -1 -1 8.005754e+00 6.662195e-04
5 
-1 -1 1 2 4.761776e+00 3.962635e-04
-1 -1 0 2 3.194839e+00 2.658668e-04
0 1 3 4 4.119213e+00 3.427909e-04
2 4 -1 -1 9.911005e+00 8.247699e-04
2 3 -1 -1 4.314832e+00 3.590699e-04
5 
-1 -1 1 2 9.002248e+00 7.491454e-04
-1 -1 0 2 8.759047e+00 7.289067e-04
0 1 3 4 1.755246e+00 1.460673e-04
2 4 -1 -1 7.537023e+00 6.272129e-04
2 3 -1 -1 1.175256e+01 9.780194e-04
5 
-1 -1 1 2 1.225662e+01 1.019966e-03
-1 -1 0 2 3.704993e+00 3.083206e-04
0 1 3 4 3.506139e+00 2.917724e-04
2 4 -1 -1 1.127717e+01 9.384590e-04
2 3 -1 -1 4.345093e+00 3.615881e-04
5 
-1 -1 1 2 6.714001e+00 5.587230e-04
-1 -1 0 2 1.089092e+01 9.063165e-04
0 1 3 4 1.509456e+01 1.256133e-03
2 4 -1 -1 2.207356e+01 1.836908e-03
2 3 -1 -1 5.310022e+00 4.418872e-04
5 
-1 -1 1 2 1.797522e+01 1.495854e-03
-1 -1 0 2 2.126654e+01 1.769750e-03
0 1 3 4 1.765757e+01 1.469421e-03
2 4 -1 -1 1.749049e+01 1.455516e-03
2 3 -1 -1 2.217471e+01 1.845326e-03
5 
-1 -1 1 2 1.364479e+01 1.135486e-03
-1 -1 0 2 2.602696e+01 2.165901e-03
0 1 3 4 3.801792e+00 3.163760e-04
2 4 -1 -1 7.230642e+00 6.017166e-04
2 3 -1 -1 1.384900e+01 1.152481e-03
5 
-1 -1 1 2 1.304996e+01 1.085987e-03
-1 -1 0 2 1.206538e+01 1.004052e-03
0 1 3 4 1.480823e+01 1.232305e-03
2 4 -1 -1 1.570597e+01 1.307013e-03
2 3 -1 -1 2.111694e-01 1.757301e-05
5 
-1 -1 1 2 6.419928e+00 5.342509e-04
-1 -1 0 2 8.345791e+00 6.945166e-04
0 1 3 4 1.662043e+01 1.383112e-03
2 4 -1 -1 9.308479e+00 7.746292e-04
2 3 -1 -1 1.669983e+01 1.389719e-03
5 
-1 -1 1 2 1.079797e+01 8.985810e-04
-1 -1 0 2 1.431999e+01 1.191675e-03
0 1 3 4 3.107317e+01 2.585835e-03
2 4 -1 -1 5.635225e+00 4.689499e-04
2 3 -1 -1 9.389305e+00 7.813553e-04
5 
-1 -1 1 2 2.696137e+01 2.243660e-03
-1 -1 0 2 1.215563e+01 1.011562e-03
0 1 3 4 1.226145e+01 1.020368e-03
2 4 -1 -1 1.090416e+01 9.074181e-04
2 3 -1 -1 9.812996e+00 8.166138e-04
5 
-1 -1 1 2 3.218791e+00 2.678601e-04
-1 -1 0 2 2.500000e-05 2.080440e-09
0 1 3 4 1.219143e+01 1.014541e-03
2 4 -1 -1 6.958243e+00 5.790482e-04
2 3 -1 -1 1.606880e+01 1.337207e-03
5 
-1 -1 1 2 2.533513e+00 2.108328e-04
-1 -1 0 2 2.500000e-05 2.080440e-09
0 1 3 4 2.285806e+01 1.902192e-03
2 4 -1 -1 1.267051e+01 1.054410e-03
2 3 -1 -1 7.486478e+00 6.230066e-04
5 
-1 -1 1 2 6.348346e+00 5.282940e-04
-1 -1 0 2 7.008427e+00 5.832244e-04
0 1 3 4 5.664532e+00 4.713887e-04
2 4 -1 -1 1.322805e+01 1.100806e-03
2 3 -1 -1 1.135193e+01 9.446803e-04
5 
-1 -1 1 2 2.299540e+01 1.913621e-03
-1 -1 0 2 9.023319e+00 7.508989e-04
0 1 3 4 1.406693e+01 1.170616e-03
2 4 -1 -1 1.288802e+01 1.072510e-03
2 3 -1 -1 1.253953e+00 1.043509e-04
5 
-1 -1 1 2 3.699343e+00 3.078504e-04
-1 -1 0 2 1.890825e+01 1.573499e-03
0 1 3 4 7.606756e+00 6.330159e-04
2 4 -1 -1 1.924172e+01 1.601249e-03
2 3 -1 -1 2.271597e+01 1.890368e-03
5 
-1 -1 1 2 2.072864e+01 1.724988e-03
-1 -1 0 2 5.630897e+00 4.685896e-04
0 1 3 4 2.335019e+01 1.943146e-03
2 4 -1 -1 7.631729e+00 6.350941e-04
2 3 -1 -1 1.283418e+01 1.068030e-03
5 
-1 -1 1 2 2.920014e+00 2.429965e-04
-1 -1 0 2 5.969259e+00 4.967474e-04
0 1 3 4 1.500238e+01 1.248462e-03
2 4 -1 -1 7.276148e+00 6.055035e-04
2 3 -1 -1 1.358158e+01 1.130226e-03
5 
-1 -1 1 2 1.809458e+01 1.505788e-03
-1 -1 0 2 1.423595e+01 1.184682e-03
0 1 3 4 2.202758e+01 1.833082e-03
2 4 -1 -1 1.459138e+01 1.214259e-03
2 3 -1 -1 1.411083e+01 1.174269e-03
5 
-1 -1 1 2 2.716564e+00 2.260659e-04
-1 -1 0 2 7.254632e+00 6.037130e-04
0 1 3 4 1.452558e+01 1.208784e-03
2 4 -1 -1 2.158809e+00 1.796509e-04
2 3 -1 -1 6.204040e+00 5.162853e-04
5 
-1 -1 1 2 1.404952e+01 1.169167e-03
-1 -1 0 2 1.435604e+01 1.194675e-03
0 1 3 4 1.630539e+01 1.356895e-03
2 4 -1 -1 1.139027e+01 9.478708e-04
2 3 -1 -1 1.628894e+01 1.355526e-03
5 
-1 -1 1 2 6.618312e+00 5.507600e-04
-1 -1 0 2 6.375553e+00 5.305581e-04
0 1 3 4 1.114456e+01 9.274230e-04
2 4 -1 -1 1.458862e+00 1.214029e-04
2 3 -1 -1 5.776496e+00 4.807061e-04
5 
-1 -1 1 2 2.066166e+01 1.719413e-03
-1 -1 0 2 1.430233e+01 1.190205e-03
0 1 3 4 2.500000e-05 2.080440e-09
2 4 -1 -1 2.307746e+01 1.920450e-03
2 3 -1 -1 8.740832e-01 7.273909e-05
5 
-1 -1 1 2 2.500000e-05 2.080440e-09
-1 -1 0 2 1.244989e+01 1.036050e-03
0 1 3 4 2.500000e-05 2.080440e-09
2 4 -1 -1 5.684705e+00 4.730674e-04
2 3 -1 -1 1.913364e+01 1.592255e-03
5 
-1 -1 1 2 4.245627e+00 3.533108e-04
-1 -1 0 2 1.405506e+01 1.169629e-03
0 1 3 4 3.286621e+01 2.735046e-03
2 4 -1 -1 1.127654e+01 9.384067e-04
2 3 -1 -1 7.998511e+00 6.656168e-04
5 
-1 -1 1 2 2.500000e-05 2.080440e-09
-1 -1 0 2 1.174383e+01 9.772932e-04
0 1 3 4 7.216147e+00 6.005104e-04
2 4 -1 -1 1.539743e-01 1.281337e-05
2 3 -1 -1 2.797796e+01 2.328258e-03
5 
-1 -1 1 2 2.104043e+01 1.750934e-03
-1 -1 0 2 1.588981e+01 1.322312e-03
0 1 3 4 1.419008e+01 1.180864e-03
2 4 -1 -1 4.733025e+00 3.938710e-04
2 3 -1 -1 1.137215e+01 9.463628e-04
5 
-1 -1 1 2 3.600267e+00 2.996055e-04
-1 -1 0 2 1.278072e+01 1.063581e-03
0 1 3 4 1.749650e+01 1.456016e-03
2 4 -1 -1 1.588502e+00 1.321913e-04
2 3 -1 -1 1.051108e+01 8.747069e-04
5 
-1 -1 1 2 7.256762e+00 6.038902e-04
-1 -1 0 2 9.870707e+00 8.214164e-04
0 1 3 4 5.488562e+00 4.567449e-04
2 4 -1 -1 1.787169e+01 1.487239e-03
2 3 -1 -1 1.261832e+01 1.050066e-03
5 
-1 -1 1 2 2.500000e-05 2.080440e-09
-1 -1 0 2 7.202701e-01 5.993914e-05
0 1 3 4 1.384190e+01 1.151890e-03
2 4 -1 -1 1.087652e+01 9.051181e-04
2 3 -1 -1 9.909886e+00 8.246768e-04
5 
-1 -1 1 2 8.469909e+00 7.048454e-04
-1 -1 0 2 2.134980e+01 1.776679e-03
0 1 3 4 2.591682e+01 2.156736e-03
2 4 -1 -1 5.610752e+00 4.669133e-04
2 3 -1 -1 2.268916e+01 1.888137e-03
5 
-1 -1 1 2 2.541301e+01 2.114810e-03
-1 -1 0 2 2.541805e+01 2.115229e-03
0 1 3 4 1.234672e+01 1.027465e-03
2 4 -1 -1 1.280087e+01 1.065257e-03
2 3 -1 -1 2.500000e-05 2.080440e-09
5 
-1 -1 1 2 1.739319e+01 1.447419e-03
-1 -1 0 2 7.732679e+00 6.434949e-04
0 1 3 4 1.333047e+01 1.109329e-03
2 4 -1 -1 2.500000e-05 2.080440e-09
2 3 -1 -1 2.257026e+01 1.878243e-03
5 
-1 -1 1 2 9.501320e-01 7.906769e-05
-1 -1 0 2 1.038270e+01 8.640235e-04
0 1 3 4 8.004832e+00 6.661428e-04
2 4 -1 -1 3.747231e+00 3.118355e-04
2 3 -1 -1 1.250577e+01 1.040700e-03
5 
-1 -1 1 2 1.076012e+01 8.954313e-04
-1 -1 0 2 2.101836e+01 1.749098e-03
0 1 3 4 8.083321e+00 6.726745e-04
2 4 -1 -1 1.244945e+00 1.036013e-04
2 3 -1 -1 1.728581e+01 1.438484e-03
5 
-1 -1 1 2 2.500000e-05 2.080440e-09
-1 -1 0 2 3.466928e+00 2.885094e-04
0 1 3 4 2.500000e-05 2.080440e-09
2 4 -1 -1 1.675650e-01 1.394436e-05
2 3 -1 -1 3.169972e+00 2.637974e-04
5 
-1 -1 1 2 1.034000e+01 8.604703e-04
-1 -1 0 2 8.018664e+00 6.672939e-04
0 1 3 4 7.774631e+00 6.469860e-04
2 4 -1 -1 6.280578e+00 5.226546e-04
2 3 -1 -1 1.169376e+01 9.731268e-04
5 
-1 -1 1 2 1.011435e+01 8.416920e-04
-1 -1 0 2 1.227100e+01 1.021163e-03
0 1 3 4 1.997956e+00 1.662650e-04
2 4 -1 -1 2.500000e-05 2.080440e-09
2 3 -1 -1 1.428166e+01 1.188485e-03
5 
-1 -1 1 2 3.186115e+00 2.651408e-04
-1 -1 0 2 8.312072e+00 6.917106e-04
0 1 3 4 1.489664e+01 1.239663e-03
2 4 -1 -1 1.862026e+01 1.549533e-03
2 3 -1 -1 1.488259e+01 1.238493e-03
5 
-1 -1 1 2 9.514715e+00 7.917916e-04
-1 -1 0 2 1.827458e+00 1.520766e-04
0 1 3 4 1.042652e+01 8.676697e-04
2 4 -1 -1 2.314237e+01 1.925852e-03
2 3 -1 -1 2.526698e+01 2.102657e-03
5 
-1 -1 1 2 8.345237e+00 6.944705e-04
-1 -1 0 2 8.460678e+00 7.040772e-04
0 1 3 4 2.162096e+01 1.799244e-03
2 4 -1 -1 2.527072e+01 2.102968e-03
2 3 -1 -1 2.624386e+00 2.183950e-04
5 
-1 -1 1 2 1.028759e+01 8.561086e-04
-1 -1 0 2 3.458028e+00 2.877687e-04
0 1 3 4 2.624885e+01 2.184366e-03
2 4 -1 -1 6.236846e+00 5.190153e-04
2 3 -1 -1 2.061273e+01 1.715341e-03
5 
-1 -1 1 2 1.893330e+01 1.575584e-03
-1 -1 0 2 2.581892e-01 2.148589e-05
0 1 3 4 1.208239e+01 1.005467e-03
2 4 -1 -1 2.500000e-05 2.080440e-09
2 3 -1 -1 1.419140e+01 1.180974e-03
5 
-1 -1 1 2 8.203698e+00 6.826920e-04
-1 -1 0 2 2.164607e+01 1.801334e-03
0 1 3 4 3.420130e+00 2.846150e-04
2 4 -1 -1 2.091616e+01 1.740593e-03
2 3 -1 -1 1.302276e+01 1.083723e-03
5 
-1 -1 1 2 1.932110e+00 1.607856e-04
-1 -1 0 2 2.612426e+01 2.173998e-03
0 1 3 4 1.449069e+01 1.205880e-03
2 4 -1 -1 1.424178e+01 1.185166e-03
2 3 -1 -1 3.553691e+00 2.957296e-04
5 
-1 -1 1 2 1.365436e+01 1.136283e-03
-1 -1 0 2 1.539982e+00 1.281536e-04
0 1 3 4 1.665816e+01 1.386252e-03
2 4 -1 -1 2.500000e-05 2.080440e-09
2 3 -1 -1 1.196687e+01 9.958545e-04
5 
-1 -1 1 2 1.647619e+01 1.371109e-03
-1 -1 0 2 2.500000e-05 2.080440e-09
0 1 3 4 1.677734e+01 1.396169e-03
2 4 -1 -1 1.223369e+01 1.018058e-03
2 3 -1 -1 9.695460e+00 8.068328e-04
5 
-1 -1 1 2 1.656345e+01 1.378371e-03
-1 -1 0 2 1.097124e+01 9.129999e-04
0 1 3 4 1.639197e+01 1.364100e-03
2 4 -1 -1 1.864349e+01 1.551466e-03
2 3 -1 -1 1.121483e+01 9.332708e-04
5 
-1 -1 1 2 1.940717e+01 1.615018e-03
-1 -1 0 2 3.641230e+00 3.030144e-04
0 1 3 4 1.060466e+01 8.824946e-04
2 4 -1 -1 8.900104e+00 7.406452e-04
2 3 -1 -1 1.468609e+01 1.222141e-03
5 
-1 -1 1 2 5.368886e+00 4.467857e-04
-1 -1 0 2 7.821028e-02 6.508471e-06
0 1 3 4 1.657470e+01 1.379307e-03
2 4 -1 -1 8.028764e+00 6.681343e-04
2 3 -1 -1 1.810939e+00 1.507019e-04
5 
-1 -1 1 2 4.709600e+00 3.919216e-04
-1 -1 0 2 2.061469e+01 1.715504e-03
0 1 3 4 1.461232e+01 1.216002e-03
2 4 -1 -1 8.811154e+00 7.332430e-04
2 3 -1 -1 4.950223e+00 4.119456e-04
5 
-1 -1 1 2 1.422506e+01 1.183775e-03
-1 -1 0 2 1.953032e+01 1.625266e-03
0 1 3 4 1.619300e+01 1.347542e-03
2 4 -1 -1 1.514814e+01 1.260591e-03
2 3 -1 -1 6.202301e+00 5.161405e-04
5 
-1 -1 1 2 3.464997e-01 2.883487e-05
-1 -1 0 2 8.103196e+00 6.743284e-04
0 1 3 4 1.810716e+01 1.506834e-03
2 4 -1 -1 2.500000e-05 2.080440e-09
2 3 -1 -1 2.500000e-05 2.080440e-09
5 
-1 -1 1 2 2.785663e+01 2.318161e-03
-1 -1 0 2 7.852867e+00 6.534966e-04
0 1 3 4 5.961168e+00 4.960740e-04
2 4 -1 -1 8.227642e+00 6.846845e-04
2 3 -1 -1 5.341233e+00 4.444845e-04
5 
-1 -1 1 2 2.692330e+01 2.240492e-03
-1 -1 0 2 3.289509e+00 2.737450e-04
0 1 3 4 1.506579e+01 1.253738e-03
2 4 -1 -1 2.114458e+01 1.759601e-03
2 3 -1 -1 1.035330e+01 8.615768e-04
5 
-1 -1 1 2 9.466613e+00 7.877887e-04
-1 -1 0 2 1.358135e+01 1.130207e-03
0 1 3 4 2.085598e+01 1.735585e-03
2 4 -1 -1 3.216969e+00 2.677084e-04
2 3 -1 -1 9.527697e+00 7.928719e-04
5 
-1 -1 1 2 1.178787e+01 9.809581e-04
-1 -1 0 2 1.939943e+01 1.614373e-03
0 1 3 4 2.500000e-05 2.080440e-09
2 4 -1 -1 2.622634e+01 2.182493e-03
2 3 -1 -1 1.662746e+01 1.383697e-03
5 
-1 -1 1 2 2.029651e+01 1.689027e-03
-1 -1 0 2 3.579175e+01 2.978503e-03
0 1 3 4 1.882647e+01 1.566693e-03
2 4 -1 -1 1.071172e+01 8.914033e-04
2 3 -1 -1 4.019788e+00 3.345171e-04
5 
-1 -1 1 2 2.114716e+01 1.759816e-03
-1 -1 0 2 1.228928e+01 1.022684e-03
0 1 3 4 1.467632e+01 1.221328e-03
2 4 -1 -1 1.544233e+01 1.285074e-03
2 3 -1 -1 2.795790e+01 2.326589e-03
5 
-1 -1 1 2 2.500000e-05 2.080440e-09
-1 -1 0 2 2.382650e+01 1.982784e-03
0 1 3 4 2.136355e+01 1.777823e-03
2 4 -1 -1 1.291604e+01 1.074841e-03
2 3 -1 -1 1.327973e+01 1.105107e-03
5 
-1 -1 1 2 2.500000e-05 2.080440e-09
-1 -1 0 2 1.319917e+01 1.098403e-03
0 1 3 4 8.584057e+00 7.143445e-04
2 4 -1 -1 8.938848e+00 7.438693e-04
2 3 -1 -1 1.051854e+01 8.753276e-04
5 
-1 -1 1 2 2.500000e-05 2.080440e-09
-1 -1 0 2 2.500000e-05 2.080440e-09
0 1 3 4 3.043987e+00 2.533133e-04
2 4 -1 -1 1.977804e+01 1.645881e-03
2 3 -1 -1 1.745625e+01 1.452667e-03
5 
-1 -1 1 2 1.685010e+01 1.402225e-03
-1 -1 0 2 1.273503e+01 1.059778e-03
0 1 3 4 7.039883e+00 5.858421e-04
2 4 -1 -1 2.500000e-05 2.080440e-09
2 3 -1 -1 7.635207e+00 6.353835e-04
5 
-1 -1 1 2 8.929038e+00 7.430530e-04
-1 -1 0 2 1.606683e+01 1.337043e-03
0 1 3 4 2.130435e+01 1.772897e-03
2 4 -1 -1 9.162905e+00 7.625149e-04
2 3 -1 -1 9.771665e+00 8.131744e-04
5 
-1 -1 1 2 1.954719e+01 1.626670e-03
-1 -1 0 2 1.369172e+01 1.139392e-03
0 1 3 4 2.505807e+01 2.085272e-03
2 4 -1 -1 1.041401e+01 8.666290e-04
2 3 -1 -1 5.620083e+00 4.676898e-04
5 
-1 -1 1 2 2.390410e+01 1.989241e-03
-1 -1 0 2 9.940289e+00 8.272069e-04
0 1 3 4 2.080237e+01 1.731123e-03
2 4 -1 -1 1.168277e+01 9.722121e-04
2 3 -1 -1 7.897605e+00 6.572197e-04
5 
-1 -1 1 2 2.838062e+01 2.361767e-03
-1 -1 0 2 1.466538e+01 1.220417e-03
0 1 3 4 1.750030e+01 1.456333e-03
2 4 -1 -1 1.739298e+01 1.447402e-03
2 3 -1 -1 1.926823e+01 1.603456e-03
5 
-1 -1 1 2 5.046477e+00 4.199557e-04
-1 -1 0 2 8.240251e-01 6.857338e-05
0 1 3 4 1.686201e+01 1.403216e-03
2 4 -1 -1 1.449577e+01 1.206303e-03
2 3 -1 -1 2.500000e-05 2.080440e-09
5 
-1 -1 1 2 2.500000e-05 2.080440e-09
-1 -1 0 2 7.546116e+00 6.279696e-04
0 1 3 4 1.109805e+01 9.235528e-04
2 4 -1 -1 1.181035e+01 9.828289e-04
2 3 -1 -1 1.779795e+01 1.481103e-03
5 
-1 -1 1 2 2.443355e+01 2.033301e-03
-1 -1 0 2 1.403601e+01 1.168043e-03
0 1 3 4 2.440113e+00 2.030603e-04
2 4 -1 -1 2.500000e-05 2.080440e-09
2 3 -1 -1 7.745511e+00 6.445628e-04
5 
-1 -1 1 2 2.291475e+01 1.906910e-03
-1 -1 0 2 6.371917e+00 5.302556e-04
0 1 3 4 1.551135e+01 1.290817e-03
2 4 -1 -1 2.500000e-05 2.080440e-09
2 3 -1 -1 1.168544e+01 9.724340e-04
5 
-1 -1 1 2 1.376720e+01 1.145674e-03
-1 -1 0 2 1.401869e+01 1.166601e-03
0 1 3 4 1.346350e+01 1.120400e-03
2 4 -1 -1 1.950323e+01 1.623012e-03
2 3 -1 -1 6.521351e+00 5.426911e-04
5 
-1 -1 1 2 2.500000e-05 2.080440e-09
-1 -1 0 2 1.522403e+01 1.266907e-03
0 1 3 4 1.443185e+01 1.200984e-03
2 4 -1 -1 1.842932e+01 1.533644e-03
2 3 -1 -1 1.429012e+01 1.189189e-03
5 
-1 -1 1 2 2.793467e+01 2.324656e-03
-1 -1 0 2 2.850231e+01 2.371893e-03
0 1 3 4 8.654195e+00 7.201812e-04
2 4 -1 -1 1.621272e+01 1.349184e-03
2 3 -1 -1 1.025653e+01 8.535234e-04
5 
-1 -1 1 2 2.500000e-05 2.080440e-09
-1 -1 0 2 1.485008e+01 1.235788e-03
0 1 3 4 1.496139e+01 1.245051e-03
2 4 -1 -1 2.145496e+01 1.785430e-03
2 3 -1 -1 1.011623e+01 8.418484e-04
5 
-1 -1 1 2 3.367734e+01 2.802547e-03
-1 -1 0 2 9.224795e+00 7.676652e-04
0 1 3 4 1.148894e+01 9.560818e-04
2 4 -1 -1 2.043763e+01 1.700770e-03
2 3 -1 -1 1.321236e+01 1.099501e-03
5 
-1 -1 1 2 2.416382e+01 2.010855e-03
-1 -1 0 2 1.885734e+01 1.569262e-03
0 1 3 4 1.575496e+01 1.311090e-03
2 4 -1 -1 1.715671e+01 1.427740e-03
2 3 -1 -1 1.220623e+01 1.015773e-03
5 
-1 -1 1 2 2.613650e+00 2.175017e-04
-1 -1 0 2 2.301429e+01 1.915194e-03
0 1 3 4 9.391797e+00 7.815627e-04
2 4 -1 -1 7.833334e+00 6.518712e-04
2 3 -1 -1 1.299866e+01 1.081717e-03
5 
-1 -1 1 2 1.555739e+01 1.294649e-03
-1 -1 0 2 1.542059e+01 1.283264e-03
0 1 3 4 2.155119e+01 1.793438e-03
2 4 -1 -1 1.894256e+00 1.576354e-04
2 3 -1 -1 2.500000e-05 2.080440e-09
5 
-1 -1 1 2 1.041406e+01 8.666333e-04
-1 -1 0 2 1.206377e+01 1.003918e-03
0 1 3 4 8.259013e+00 6.872951e-04
2 4 -1 -1 1.177030e+01 9.794959e-04
2 3 -1 -1 6.599208e+00 5.491702e-04
5 
-1 -1 1 2 4.119405e+00 3.428069e-04
-1 -1 0 2 6.571993e+00 5.469054e-04
0 1 3 4 8.065660e+00 6.712048e-04
2 4 -1 -1 1.932140e+01 1.607881e-03
2 3 -1 -1 3.409032e+00 2.836915e-04
5 
-1 -1 1 2 2.521557e+01 2.098379e-03
-1 -1 0 2 9.906247e+00 8.243740e-04
0 1 3 4 2.500000e-05 2.080440e-09
2 4 -1 -1 1.616395e+01 1.345125e-03
2 3 -1 -1 1.529154e+01 1.272525e-03
5 
-1 -1 1 2 1.335470e+01 1.111346e-03
-1 -1 0 2 1.862662e+01 1.550062e-03
0 1 3 4 2.500000e-05 2.080440e-09
2 4 -1 -1 2.496643e+00 2.077646e-04
2 3 -1 -1 2.723614e+01 2.266526e-03
5 
-1 -1 1 2 2.250676e+01 1.872958e-03
-1 -1 0 2 6.490662e+00 5.401372e-04
0 1 3 4 2.822300e+01 2.348650e-03
2 4 -1 -1 8.980903e+00 7.473691e-04
2 3 -1 -1 1.593487e+01 1.326061e-03
5 
-1 -1 1 2 2.500000e-05 2.080440e-09
-1 -1 0 2 6.319581e+00 5.259003e-04
0 1 3 4 2.500000e-05 2.080440e-09
2 4 -1 -1 7.047624e+00 5.864863e-04
2 3 -1 -1 9.672025e+00 8.048826e-04
5 
-1 -1 1 2 1.075337e+01 8.948695e-04
-1 -1 0 2 1.410024e+01 1.173388e-03
0 1 3 4 1.582047e+01 1.316541e-03
2 4 -1 -1 1.079831e+01 8.986092e-04
2 3 -1 -1 2.040993e-01 1.698465e-05
5 
-1 -1 1 2 1.566161e+01 1.303322e-03
-1 -1 0 2 1.301092e+01 1.082738e-03
0 1 3 4 9.963497e+00 8.291382e-04
2 4 -1 -1 9.075111e+00 7.552088e-04
2 3 -1 -1 1.970478e+01 1.639784e-03
5 
-1 -1 1 2 4.043724e+00 3.365090e-04
-1 -1 0 2 1.593308e+01 1.325912e-03
0 1 3 4 2.500000e-05 2.080440e-09
2 4 -1 -1 2.500000e-05 2.080440e-09
2 3 -1 -1 2.708572e+01 2.254009e-03
5 
-1 -1 1 2 1.390159e+01 1.156857e-03
-1 -1 0 2 6.632515e+00 5.519419e-04
0 1 3 4 4.321588e+00 3.596322e-04
2 4 -1 -1 1.953619e+01 1.625754e-03
2 3 -1 -1 8.031951e+00 6.683996e-04
5 
-1 -1 1 2 1.252270e+01 1.042109e-03
-1 -1 0 2 2.500000e-05 2.080440e-09
0 1 3 4 1.762499e+01 1.466710e-03
2 4 -1 -1 1.826064e+01 1.519606e-03
2 3 -1 -1 6.616933e+00 5.506452e-04
5 
-1 -1 1 2 2.472136e+01 2.057252e-03
-1 -1 0 2 1.659658e+01 1.381127e-03
0 1 3 4 1.591086e+01 1.324064e-03
2 4 -1 -1 4.467736e+00 3.717942e-04
2 3 -1 -1 1.249292e+01 1.039631e-03
5 
-1 -1 1 2 1.131113e+01 9.412853e-04
-1 -1 0 2 4.349128e+00 3.619239e-04
0 1 3 4 1.488547e+01 1.238733e-03
2 4 -1 -1 1.911275e+00 1.590517e-04
2 3 -1 -1 1.049614e+01 8.734632e-04
5 
-1 -1 1 2 2.500000e-05 2.080440e-09
-1 -1 0 2 1.930410e+01 1.606440e-03
0 1 3 4 2.637313e+01 2.194708e-03
2 4 -1 -1 1.450377e+01 1.206969e-03
2 3 -1 -1 1.536909e+01 1.278978e-03
5 
-1 -1 1 2 9.278009e+00 7.720936e-04
-1 -1 0 2 3.083584e+01 2.566084e-03
0 1 3 4 2.564462e+01 2.134083e-03
2 4 -1 -1 1.812080e+01 1.507969e-03
2 3 -1 -1 7.390194e+00 6.149941e-04
5 
-1 -1 1 2 4.476179e+00 3.724968e-04
-1 -1 0 2 1.533215e+01 1.275905e-03
0 1 3 4 1.943366e+01 1.617222e-03
2 4 -1 -1 1.897190e+01 1.578796e-03
2 3 -1 -1 1.345585e+01 1.119763e-03
5 
-1 -1 1 2 9.050675e+00 7.531753e-04
-1 -1 0 2 2.653091e+00 2.207838e-04
0 1 3 4 1.234479e+01 1.027304e-03
2 4 -1 -1 2.332979e+01 1.941449e-03
2 3 -1 -1 2.023367e+01 1.683797e-03
5 
-1 -1 1 2 1.164079e+01 9.687185e-04
-1 -1 0 2 1.951054e+01 1.623620e-03
0 1 3 4 2.188632e+01 1.821327e-03
2 4 -1 -1 1.057640e+01 8.801426e-04
2 3 -1 -1 1.987463e+01 1.653919e-03
5 
-1 -1 1 2 1.012986e+01 8.429822e-04
-1 -1 0 2 3.256251e+00 2.709774e-04
0 1 3 4 8.578092e+00 7.138482e-04
2 4 -1 -1 1.912730e+01 1.591728e-03
2 3 -1 -1 1.718815e+01 1.430356e-03
5 
-1 -1 1 2 1.233618e+01 1.026587e-03
-1 -1 0 2 2.729131e+01 2.271117e-03
0 1 3 4 2.099624e+01 1.747256e-03
2 4 -1 -1 4.508968e+00 3.752255e-04
2 3 -1 -1 2.280911e+01 1.898119e-03
5 
-1 -1 1 2 1.925230e+01 1.602130e-03
-1 -1 0 2 2.181185e+01 1.815130e-03
0 1 3 4 5.896907e+00 4.907264e-04
2 4 -1 -1 1.072662e+01 8.926434e-04
2 3 -1 -1 1.378658e+01 1.147286e-03
5 
-1 -1 1 2 7.438702e+00 6.190309e-04
-1 -1 0 2 2.416220e+01 2.010720e-03
0 1 3 4 9.761777e+00 8.123516e-04
2 4 -1 -1 5.898894e+00 4.908917e-04
2 3 -1 -1 2.775518e+01 2.309719e-03
5 
-1 -1 1 2 3.108608e+01 2.586909e-03
-1 -1 0 2 7.038860e+00 5.857569e-04
0 1 3 4 6.062093e+00 5.044728e-04
2 4 -1 -1 1.550402e+01 1.290207e-03
2 3 -1 -1 1.557913e+01 1.296458e-03
5 
-1 -1 1 2 2.926791e+01 2.435605e-03
-1 -1 0 2 1.417680e+01 1.179759e-03
0 1 3 4 5.005535e-01 4.165486e-05
2 4 -1 -1 1.142697e+01 9.509252e-04
2 3 -1 -1 2.500000e-05 2.080440e-09
5 
-1 -1 1 2 2.105813e+01 1.752407e-03
-1 -1 0 2 1.863763e+00 1.550979e-04
0 1 3 4 2.504483e+00 2.084170e-04
2 4 -1 -1 7.028799e+00 5.849197e-04
2 3 -1 -1 1.087704e+01 9.051614e-04
5 
-1 -1 1 2 2.221990e+01 1.849087e-03
-1 -1 0 2 1.577413e+01 1.312685e-03
0 1 3 4 1.361916e+01 1.133354e-03
2 4 -1 -1 5.261650e+00 4.378618e-04
2 3 -1 -1 3.921365e+00 3.263265e-04
5 
-1 -1 1 2 2.500000e-05 2.080440e-09
-1 -1 0 2 2.106822e+01 1.753246e-03
0 1 3 4 1.903263e+01 1.583850e-03
2 4 -1 -1 1.712259e+01 1.424901e-03
2 3 -1 -1 1.806606e+01 1.503414e-03
5 
-1 -1 1 2 1.875534e+01 1.560775e-03
-1 -1 0 2 1.050743e+01 8.744027e-04
0 1 3 4 7.601673e+00 6.325929e-04
2 4 -1 -1 1.631874e+01 1.358006e-03
2 3 -1 -1 9.458925e+00 7.871489e-04
5 
-1 -1 1 2 4.979195e+00 4.143566e-04
-1 -1 0 2 1.703584e+00 1.417681e-04
0 1 3 4 7.643986e+00 6.361141e-04
2 4 -1 -1 1.399784e+01 1.164867e-03
2 3 -1 -1 1.436207e+01 1.195177e-03
5 
-1 -1 1 2 2.005289e+00 1.668753e-04
-1 -1 0 2 7.895998e+00 6.570859e-04
0 1 3 4 1.975626e+01 1.644068e-03
2 4 -1 -1 1.115543e+01 9.283283e-04
2 3 -1 -1 1.566064e+01 1.303241e-03
5 
-1 -1 1 2 1.146806e+01 9.543441e-04
-1 -1 0 2 1.774093e+01 1.476357e-03
0 1 3 4 2.474783e+01 2.059454e-03
2 4 -1 -1 5.614305e+00 4.672089e-04
2 3 -1 -1 2.042851e+01 1.700011e-03
5 
-1 -1 1 2 4.356690e+00 3.625532e-04
-1 -1 0 2 2.879667e+00 2.396389e-04
0 1 3 4 6.774982e+00 5.637977e-04
2 4 -1 -1 7.933539e+00 6.602100e-04
2 3 -1 -1 7.365927e+00 6.129747e-04
5 
-1 -1 1 2 1.517191e+01 1.262570e-03
-1 -1 0 2 1.540948e+01 1.282340e-03
0 1 3 4 1.433682e+01 1.193076e-03
2 4 -1 -1 9.452943e+00 7.866511e-04
2 3 -1 -1 1.359755e+01 1.131555e-03
5 
-1 -1 1 2 1.052275e+01 8.756777e-04
-1 -1 0 2 5.561597e+00 4.628227e-04
0 1 3 4 5.773331e+00 4.804427e-04
2 4 -1 -1 3.680766e-01 3.063045e-05
2 3 -1 -1 2.500000e-05 2.080440e-09
5 
-1 -1 1 2 1.500334e+00 1.248542e-04
-1 -1 0 2 4.651265e+00 3.870670e-04
0 1 3 4 2.788608e+00 2.320612e-04
2 4 -1 -1 8.242411e+00 6.859135e-04
2 3 -1 -1 1.288752e+01 1.072469e-03
5 
-1 -1 1 2 3.183198e+01 2.648981e-03
-1 -1 0 2 1.681059e+01 1.398937e-03
0 1 3 4 2.500000e-05 2.080440e-09
2 4 -1 -1 1.360134e+01 1.131871e-03
2 3 -1 -1 7.516281e+00 6.254868e-04
5 
-1 -1 1 2 1.619331e+00 1.347568e-04
-1 -1 0 2 2.312115e+01 1.924086e-03
0 1 3 4 1.080606e+00 8.992544e-05
2 4 -1 -1 3.494230e+00 2.907814e-04
2 3 -1 -1 1.732785e+01 1.441982e-03
5 
-1 -1 1 2 2.500000e-05 2.080440e-09
-1 -1 0 2 1.520613e+01 1.265417e-03
0 1 3 4 5.749126e+00 4.784284e-04
2 4 -1 -1 4.349894e+00 3.619877e-04
2 3 -1 -1 7.355122e+00 6.120755e-04
5 
-1 -1 1 2 1.625901e+01 1.353035e-03
-1 -1 0 2 1.979688e+01 1.647449e-03
0 1 3 4 3.089587e+01 2.571080e-03
2 4 -1 -1 2.264933e+01 1.884822e-03
2 3 -1 -1 1.862011e+01 1.549520e-03
5 
-1 -1 1 2 2.500000e-05 2.080440e-09
-1 -1 0 2 2.181078e+01 1.815041e-03
0 1 3 4 2.485179e+00 2.068106e-04
2 4 -1 -1 3.504998e+00 2.916775e-04
2 3 -1 -1 1.816570e+01 1.511706e-03
5 
-1 -1 1 2 2.079612e+01 1.730603e-03
-1 -1 0 2 2.500000e-05 2.080440e-09
0 1 3 4 9.706545e+00 8.077552e-04
2 4 -1 -1 2.500000e-05 2.080440e-09
2 3 -1 -1 1.627951e+01 1.354741e-03
5 
-1 -1 1 2 1.069743e+00 8.902143e-05
-1 -1 0 2 8.649547e+00 7.197944e-04
0 1 3 4 7.796470e+00 6.488034e-04
2 4 -1 -1 8.158740e+00 6.789506e-04
2 3 -1 -1 2.042315e+01 1.699565e-03
5 
-1 -1 1 2 7.819967e+00 6.507588e-04
-1 -1 0 2 1.672423e+01 1.391750e-03
0 1 3 4 2.724825e+01 2.267534e-03
2 4 -1 -1 2.211842e+01 1.840642e-03
2 3 -1 -1 1.495702e+01 1.244687e-03
5 
-1 -1 1 2 2.003438e+01 1.667212e-03
-1 -1 0 2 6.478849e+00 5.391542e-04
0 1 3 4 9.910613e+00 8.247373e-04
2 4 -1 -1 2.102022e+01 1.749252e-03
2 3 -1 -1 7.202583e+00 5.993816e-04
5 
-1 -1 1 2 5.446448e+00 4.532403e-04
-1 -1 0 2 6.062002e+00 5.044652e-04
0 1 3 4 2.388861e+00 1.987952e-04
2 4 -1 -1 2.500000e-05 2.080440e-09
2 3 -1 -1 9.684375e+00 8.059103e-04
5 
-1 -1 1 2 8.664199e+00 7.210137e-04
-1 -1 0 2 6.676720e+00 5.556205e-04
0 1 3 4 2.500000e-05 2.080440e-09
2 4 -1 -1 4.434543e-01 3.690320e-05
2 3 -1 -1 1.360407e+01 1.132098e-03
5 
-1 -1 1 2 5.273805e+00 4.388734e-04
-1 -1 0 2 1.240837e+01 1.032595e-03
0 1 3 4 1.503277e+01 1.250991e-03
2 4 -1 -1 1.396443e+01 1.162086e-03
2 3 -1 -1 9.624255e+00 8.009073e-04
5 
-1 -1 1 2 1.923895e+01 1.601019e-03
-1 -1 0 2 2.747503e+01 2.286405e-03
0 1 3 4 5.075361e+00 4.223593e-04
2 4 -1 -1 2.500000e-05 2.080440e-09
2 3 -1 -1 1.224738e+01 1.019198e-03
5 
-1 -1 1 2 6.357235e+00 5.290337e-04
-1 -1 0 2 2.412781e+01 2.007858e-03
0 1 3 4 1.498631e+01 1.247124e-03
2 4 -1 -1 8.617017e+00 7.170874e-04
2 3 -1 -1 1.622099e+01 1.349871e-03
5 
-1 -1 1 2 2.656118e+01 2.210357e-03
-1 -1 0 2 2.204928e+01 1.834888e-03
0 1 3 4 2.069933e+01 1.722548e-03
2 4 -1 -1 1.209400e+01 1.006434e-03
2 3 -1 -1 1.328626e+01 1.105650e-03
5 
-1 -1 1 2 6.647767e+00 5.532112e-04
-1 -1 0 2 2.873440e+01 2.391207e-03
0 1 3 4 2.319229e+01 1.930006e-03
2 4 -1 -1 2.909978e+01 2.421614e-03
2 3 -1 -1 6.452330e+00 5.369473e-04
