H 
4.000000e+01 
200 
5 
-1 -1 1 2 6.749127e+01 1.665051e-03
-1 -1 0 2 4.553702e+01 1.123426e-03
0 1 3 4 3.449162e+01 8.509294e-04
2 4 -1 -1 2.699837e+01 6.660662e-04
2 3 -1 -1 4.743240e+01 1.170186e-03
5 
-1 -1 1 2 5.732947e+01 1.414353e-03
-1 -1 0 2 5.419747e+01 1.337085e-03
0 1 3 4 2.542670e+01 6.272923e-04
2 4 -1 -1 3.474307e+01 8.571329e-04
2 3 -1 -1 4.503252e+01 1.110980e-03
5 
-1 -1 1 2 2.671793e+01 6.591477e-04
-1 -1 0 2 9.629132e+01 2.375566e-03
0 1 3 4 2.789427e+01 6.881688e-04
2 4 -1 -1 1.448597e+01 3.573778e-04
2 3 -1 -1 1.750224e+01 4.317909e-04
5 
-1 -1 1 2 6.356958e+01 1.568300e-03
-1 -1 0 2 3.038879e+01 7.497101e-04
0 1 3 4 7.000591e+01 1.727089e-03
2 4 -1 -1 4.387268e+01 1.082366e-03
2 3 -1 -1 5.501197e+01 1.357179e-03
5 
-1 -1 1 2 2.175637e+01 5.367429e-04
-1 -1 0 2 1.416274e+01 3.494035e-04
0 1 3 4 1.190420e+02 2.936838e-03
2 4 -1 -1 4.688496e+01 1.156681e-03
2 3 -1 -1 1.008791e+01 2.488749e-04
5 
-1 -1 1 2 3.947737e+01 9.739310e-04
-1 -1 0 2 2.016840e+01 4.975668e-04
0 1 3 4 2.620902e+01 6.465925e-04
2 4 -1 -1 5.634008e+01 1.389944e-03
2 3 -1 -1 1.824658e+01 4.501544e-04
5 
-1 -1 1 2 3.523660e+01 8.693085e-04
-1 -1 0 2 4.221213e+01 1.041399e-03
0 1 3 4 2.712523e+01 6.691961e-04
2 4 -1 -1 2.260507e+01 5.576808e-04
2 3 -1 -1 2.143086e+01 5.287125e-04
5 
-1 -1 1 2 3.349525e+01 8.263484e-04
-1 -1 0 2 4.669458e+01 1.151984e-03
0 1 3 4 5.000700e+01 1.233703e-03
2 4 -1 -1 7.881672e+01 1.944457e-03
2 3 -1 -1 1.773734e+01 4.375910e-04
5 
-1 -1 1 2 1.491600e+01 3.679869e-04
-1 -1 0 2 3.184836e+01 7.857185e-04
0 1 3 4 5.218605e+01 1.287462e-03
2 4 -1 -1 3.637798e+01 8.974671e-04
2 3 -1 -1 1.344504e+01 3.316973e-04
5 
-1 -1 1 2 3.129432e+01 7.720501e-04
-1 -1 0 2 2.787368e+01 6.876609e-04
0 1 3 4 6.039848e+01 1.490068e-03
2 4 -1 -1 1.532937e+01 3.781850e-04
2 3 -1 -1 1.421193e+01 3.506170e-04
5 
-1 -1 1 2 3.953110e+01 9.752564e-04
-1 -1 0 2 4.504567e+01 1.111304e-03
0 1 3 4 1.000399e+02 2.468045e-03
2 4 -1 -1 3.105517e+01 7.661500e-04
2 3 -1 -1 4.975412e+01 1.227465e-03
5 
-1 -1 1 2 3.774849e+01 9.312784e-04
-1 -1 0 2 3.636508e+01 8.971488e-04
0 1 3 4 2.990915e+01 7.378770e-04
2 4 -1 -1 3.898195e+01 9.617086e-04
2 3 -1 -1 7.605410e+01 1.876301e-03
5 
-1 -1 1 2 5.008666e+01 1.235669e-03
-1 -1 0 2 3.943035e+01 9.727709e-04
0 1 3 4 5.317308e+01 1.311813e-03
2 4 -1 -1 2.395596e+01 5.910083e-04
2 3 -1 -1 2.689627e+01 6.635475e-04
5 
-1 -1 1 2 4.829170e+01 1.191386e-03
-1 -1 0 2 4.469397e+01 1.102628e-03
0 1 3 4 3.317330e+01 8.184058e-04
2 4 -1 -1 1.070986e+01 2.642188e-04
2 3 -1 -1 9.594058e+00 2.366913e-04
5 
-1 -1 1 2 4.334524e+01 1.069354e-03
-1 -1 0 2 5.271981e+01 1.300630e-03
0 1 3 4 3.623196e+01 8.938646e-04
2 4 -1 -1 1.816819e+01 4.482204e-04
2 3 -1 -1 1.584957e+01 3.910187e-04
5 
-1 -1 1 2 4.333373e+01 1.069070e-03
-1 -1 0 2 2.460602e+01 6.070457e-04
0 1 3 4 3.853833e+01 9.507642e-04
2 4 -1 -1 1.311215e+01 3.234847e-04
2 3 -1 -1 1.239306e+01 3.057445e-04
5 
-1 -1 1 2 3.830060e+01 9.448993e-04
-1 -1 0 2 1.400264e+02 3.454538e-03
0 1 3 4 5.064714e+01 1.249496e-03
2 4 -1 -1 3.366547e+01 8.305478e-04
2 3 -1 -1 2.108892e+01 5.202765e-04
5 
-1 -1 1 2 3.342796e+01 8.246882e-04
-1 -1 0 2 1.380234e+01 3.405123e-04
0 1 3 4 2.074639e+01 5.118262e-04
2 4 -1 -1 1.405522e+01 3.467510e-04
2 3 -1 -1 1.288592e+01 3.179035e-04
5 
-1 -1 1 2 8.382159e+01 2.067930e-03
-1 -1 0 2 1.593427e+01 3.931081e-04
0 1 3 4 9.064236e+01 2.236203e-03
2 4 -1 -1 5.918349e+01 1.460093e-03
2 3 -1 -1 1.996524e+01 4.925548e-04
5 
-1 -1 1 2 8.706551e+01 2.147959e-03
-1 -1 0 2 3.582638e+01 8.838586e-04
0 1 3 4 1.224872e+01 3.021833e-04
2 4 -1 -1 9.689876e+00 2.390552e-04
2 3 -1 -1 3.495254e+01 8.623005e-04
5 
-1 -1 1 2 2.075231e+01 5.119721e-04
-1 -1 0 2 2.457561e+01 6.062953e-04
0 1 3 4 2.972705e+01 7.333847e-04
2 4 -1 -1 1.070901e+02 2.641977e-03
2 3 -1 -1 3.496231e+01 8.625416e-04
5 
-1 -1 1 2 1.322254e+02 3.262081e-03
-1 -1 0 2 7.795546e+01 1.923209e-03
0 1 3 4 3.106366e+01 7.663596e-04
2 4 -1 -1 2.800107e+01 6.908036e-04
2 3 -1 -1 2.977924e+01 7.346721e-04
5 
-1 -1 1 2 4.051570e+01 9.995472e-04
-1 -1 0 2 8.050621e+01 1.986138e-03
0 1 3 4 3.695558e+01 9.117168e-04
2 4 -1 -1 2.453448e+01 6.052806e-04
2 3 -1 -1 1.631782e+01 4.025706e-04
5 
-1 -1 1 2 3.052197e+01 7.529957e-04
-1 -1 0 2 8.921569e+01 2.201006e-03
0 1 3 4 3.766269e+01 9.291617e-04
2 4 -1 -1 4.193819e+01 1.034641e-03
2 3 -1 -1 6.752437e+01 1.665868e-03
5 
-1 -1 1 2 7.106932e+01 1.753324e-03
-1 -1 0 2 2.588030e+01 6.384830e-04
0 1 3 4 3.538268e+01 8.729124e-04
2 4 -1 -1 2.199312e+01 5.425838e-04
2 3 -1 -1 2.200621e+01 5.429066e-04
5 
-1 -1 1 2 3.086516e+01 7.614625e-04
-1 -1 0 2 6.780828e+00 1.672872e-04
0 1 3 4 3.267206e+01 8.060398e-04
2 4 -1 -1 1.414680e+01 3.490103e-04
2 3 -1 -1 1.170173e+01 2.886888e-04
5 
-1 -1 1 2 6.760762e+01 1.667921e-03
-1 -1 0 2 2.449876e+01 6.043995e-04
0 1 3 4 4.782389e+01 1.179845e-03
2 4 -1 -1 3.321989e+01 8.195550e-04
2 3 -1 -1 5.054931e+01 1.247082e-03
5 
-1 -1 1 2 2.304054e+01 5.684242e-04
-1 -1 0 2 3.830479e+01 9.450027e-04
0 1 3 4 3.268252e+01 8.062978e-04
2 4 -1 -1 2.063555e+01 5.090917e-04
2 3 -1 -1 1.521815e+01 3.754411e-04
5 
-1 -1 1 2 7.192970e+01 1.774550e-03
-1 -1 0 2 1.963009e+01 4.842863e-04
0 1 3 4 8.115244e+01 2.002081e-03
2 4 -1 -1 2.578151e+01 6.360457e-04
2 3 -1 -1 3.143905e+01 7.756206e-04
5 
-1 -1 1 2 3.968684e+01 9.790988e-04
-1 -1 0 2 3.447086e+01 8.504172e-04
0 1 3 4 4.610852e+01 1.137525e-03
2 4 -1 -1 7.858495e+01 1.938739e-03
2 3 -1 -1 2.956408e+01 7.293640e-04
5 
-1 -1 1 2 2.410475e+01 5.946790e-04
-1 -1 0 2 3.680648e+01 9.080384e-04
0 1 3 4 4.423162e+01 1.091221e-03
2 4 -1 -1 4.863418e+01 1.199835e-03
2 3 -1 -1 2.048150e+01 5.052912e-04
5 
-1 -1 1 2 4.807766e+01 1.186105e-03
-1 -1 0 2 1.957201e+01 4.828535e-04
0 1 3 4 5.803223e+01 1.431691e-03
2 4 -1 -1 6.109058e+00 1.507142e-04
2 3 -1 -1 2.427316e+01 5.988337e-04
5 
-1 -1 1 2 2.407183e+02 5.938669e-03
-1 -1 0 2 2.706481e+01 6.677055e-04
0 1 3 4 3.333940e+01 8.225033e-04
2 4 -1 -1 2.737909e+01 6.754588e-04
2 3 -1 -1 1.253317e+01 3.092010e-04
5 
-1 -1 1 2 2.407855e+01 5.940326e-04
-1 -1 0 2 3.244311e+01 8.003914e-04
0 1 3 4 3.541022e+01 8.735919e-04
2 4 -1 -1 2.001429e+01 4.937648e-04
2 3 -1 -1 2.156303e+01 5.319731e-04
5 
-1 -1 1 2 2.374061e+01 5.856954e-04
-1 -1 0 2 5.431433e+01 1.339968e-03
0 1 3 4 8.516517e+01 2.101077e-03
2 4 -1 -1 2.968031e+01 7.322314e-04
2 3 -1 -1 1.952886e+01 4.817889e-04
5 
-1 -1 1 2 2.845299e+01 7.019527e-04
-1 -1 0 2 2.725191e+01 6.723213e-04
0 1 3 4 2.316277e+01 5.714398e-04
2 4 -1 -1 6.189098e+01 1.526888e-03
2 3 -1 -1 2.699298e+02 6.659333e-03
5 
-1 -1 1 2 3.683339e+01 9.087022e-04
-1 -1 0 2 2.447370e+01 6.037813e-04
0 1 3 4 7.044580e+01 1.737941e-03
2 4 -1 -1 2.384276e+01 5.882156e-04
2 3 -1 -1 4.508282e+01 1.112221e-03
5 
-1 -1 1 2 2.915279e+01 7.192172e-04
-1 -1 0 2 3.874109e+01 9.557665e-04
0 1 3 4 2.057849e+01 5.076841e-04
2 4 -1 -1 8.848333e+01 2.182938e-03
2 3 -1 -1 9.268519e+00 2.286601e-04
5 
-1 -1 1 2 1.251747e+02 3.088137e-03
-1 -1 0 2 1.953261e+01 4.818814e-04
0 1 3 4 1.035074e+02 2.553590e-03
2 4 -1 -1 7.429757e+01 1.832967e-03
2 3 -1 -1 2.805855e+01 6.922215e-04
5 
-1 -1 1 2 5.346351e+00 1.318977e-04
-1 -1 0 2 6.130248e+01 1.512370e-03
0 1 3 4 3.481681e+01 8.589520e-04
2 4 -1 -1 9.224751e+00 2.275803e-04
2 3 -1 -1 2.470600e+01 6.095121e-04
5 
-1 -1 1 2 3.823986e+01 9.434008e-04
-1 -1 0 2 1.918260e+01 4.732464e-04
0 1 3 4 8.404266e+01 2.073384e-03
2 4 -1 -1 2.914224e+01 7.189569e-04
2 3 -1 -1 2.383864e+01 5.881139e-04
5 
-1 -1 1 2 1.875312e+01 4.626510e-04
-1 -1 0 2 1.622471e+01 4.002735e-04
0 1 3 4 6.607778e+01 1.630179e-03
2 4 -1 -1 3.038847e+01 7.497023e-04
2 3 -1 -1 5.268270e+01 1.299715e-03
5 
-1 -1 1 2 4.455375e+01 1.099168e-03
-1 -1 0 2 1.092417e+02 2.695061e-03
0 1 3 4 4.033439e+01 9.950741e-04
2 4 -1 -1 1.711485e+01 4.222339e-04
2 3 -1 -1 3.372900e+01 8.321151e-04
5 
-1 -1 1 2 2.826303e+01 6.972663e-04
-1 -1 0 2 3.032250e+01 7.480746e-04
0 1 3 4 7.743595e+01 1.910392e-03
2 4 -1 -1 3.628111e+01 8.950771e-04
2 3 -1 -1 5.026697e+01 1.240117e-03
5 
-1 -1 1 2 2.987615e+01 7.370629e-04
-1 -1 0 2 6.457892e+01 1.593202e-03
0 1 3 4 4.053913e+01 1.000125e-03
2 4 -1 -1 1.688310e+01 4.165164e-04
2 3 -1 -1 2.899930e+01 7.154306e-04
5 
-1 -1 1 2 9.371907e+00 2.312107e-04
-1 -1 0 2 1.548463e+01 3.820154e-04
0 1 3 4 4.470435e+01 1.102884e-03
2 4 -1 -1 6.150904e+01 1.517466e-03
2 3 -1 -1 1.207078e+01 2.977935e-04
5 
-1 -1 1 2 5.360336e+01 1.322428e-03
-1 -1 0 2 1.631906e+01 4.026013e-04
0 1 3 4 4.484161e+01 1.106270e-03
2 4 -1 -1 4.753007e+01 1.172596e-03
2 3 -1 -1 9.877165e+01 2.436757e-03
5 
-1 -1 1 2 2.368292e+01 5.842723e-04
-1 -1 0 2 2.940505e+01 7.254407e-04
0 1 3 4 4.139847e+01 1.021326e-03
2 4 -1 -1 3.032341e+01 7.480972e-04
2 3 -1 -1 1.785671e+01 4.405359e-04
5 
-1 -1 1 2 4.842838e+01 1.194758e-03
-1 -1 0 2 1.467849e+02 3.621274e-03
0 1 3 4 1.706230e+01 4.209373e-04
2 4 -1 -1 3.615882e+01 8.920602e-04
2 3 -1 -1 3.332707e+01 8.221993e-04
5 
-1 -1 1 2 1.555236e+01 3.836863e-04
-1 -1 0 2 4.860014e+01 1.198995e-03
0 1 3 4 8.542283e+01 2.107434e-03
2 4 -1 -1 3.226990e+01 7.961183e-04
2 3 -1 -1 2.325268e+01 5.736580e-04
5 
-1 -1 1 2 2.736893e+01 6.752083e-04
-1 -1 0 2 9.976062e+00 2.461156e-04
0 1 3 4 3.254507e+01 8.029069e-04
2 4 -1 -1 6.520863e+00 1.608737e-04
2 3 -1 -1 5.545944e+01 1.368218e-03
5 
-1 -1 1 2 2.578055e+01 6.360219e-04
-1 -1 0 2 2.224775e+01 5.488657e-04
0 1 3 4 5.423724e+01 1.338066e-03
2 4 -1 -1 1.377416e+01 3.398169e-04
2 3 -1 -1 5.050211e+01 1.245918e-03
5 
-1 -1 1 2 2.189165e+02 5.400805e-03
-1 -1 0 2 2.907081e+01 7.171948e-04
0 1 3 4 4.601619e+01 1.135248e-03
2 4 -1 -1 1.702194e+01 4.199418e-04
2 3 -1 -1 3.006403e+01 7.416982e-04
5 
-1 -1 1 2 1.228162e+01 3.029952e-04
-1 -1 0 2 3.751285e+01 9.254649e-04
0 1 3 4 2.377737e+01 5.866024e-04
2 4 -1 -1 2.747220e+01 6.777561e-04
2 3 -1 -1 6.061208e+01 1.495337e-03
5 
-1 -1 1 2 1.571824e+01 3.877787e-04
-1 -1 0 2 2.759465e+01 6.807769e-04
0 1 3 4 4.676407e+01 1.153698e-03
2 4 -1 -1 2.532180e+01 6.247042e-04
2 3 -1 -1 1.032773e+02 2.547914e-03
5 
-1 -1 1 2 2.149233e+01 5.302289e-04
-1 -1 0 2 7.655272e+01 1.888603e-03
0 1 3 4 5.134747e+01 1.266774e-03
2 4 -1 -1 1.938127e+01 4.781478e-04
2 3 -1 -1 2.764449e+01 6.820066e-04
5 
-1 -1 1 2 8.757323e+01 2.160485e-03
-1 -1 0 2 3.895477e+01 9.610381e-04
0 1 3 4 4.833262e+01 1.192395e-03
2 4 -1 -1 2.673228e+01 6.595018e-04
2 3 -1 -1 3.556303e+01 8.773617e-04
5 
-1 -1 1 2 1.469358e+01 3.624997e-04
-1 -1 0 2 1.196995e+01 2.953061e-04
0 1 3 4 3.344625e+01 8.251395e-04
2 4 -1 -1 4.694062e+01 1.158054e-03
2 3 -1 -1 1.916029e+01 4.726960e-04
5 
-1 -1 1 2 7.605398e+01 1.876298e-03
-1 -1 0 2 3.731534e+01 9.205924e-04
0 1 3 4 5.768857e+01 1.423212e-03
2 4 -1 -1 8.279440e+01 2.042589e-03
2 3 -1 -1 1.775998e+01 4.381496e-04
5 
-1 -1 1 2 3.582981e+01 8.839435e-04
-1 -1 0 2 1.623289e+01 4.004752e-04
0 1 3 4 7.049067e+01 1.739048e-03
2 4 -1 -1 3.354856e+01 8.276635e-04
2 3 -1 -1 5.572885e+01 1.374865e-03
5 
-1 -1 1 2 7.389591e+01 1.823057e-03
-1 -1 0 2 5.423920e+01 1.338114e-03
0 1 3 4 3.576979e+01 8.824628e-04
2 4 -1 -1 1.596521e+01 3.938715e-04
2 3 -1 -1 1.528949e+01 3.772010e-04
5 
-1 -1 1 2 2.271442e+01 5.603786e-04
-1 -1 0 2 3.504253e+01 8.645206e-04
0 1 3 4 2.572348e+01 6.346139e-04
2 4 -1 -1 6.095498e+01 1.503797e-03
2 3 -1 -1 3.052623e+01 7.531008e-04
5 
-1 -1 1 2 2.985634e+01 7.365743e-04
-1 -1 0 2 4.498295e+01 1.109757e-03
0 1 3 4 4.713230e+01 1.162783e-03
2 4 -1 -1 5.069168e+01 1.250595e-03
2 3 -1 -1 4.118716e+01 1.016113e-03
5 
-1 -1 1 2 3.881144e+01 9.575021e-04
-1 -1 0 2 1.702871e+01 4.201087e-04
0 1 3 4 8.748775e+01 2.158376e-03
2 4 -1 -1 2.104536e+01 5.192020e-04
2 3 -1 -1 1.922036e+01 4.741782e-04
5 
-1 -1 1 2 2.057849e+01 5.076840e-04
-1 -1 0 2 1.642374e+01 4.051837e-04
0 1 3 4 6.642244e+01 1.638682e-03
2 4 -1 -1 2.258119e+01 5.570918e-04
2 3 -1 -1 2.374638e+01 5.858376e-04
5 
-1 -1 1 2 2.766672e+01 6.825550e-04
-1 -1 0 2 1.218203e+02 3.005381e-03
0 1 3 4 4.639984e+01 1.144712e-03
2 4 -1 -1 5.319475e+01 1.312347e-03
2 3 -1 -1 1.270433e+02 3.134236e-03
5 
-1 -1 1 2 2.441611e+01 6.023605e-04
-1 -1 0 2 4.424640e+01 1.091586e-03
0 1 3 4 1.823718e+01 4.499224e-04
2 4 -1 -1 3.157193e+01 7.788990e-04
2 3 -1 -1 3.633615e+01 8.964351e-04
5 
-1 -1 1 2 1.048819e+01 2.587502e-04
-1 -1 0 2 8.712114e+01 2.149332e-03
0 1 3 4 1.103660e+02 2.722796e-03
2 4 -1 -1 1.867648e+01 4.607603e-04
2 3 -1 -1 1.482835e+01 3.658246e-04
5 
-1 -1 1 2 7.660512e+01 1.889895e-03
-1 -1 0 2 1.754913e+01 4.329478e-04
0 1 3 4 2.731100e+01 6.737791e-04
2 4 -1 -1 1.503057e+02 3.708133e-03
2 3 -1 -1 1.088665e+01 2.685804e-04
5 
-1 -1 1 2 6.573821e+01 1.621802e-03
-1 -1 0 2 4.247416e+01 1.047864e-03
0 1 3 4 7.413496e+01 1.828955e-03
2 4 -1 -1 9.953726e+01 2.455645e-03
2 3 -1 -1 4.141067e+01 1.021627e-03
5 
-1 -1 1 2 5.167110e+01 1.274758e-03
-1 -1 0 2 2.403617e+01 5.929870e-04
0 1 3 4 4.328240e+01 1.067803e-03
2 4 -1 -1 5.369644e+01 1.324724e-03
2 3 -1 -1 1.086878e+01 2.681394e-04
5 
-1 -1 1 2 1.175808e+02 2.900789e-03
-1 -1 0 2 9.979761e+00 2.462068e-04
0 1 3 4 3.426411e+01 8.453167e-04
2 4 -1 -1 8.873987e+01 2.189267e-03
2 3 -1 -1 1.515163e+01 3.738000e-04
5 
-1 -1 1 2 2.146974e+01 5.296716e-04
-1 -1 0 2 1.223787e+01 3.019158e-04
0 1 3 4 3.902703e+01 9.628208e-04
2 4 -1 -1 1.485928e+01 3.665875e-04
2 3 -1 -1 4.042135e+01 9.972194e-04
5 
-1 -1 1 2 1.178131e+01 2.906521e-04
-1 -1 0 2 2.278922e+01 5.622240e-04
0 1 3 4 6.160688e+01 1.519879e-03
2 4 -1 -1 7.813767e+01 1.927704e-03
2 3 -1 -1 9.397629e+00 2.318453e-04
5 
-1 -1 1 2 2.333848e+01 5.757746e-04
-1 -1 0 2 1.659911e+01 4.095101e-04
0 1 3 4 3.244920e+01 8.005417e-04
2 4 -1 -1 3.176613e+01 7.836898e-04
2 3 -1 -1 6.078463e+01 1.499594e-03
5 
-1 -1 1 2 3.246980e+01 8.010499e-04
-1 -1 0 2 4.612885e+01 1.138027e-03
0 1 3 4 4.632539e+01 1.142876e-03
2 4 -1 -1 1.407677e+01 3.472826e-04
2 3 -1 -1 3.908315e+01 9.642053e-04
5 
-1 -1 1 2 1.204896e+01 2.972552e-04
-1 -1 0 2 4.554589e+01 1.123645e-03
0 1 3 4 3.190212e+01 7.870448e-04
2 4 -1 -1 4.395689e+01 1.084443e-03
2 3 -1 -1 1.779770e+01 4.390803e-04
5 
-1 -1 1 2 5.120304e+01 1.263210e-03
-1 -1 0 2 1.526652e+01 3.766343e-04
0 1 3 4 3.713884e+01 9.162380e-04
2 4 -1 -1 3.885915e+01 9.586790e-04
2 3 -1 -1 4.208233e+01 1.038197e-03
5 
-1 -1 1 2 1.357608e+01 3.349301e-04
-1 -1 0 2 5.205200e+01 1.284155e-03
0 1 3 4 4.083036e+01 1.007310e-03
2 4 -1 -1 7.470168e+01 1.842936e-03
2 3 -1 -1 7.109913e+01 1.754059e-03
5 
-1 -1 1 2 4.367397e+01 1.077464e-03
-1 -1 0 2 6.072102e+01 1.498025e-03
0 1 3 4 4.557891e+01 1.124460e-03
2 4 -1 -1 2.716492e+01 6.701753e-04
2 3 -1 -1 4.793932e+01 1.182692e-03
5 
-1 -1 1 2 3.351771e+01 8.269025e-04
-1 -1 0 2 1.285158e+02 3.170563e-03
0 1 3 4 9.670841e+01 2.385856e-03
2 4 -1 -1 4.957844e+01 1.223130e-03
2 3 -1 -1 1.401696e+02 3.458070e-03
5 
-1 -1 1 2 5.932440e+00 1.463569e-04
-1 -1 0 2 2.544181e+01 6.276651e-04
0 1 3 4 4.169285e+01 1.028588e-03
2 4 -1 -1 2.383066e+01 5.879171e-04
2 3 -1 -1 1.992271e+01 4.915054e-04
5 
-1 -1 1 2 2.124007e+01 5.240055e-04
-1 -1 0 2 9.020806e+00 2.225488e-04
0 1 3 4 4.704231e+01 1.160563e-03
2 4 -1 -1 2.080449e+01 5.132597e-04
2 3 -1 -1 5.095232e+01 1.257025e-03
5 
-1 -1 1 2 2.997087e+01 7.393997e-04
-1 -1 0 2 3.834453e+01 9.459830e-04
0 1 3 4 3.695632e+01 9.117351e-04
2 4 -1 -1 9.748073e+01 2.404909e-03
2 3 -1 -1 2.270884e+01 5.602410e-04
5 
-1 -1 1 2 2.951586e+01 7.281743e-04
-1 -1 0 2 8.013454e+01 1.976968e-03
0 1 3 4 2.460629e+01 6.070523e-04
2 4 -1 -1 8.848647e+01 2.183015e-03
2 3 -1 -1 1.389192e+01 3.427221e-04
5 
-1 -1 1 2 2.159132e+01 5.326710e-04
-1 -1 0 2 9.922633e+01 2.447974e-03
0 1 3 4 2.613793e+01 6.448387e-04
2 4 -1 -1 5.793528e+01 1.429299e-03
2 3 -1 -1 1.833187e+01 4.522584e-04
5 
-1 -1 1 2 1.134557e+02 2.799022e-03
-1 -1 0 2 1.037061e+01 2.558492e-04
0 1 3 4 3.797642e+01 9.369016e-04
2 4 -1 -1 2.952893e+01 7.284968e-04
2 3 -1 -1 4.193501e+01 1.034562e-03
5 
-1 -1 1 2 4.046992e+01 9.984178e-04
-1 -1 0 2 4.701607e+01 1.159915e-03
0 1 3 4 1.025462e+02 2.529877e-03
2 4 -1 -1 1.021828e+01 2.520912e-04
2 3 -1 -1 6.931514e+01 1.710047e-03
5 
-1 -1 1 2 1.143890e+01 2.822047e-04
-1 -1 0 2 2.694544e+01 6.647605e-04
0 1 3 4 2.450494e+01 6.045520e-04
2 4 -1 -1 2.644140e+01 6.523257e-04
2 3 -1 -1 2.757468e+01 6.802844e-04
5 
-1 -1 1 2 1.248355e+02 3.079769e-03
-1 -1 0 2 2.334865e+01 5.760255e-04
0 1 3 4 3.859999e+01 9.522853e-04
2 4 -1 -1 2.887126e+01 7.122716e-04
2 3 -1 -1 3.305887e+01 8.155826e-04
5 
-1 -1 1 2 4.571581e+00 1.127837e-04
-1 -1 0 2 1.854863e+01 4.576062e-04
0 1 3 4 4.260221e+01 1.051023e-03
2 4 -1 -1 2.491768e+01 6.147344e-04
2 3 -1 -1 1.195724e+02 2.949923e-03
5 
-1 -1 1 2 5.700792e+01 1.406420e-03
-1 -1 0 2 9.035235e+01 2.229048e-03
0 1 3 4 4.546635e+01 1.121683e-03
2 4 -1 -1 2.133994e+01 5.264693e-04
2 3 -1 -1 5.570803e+01 1.374351e-03
5 
-1 -1 1 2 8.215519e+00 2.026819e-04
-1 -1 0 2 4.792476e+01 1.182333e-03
0 1 3 4 2.853068e+01 7.038693e-04
2 4 -1 -1 3.028919e+01 7.472528e-04
2 3 -1 -1 1.127642e+01 2.781962e-04
5 
-1 -1 1 2 4.599282e+01 1.134671e-03
-1 -1 0 2 7.408467e+01 1.827714e-03
0 1 3 4 3.880582e+01 9.573634e-04
2 4 -1 -1 2.768746e+01 6.830665e-04
2 3 -1 -1 1.016188e+01 2.506998e-04
5 
-1 -1 1 2 1.706943e+01 4.211133e-04
-1 -1 0 2 1.515378e+01 3.738531e-04
0 1 3 4 6.906041e+01 1.703763e-03
2 4 -1 -1 1.107675e+02 2.732703e-03
2 3 -1 -1 1.749291e+01 4.315607e-04
5 
-1 -1 1 2 3.099567e+01 7.646823e-04
-1 -1 0 2 2.227799e+01 5.496116e-04
0 1 3 4 3.515168e+01 8.672134e-04
2 4 -1 -1 2.266676e+01 5.592029e-04
2 3 -1 -1 1.346262e+01 3.321310e-04
5 
-1 -1 1 2 5.094268e+01 1.256787e-03
-1 -1 0 2 1.933485e+01 4.770027e-04
0 1 3 4 3.014682e+01 7.437405e-04
2 4 -1 -1 1.873815e+01 4.622815e-04
2 3 -1 -1 2.493220e+01 6.150928e-04
5 
-1 -1 1 2 2.560672e+01 6.317335e-04
-1 -1 0 2 3.999858e+01 9.867894e-04
0 1 3 4 3.861185e+01 9.525780e-04
2 4 -1 -1 4.209564e+01 1.038525e-03
2 3 -1 -1 3.625969e+01 8.945488e-04
5 
-1 -1 1 2 2.046845e+01 5.049693e-04
-1 -1 0 2 2.849372e+01 7.029575e-04
0 1 3 4 4.886908e+01 1.205630e-03
2 4 -1 -1 1.749355e+01 4.315766e-04
2 3 -1 -1 1.156390e+01 2.852884e-04
5 
-1 -1 1 2 2.796771e+01 6.899806e-04
-1 -1 0 2 2.579234e+01 6.363128e-04
0 1 3 4 4.290695e+01 1.058541e-03
2 4 -1 -1 3.108371e+01 7.668542e-04
2 3 -1 -1 1.959301e+01 4.833716e-04
5 
-1 -1 1 2 1.217901e+01 3.004637e-04
-1 -1 0 2 2.783561e+01 6.867217e-04
0 1 3 4 5.372744e+01 1.325489e-03
2 4 -1 -1 9.512151e+00 2.346706e-04
2 3 -1 -1 3.298738e+01 8.138188e-04
5 
-1 -1 1 2 4.744536e+01 1.170506e-03
-1 -1 0 2 1.257664e+01 3.102734e-04
0 1 3 4 5.657338e+01 1.395700e-03
2 4 -1 -1 8.766531e+01 2.162757e-03
2 3 -1 -1 6.466847e+01 1.595411e-03
5 
-1 -1 1 2 2.190475e+01 5.404036e-04
-1 -1 0 2 4.661205e+01 1.149948e-03
0 1 3 4 5.396037e+01 1.331235e-03
2 4 -1 -1 3.240890e+01 7.995475e-04
2 3 -1 -1 4.740086e+01 1.169408e-03
5 
-1 -1 1 2 2.584860e+01 6.377007e-04
-1 -1 0 2 2.084534e+01 5.142672e-04
0 1 3 4 6.372002e+01 1.572012e-03
2 4 -1 -1 1.819627e+01 4.489132e-04
2 3 -1 -1 1.271473e+01 3.136802e-04
5 
-1 -1 1 2 6.630388e+01 1.635757e-03
-1 -1 0 2 1.709081e+01 4.216409e-04
0 1 3 4 3.160770e+01 7.797814e-04
2 4 -1 -1 1.798559e+01 4.437154e-04
2 3 -1 -1 1.765395e+02 4.355337e-03
5 
-1 -1 1 2 7.899973e+01 1.948972e-03
-1 -1 0 2 8.588928e+01 2.118941e-03
0 1 3 4 5.735586e+01 1.415004e-03
2 4 -1 -1 3.530037e+01 8.708819e-04
2 3 -1 -1 7.934543e+01 1.957500e-03
5 
-1 -1 1 2 2.063882e+01 5.091725e-04
-1 -1 0 2 1.232671e+01 3.041075e-04
0 1 3 4 4.082988e+01 1.007298e-03
2 4 -1 -1 2.137880e+01 5.274282e-04
2 3 -1 -1 4.100712e+01 1.011671e-03
5 
-1 -1 1 2 8.731240e+00 2.154051e-04
-1 -1 0 2 3.622688e+01 8.937394e-04
0 1 3 4 5.285176e+01 1.303885e-03
2 4 -1 -1 2.194129e+01 5.413051e-04
2 3 -1 -1 2.634624e+01 6.499778e-04
5 
-1 -1 1 2 1.918488e+01 4.733027e-04
-1 -1 0 2 1.316942e+01 3.248976e-04
0 1 3 4 4.042356e+01 9.972741e-04
2 4 -1 -1 1.842596e+01 4.545798e-04
2 3 -1 -1 2.396551e+00 5.912438e-05
5 
-1 -1 1 2 3.547926e+01 8.752952e-04
-1 -1 0 2 1.281939e+01 3.162623e-04
0 1 3 4 4.226452e+01 1.042692e-03
2 4 -1 -1 5.394033e+01 1.330741e-03
2 3 -1 -1 2.173689e+01 5.362625e-04
5 
-1 -1 1 2 3.531051e+01 8.711318e-04
-1 -1 0 2 7.097654e+01 1.751035e-03
0 1 3 4 4.545925e+01 1.121508e-03
2 4 -1 -1 2.132860e+01 5.261896e-04
2 3 -1 -1 1.289454e+01 3.181163e-04
5 
-1 -1 1 2 1.204772e+01 2.972246e-04
-1 -1 0 2 6.903613e+01 1.703164e-03
0 1 3 4 5.665229e+01 1.397647e-03
2 4 -1 -1 2.408425e+01 5.941733e-04
2 3 -1 -1 4.317530e+01 1.065161e-03
5 
-1 -1 1 2 2.255825e+01 5.565259e-04
-1 -1 0 2 3.115153e+01 7.685274e-04
0 1 3 4 3.447541e+01 8.505294e-04
2 4 -1 -1 1.642356e+01 4.051794e-04
2 3 -1 -1 1.553056e+01 3.831485e-04
5 
-1 -1 1 2 2.863726e+01 7.064988e-04
-1 -1 0 2 1.926653e+01 4.753170e-04
0 1 3 4 4.473116e+01 1.103545e-03
2 4 -1 -1 9.933409e+01 2.450633e-03
2 3 -1 -1 1.354409e+01 3.341410e-04
5 
-1 -1 1 2 1.524525e+01 3.761095e-04
-1 -1 0 2 1.216622e+02 3.001480e-03
0 1 3 4 2.236470e+01 5.517510e-04
2 4 -1 -1 2.032855e+01 5.015178e-04
2 3 -1 -1 3.098860e+01 7.645078e-04
5 
-1 -1 1 2 2.254803e+01 5.562738e-04
-1 -1 0 2 4.039325e+01 9.965263e-04
0 1 3 4 4.849692e+01 1.196449e-03
2 4 -1 -1 2.400997e+01 5.923406e-04
2 3 -1 -1 6.321080e+01 1.559449e-03
5 
-1 -1 1 2 9.535354e+00 2.352430e-04
-1 -1 0 2 3.292729e+01 8.123365e-04
0 1 3 4 2.646919e+01 6.530112e-04
2 4 -1 -1 1.756530e+01 4.333467e-04
2 3 -1 -1 8.592002e+01 2.119699e-03
5 
-1 -1 1 2 1.578544e+01 3.894364e-04
-1 -1 0 2 2.481493e+01 6.121995e-04
0 1 3 4 5.759993e+01 1.421026e-03
2 4 -1 -1 3.147356e+01 7.764721e-04
2 3 -1 -1 2.131246e+01 5.257916e-04
5 
-1 -1 1 2 1.860734e+01 4.590544e-04
-1 -1 0 2 4.727814e+01 1.166381e-03
0 1 3 4 3.364509e+01 8.300451e-04
2 4 -1 -1 1.561971e+01 3.853477e-04
2 3 -1 -1 3.790608e+01 9.351663e-04
5 
-1 -1 1 2 4.748049e+01 1.171373e-03
-1 -1 0 2 1.974766e+01 4.871870e-04
0 1 3 4 3.274343e+01 8.078005e-04
2 4 -1 -1 5.842289e+01 1.441329e-03
2 3 -1 -1 2.516076e+01 6.207314e-04
5 
-1 -1 1 2 3.238737e+01 7.990162e-04
-1 -1 0 2 3.626587e+01 8.947013e-04
0 1 3 4 3.466510e+01 8.552093e-04
2 4 -1 -1 4.643690e+01 1.145627e-03
2 3 -1 -1 5.084149e+01 1.254291e-03
5 
-1 -1 1 2 2.459889e+01 6.068698e-04
-1 -1 0 2 8.452078e+01 2.085180e-03
0 1 3 4 3.748873e+01 9.248701e-04
2 4 -1 -1 5.968902e+01 1.472565e-03
2 3 -1 -1 6.946510e+01 1.713747e-03
5 
-1 -1 1 2 3.609753e+01 8.905483e-04
-1 -1 0 2 6.153378e+01 1.518076e-03
0 1 3 4 2.790328e+01 6.883909e-04
2 4 -1 -1 3.852462e+01 9.504260e-04
2 3 -1 -1 2.097980e+01 5.175846e-04
5 
-1 -1 1 2 3.370300e+01 8.314738e-04
-1 -1 0 2 3.464283e+01 8.546600e-04
0 1 3 4 4.671711e+01 1.152540e-03
2 4 -1 -1 1.107598e+01 2.732511e-04
2 3 -1 -1 3.477016e+01 8.578011e-04
5 
-1 -1 1 2 7.238017e+01 1.785663e-03
-1 -1 0 2 2.364445e+01 5.833230e-04
0 1 3 4 4.800657e+01 1.184352e-03
2 4 -1 -1 3.231127e+01 7.971388e-04
2 3 -1 -1 3.375099e+01 8.326576e-04
5 
-1 -1 1 2 7.435554e+00 1.834397e-04
-1 -1 0 2 1.873428e+01 4.621863e-04
0 1 3 4 3.880496e+01 9.573421e-04
2 4 -1 -1 7.424319e+01 1.831625e-03
2 3 -1 -1 1.440271e+01 3.553236e-04
5 
-1 -1 1 2 1.207479e+01 2.978925e-04
-1 -1 0 2 1.869315e+01 4.611714e-04
0 1 3 4 3.448397e+01 8.507406e-04
2 4 -1 -1 2.387613e+01 5.890387e-04
2 3 -1 -1 6.525553e+01 1.609894e-03
5 
-1 -1 1 2 1.420063e+01 3.503382e-04
-1 -1 0 2 2.334658e+01 5.759745e-04
0 1 3 4 7.801493e+01 1.924676e-03
2 4 -1 -1 3.442936e+01 8.493934e-04
2 3 -1 -1 3.401693e+01 8.392186e-04
5 
-1 -1 1 2 1.869946e+01 4.613272e-04
-1 -1 0 2 1.195814e+02 2.950146e-03
0 1 3 4 3.277594e+01 8.086026e-04
2 4 -1 -1 2.155138e+01 5.316858e-04
2 3 -1 -1 2.042398e+01 5.038720e-04
5 
-1 -1 1 2 1.953301e+02 4.818915e-03
-1 -1 0 2 1.051244e+01 2.593483e-04
0 1 3 4 2.330812e+01 5.750257e-04
2 4 -1 -1 2.849168e+01 7.029072e-04
2 3 -1 -1 3.226945e+01 7.961072e-04
5 
-1 -1 1 2 4.033170e+01 9.950077e-04
-1 -1 0 2 5.083126e+01 1.254038e-03
0 1 3 4 4.028499e+01 9.938554e-04
2 4 -1 -1 2.413578e+01 5.954446e-04
2 3 -1 -1 4.572940e+01 1.128172e-03
5 
-1 -1 1 2 2.535659e+01 6.255627e-04
-1 -1 0 2 5.924716e+01 1.461664e-03
0 1 3 4 1.618842e+01 3.993783e-04
2 4 -1 -1 3.853572e+01 9.507000e-04
2 3 -1 -1 2.663773e+01 6.571692e-04
5 
-1 -1 1 2 4.157140e+01 1.025592e-03
-1 -1 0 2 1.123930e+02 2.772804e-03
0 1 3 4 4.461576e+01 1.100698e-03
2 4 -1 -1 2.094389e+01 5.166985e-04
2 3 -1 -1 2.926329e+01 7.219434e-04
5 
-1 -1 1 2 6.477962e+01 1.598153e-03
-1 -1 0 2 7.079369e+01 1.746524e-03
0 1 3 4 6.887484e+01 1.699185e-03
2 4 -1 -1 2.351539e+01 5.801391e-04
2 3 -1 -1 2.012570e+01 4.965133e-04
5 
-1 -1 1 2 2.047068e+01 5.050243e-04
-1 -1 0 2 3.449380e+01 8.509833e-04
0 1 3 4 4.751837e+01 1.172307e-03
2 4 -1 -1 1.663047e+01 4.102839e-04
2 3 -1 -1 1.180841e+02 2.913206e-03
5 
-1 -1 1 2 1.660498e+01 4.096551e-04
-1 -1 0 2 2.097948e+01 5.175767e-04
0 1 3 4 6.368299e+01 1.571098e-03
2 4 -1 -1 1.494915e+01 3.688047e-04
2 3 -1 -1 2.209426e+01 5.450789e-04
5 
-1 -1 1 2 1.315943e+02 3.246512e-03
-1 -1 0 2 1.810364e+01 4.466280e-04
0 1 3 4 2.271308e+01 5.603457e-04
2 4 -1 -1 3.847163e+01 9.491186e-04
2 3 -1 -1 1.493673e+01 3.684983e-04
5 
-1 -1 1 2 6.503960e+01 1.604567e-03
-1 -1 0 2 2.111398e+01 5.208949e-04
0 1 3 4 3.814355e+01 9.410248e-04
2 4 -1 -1 2.777570e+01 6.852437e-04
2 3 -1 -1 3.163781e+01 7.805242e-04
5 
-1 -1 1 2 4.659147e+01 1.149440e-03
-1 -1 0 2 7.283924e+01 1.796989e-03
0 1 3 4 7.392496e+01 1.823774e-03
2 4 -1 -1 1.216683e+02 3.001632e-03
2 3 -1 -1 2.900069e+01 7.154647e-04
5 
-1 -1 1 2 3.384149e+01 8.348903e-04
-1 -1 0 2 4.597968e+01 1.134347e-03
0 1 3 4 6.503224e+01 1.604385e-03
2 4 -1 -1 2.548702e+01 6.287804e-04
2 3 -1 -1 8.916285e+01 2.199702e-03
5 
-1 -1 1 2 3.514110e+01 8.669524e-04
-1 -1 0 2 4.373059e+01 1.078861e-03
0 1 3 4 4.853084e+01 1.197286e-03
2 4 -1 -1 2.821210e+01 6.960098e-04
2 3 -1 -1 2.077269e+01 5.124751e-04
5 
-1 -1 1 2 5.987612e+01 1.477181e-03
-1 -1 0 2 5.153509e+01 1.271402e-03
0 1 3 4 5.227792e+01 1.289728e-03
2 4 -1 -1 5.484766e+01 1.353126e-03
2 3 -1 -1 2.278590e+01 5.621422e-04
5 
-1 -1 1 2 2.099565e+01 5.179756e-04
-1 -1 0 2 1.202053e+01 2.965538e-04
0 1 3 4 4.014751e+01 9.904638e-04
2 4 -1 -1 1.200153e+02 2.960850e-03
2 3 -1 -1 3.198503e+01 7.890903e-04
5 
-1 -1 1 2 2.008115e+01 4.954142e-04
-1 -1 0 2 6.201114e+01 1.529853e-03
0 1 3 4 2.536738e+01 6.258288e-04
2 4 -1 -1 2.207049e+01 5.444926e-04
2 3 -1 -1 8.325639e+01 2.053986e-03
5 
-1 -1 1 2 1.180899e+01 2.913350e-04
-1 -1 0 2 3.298921e+01 8.138640e-04
0 1 3 4 5.766714e+01 1.422684e-03
2 4 -1 -1 1.581035e+01 3.900511e-04
2 3 -1 -1 4.936480e+01 1.217860e-03
5 
-1 -1 1 2 4.786514e+01 1.180862e-03
-1 -1 0 2 2.718050e+01 6.705597e-04
0 1 3 4 5.410477e+01 1.334798e-03
2 4 -1 -1 1.454389e+02 3.588066e-03
2 3 -1 -1 1.979380e+01 4.883252e-04
5 
-1 -1 1 2 7.523033e+01 1.855978e-03
-1 -1 0 2 1.286696e+01 3.174357e-04
0 1 3 4 9.253809e+01 2.282972e-03
2 4 -1 -1 4.503407e+01 1.111018e-03
2 3 -1 -1 3.535221e+01 8.721606e-04
5 
-1 -1 1 2 1.895544e+01 4.676422e-04
-1 -1 0 2 8.461523e+01 2.087510e-03
0 1 3 4 5.520092e+01 1.361841e-03
2 4 -1 -1 2.514067e+01 6.202357e-04
2 3 -1 -1 1.944223e+01 4.796519e-04
5 
-1 -1 1 2 2.105990e+01 5.195605e-04
-1 -1 0 2 1.702957e+01 4.201300e-04
0 1 3 4 3.151214e+01 7.774238e-04
2 4 -1 -1 1.611541e+01 3.975771e-04
2 3 -1 -1 2.131023e+01 5.257365e-04
5 
-1 -1 1 2 1.453897e+01 3.586854e-04
-1 -1 0 2 1.339814e+02 3.305403e-03
0 1 3 4 4.114022e+01 1.014955e-03
2 4 -1 -1 2.249030e+01 5.548494e-04
2 3 -1 -1 1.842110e+01 4.544598e-04
5 
-1 -1 1 2 4.319401e+01 1.065623e-03
-1 -1 0 2 2.184754e+01 5.389921e-04
0 1 3 4 3.155829e+01 7.785624e-04
2 4 -1 -1 8.053515e+01 1.986851e-03
2 3 -1 -1 2.195848e+01 5.417291e-04
5 
-1 -1 1 2 1.543065e+01 3.806837e-04
-1 -1 0 2 2.699425e+01 6.659648e-04
0 1 3 4 3.071079e+01 7.576541e-04
2 4 -1 -1 4.554928e+01 1.123729e-03
2 3 -1 -1 4.440801e+01 1.095573e-03
5 
-1 -1 1 2 2.400139e+01 5.921291e-04
-1 -1 0 2 1.866567e+01 4.604935e-04
0 1 3 4 3.473634e+01 8.569668e-04
2 4 -1 -1 3.361116e+01 8.292080e-04
2 3 -1 -1 3.233986e+01 7.978441e-04
5 
-1 -1 1 2 7.760049e+00 1.914452e-04
-1 -1 0 2 5.005655e+01 1.234926e-03
0 1 3 4 2.624447e+01 6.474671e-04
2 4 -1 -1 7.403553e+00 1.826502e-04
2 3 -1 -1 2.339872e+01 5.772607e-04
5 
-1 -1 1 2 2.707197e+01 6.678822e-04
-1 -1 0 2 2.021693e+01 4.987640e-04
0 1 3 4 4.219721e+01 1.041031e-03
2 4 -1 -1 3.746243e+01 9.242210e-04
2 3 -1 -1 8.188049e+01 2.020042e-03
5 
-1 -1 1 2 2.230809e+01 5.503543e-04
-1 -1 0 2 2.182812e+01 5.385130e-04
0 1 3 4 7.001532e+01 1.727321e-03
2 4 -1 -1 4.574718e+01 1.128611e-03
2 3 -1 -1 6.778366e+01 1.672264e-03
5 
-1 -1 1 2 3.233423e+01 7.977053e-04
-1 -1 0 2 3.738048e+01 9.221994e-04
0 1 3 4 2.757183e+01 6.802141e-04
2 4 -1 -1 1.125958e+01 2.777807e-04
2 3 -1 -1 2.685641e+01 6.625641e-04
5 
-1 -1 1 2 2.976603e+01 7.343462e-04
-1 -1 0 2 3.944403e+01 9.731085e-04
0 1 3 4 7.497743e+01 1.849739e-03
2 4 -1 -1 1.063415e+01 2.623510e-04
2 3 -1 -1 7.818096e+01 1.928772e-03
5 
-1 -1 1 2 2.232065e+01 5.506641e-04
-1 -1 0 2 1.048484e+01 2.586674e-04
0 1 3 4 2.905971e+01 7.169209e-04
2 4 -1 -1 7.692916e+01 1.897889e-03
2 3 -1 -1 1.921778e+01 4.741143e-04
5 
-1 -1 1 2 4.518002e+01 1.114619e-03
-1 -1 0 2 2.024883e+01 4.995510e-04
0 1 3 4 1.046508e+02 2.581800e-03
2 4 -1 -1 3.806538e+01 9.390964e-04
2 3 -1 -1 2.749381e+01 6.782891e-04
5 
-1 -1 1 2 3.615964e+01 8.920804e-04
-1 -1 0 2 4.410524e+01 1.088103e-03
0 1 3 4 2.734946e+01 6.747279e-04
2 4 -1 -1 1.370483e+01 3.381065e-04
2 3 -1 -1 1.259614e+01 3.107545e-04
5 
-1 -1 1 2 4.748728e+01 1.171540e-03
-1 -1 0 2 1.391023e+01 3.431738e-04
0 1 3 4 2.577862e+01 6.359745e-04
2 4 -1 -1 2.091051e+01 5.158752e-04
2 3 -1 -1 1.449048e+01 3.574889e-04
5 
-1 -1 1 2 2.186662e+01 5.394630e-04
-1 -1 0 2 7.303113e+01 1.801723e-03
0 1 3 4 4.190289e+01 1.033770e-03
2 4 -1 -1 3.593428e+01 8.865206e-04
2 3 -1 -1 5.087093e+01 1.255017e-03
5 
-1 -1 1 2 8.764291e+01 2.162204e-03
-1 -1 0 2 8.621859e+01 2.127066e-03
0 1 3 4 4.859462e+01 1.198859e-03
2 4 -1 -1 3.293700e+01 8.125760e-04
2 3 -1 -1 2.164740e+01 5.340548e-04
5 
-1 -1 1 2 2.040246e+01 5.033412e-04
-1 -1 0 2 5.900797e+01 1.455763e-03
0 1 3 4 8.407311e+01 2.074135e-03
2 4 -1 -1 4.903564e+01 1.209739e-03
2 3 -1 -1 5.176913e+01 1.277176e-03
5 
-1 -1 1 2 6.264848e+00 1.545576e-04
-1 -1 0 2 1.931223e+01 4.764447e-04
0 1 3 4 3.177508e+01 7.839108e-04
2 4 -1 -1 1.078255e+02 2.660121e-03
2 3 -1 -1 3.618221e+01 8.926372e-04
5 
-1 -1 1 2 5.563613e+01 1.372577e-03
-1 -1 0 2 2.862233e+01 7.061304e-04
0 1 3 4 6.130929e+01 1.512538e-03
2 4 -1 -1 4.684573e+01 1.155713e-03
2 3 -1 -1 1.528561e+01 3.771053e-04
5 
-1 -1 1 2 2.017535e+01 4.977382e-04
-1 -1 0 2 1.929631e+01 4.760518e-04
0 1 3 4 4.635700e+01 1.143656e-03
2 4 -1 -1 2.637953e+01 6.507992e-04
2 3 -1 -1 3.559899e+01 8.782490e-04
5 
-1 -1 1 2 3.957785e+01 9.764098e-04
-1 -1 0 2 1.225041e+01 3.022251e-04
0 1 3 4 4.768551e+01 1.176431e-03
2 4 -1 -1 5.109663e+00 1.260585e-04
2 3 -1 -1 1.453304e+01 3.585390e-04
5 
-1 -1 1 2 2.673494e+01 6.595674e-04
-1 -1 0 2 2.007901e+01 4.953614e-04
0 1 3 4 5.205548e+01 1.284241e-03
2 4 -1 -1 1.732336e+01 4.273779e-04
2 3 -1 -1 3.149167e+01 7.769188e-04
5 
-1 -1 1 2 3.353318e+01 8.272842e-04
-1 -1 0 2 3.975375e+01 9.807493e-04
0 1 3 4 4.174279e+01 1.029820e-03
2 4 -1 -1 5.783289e+01 1.426773e-03
2 3 -1 -1 4.982642e+01 1.229248e-03
5 
-1 -1 1 2 3.809798e+01 9.399004e-04
-1 -1 0 2 5.160265e+01 1.273069e-03
0 1 3 4 4.847113e+01 1.195813e-03
2 4 -1 -1 6.256194e+00 1.543441e-04
2 3 -1 -1 6.945469e+01 1.713490e-03
5 
-1 -1 1 2 2.259452e+02 5.574207e-03
-1 -1 0 2 3.823306e+01 9.432331e-04
0 1 3 4 3.165299e+01 7.808987e-04
2 4 -1 -1 1.726341e+01 4.258990e-04
2 3 -1 -1 1.282367e+01 3.163679e-04
5 
-1 -1 1 2 1.281048e+01 3.160423e-04
-1 -1 0 2 1.570833e+01 3.875340e-04
0 1 3 4 5.799159e+01 1.430688e-03
2 4 -1 -1 1.805784e+01 4.454980e-04
2 3 -1 -1 2.768769e+01 6.830724e-04
5 
-1 -1 1 2 3.975314e+01 9.807344e-04
-1 -1 0 2 1.948784e+01 4.807770e-04
0 1 3 4 6.285217e+01 1.550602e-03
2 4 -1 -1 4.781995e+01 1.179747e-03
2 3 -1 -1 2.130820e+01 5.256863e-04
5 
-1 -1 1 2 2.470839e+01 6.095711e-04
-1 -1 0 2 4.311274e+01 1.063618e-03
0 1 3 4 5.805498e+01 1.432252e-03
2 4 -1 -1 6.056942e+01 1.494285e-03
2 3 -1 -1 3.981313e+01 9.822143e-04
5 
-1 -1 1 2 2.295329e+01 5.662717e-04
-1 -1 0 2 9.080560e+00 2.240230e-04
0 1 3 4 3.303382e+01 8.149645e-04
2 4 -1 -1 3.931461e+01 9.699154e-04
2 3 -1 -1 4.695039e+01 1.158295e-03
5 
-1 -1 1 2 5.648625e+01 1.393550e-03
-1 -1 0 2 2.207494e+01 5.446022e-04
0 1 3 4 6.380214e+01 1.574038e-03
2 4 -1 -1 2.568082e+01 6.335616e-04
2 3 -1 -1 1.949851e+01 4.810402e-04
5 
-1 -1 1 2 3.362032e+01 8.294339e-04
-1 -1 0 2 3.870824e+01 9.549561e-04
0 1 3 4 3.669781e+01 9.053574e-04
2 4 -1 -1 1.229160e+02 3.032414e-03
2 3 -1 -1 1.276357e+01 3.148850e-04
5 
-1 -1 1 2 3.406332e+01 8.403630e-04
-1 -1 0 2 5.309110e+01 1.309790e-03
0 1 3 4 3.741165e+01 9.229682e-04
2 4 -1 -1 2.411197e+01 5.948571e-04
2 3 -1 -1 6.582802e+01 1.624018e-03
5 
-1 -1 1 2 2.046558e+01 5.048983e-04
-1 -1 0 2 1.059436e+02 2.613693e-03
0 1 3 4 6.292102e+01 1.552300e-03
2 4 -1 -1 3.462962e+01 8.543340e-04
2 3 -1 -1 9.141921e+01 2.255368e-03
5 
-1 -1 1 2 5.091580e+01 1.256124e-03
-1 -1 0 2 2.896512e+01 7.145872e-04
0 1 3 4 7.529031e+01 1.857458e-03
2 4 -1 -1 3.200334e+01 7.895421e-04
2 3 -1 -1 5.963195e+01 1.471157e-03
5 
-1 -1 1 2 8.736472e+00 2.155341e-04
-1 -1 0 2 9.205335e+01 2.271013e-03
0 1 3 4 8.101456e+01 1.998679e-03
2 4 -1 -1 6.386275e+01 1.575533e-03
2 3 -1 -1 2.372225e+01 5.852424e-04
5 
-1 -1 1 2 2.185006e+01 5.390543e-04
-1 -1 0 2 2.250281e+01 5.551580e-04
0 1 3 4 2.769935e+01 6.833600e-04
2 4 -1 -1 3.612479e+01 8.912207e-04
2 3 -1 -1 2.648432e+01 6.533845e-04
5 
-1 -1 1 2 5.106533e+01 1.259813e-03
-1 -1 0 2 1.920816e+01 4.738770e-04
0 1 3 4 3.463337e+01 8.544264e-04
2 4 -1 -1 9.902154e+01 2.442922e-03
2 3 -1 -1 3.670178e+01 9.054555e-04
5 
-1 -1 1 2 2.318188e+01 5.719113e-04
-1 -1 0 2 8.498795e+00 2.096705e-04
0 1 3 4 4.664550e+01 1.150773e-03
2 4 -1 -1 3.423155e+01 8.445132e-04
2 3 -1 -1 4.176182e+01 1.030290e-03
5 
-1 -1 1 2 3.582023e+01 8.837070e-04
-1 -1 0 2 1.408582e+01 3.475057e-04
0 1 3 4 5.034981e+01 1.242161e-03
2 4 -1 -1 1.731896e+01 4.272693e-04
2 3 -1 -1 1.672311e+01 4.125693e-04
5 
-1 -1 1 2 4.004694e+01 9.879825e-04
-1 -1 0 2 3.883054e+01 9.579733e-04
0 1 3 4 4.978449e+01 1.228214e-03
2 4 -1 -1 4.926275e+01 1.215342e-03
2 3 -1 -1 3.045044e+01 7.512310e-04
5 
-1 -1 1 2 3.611370e+01 8.909471e-04
-1 -1 0 2 1.389842e+01 3.428826e-04
0 1 3 4 4.117015e+01 1.015693e-03
2 4 -1 -1 3.358201e+01 8.284889e-04
2 3 -1 -1 3.528164e+01 8.704197e-04
5 
-1 -1 1 2 3.942886e+01 9.727342e-04
-1 -1 0 2 3.665151e+01 9.042153e-04
0 1 3 4 2.858570e+01 7.052267e-04
2 4 -1 -1 1.923261e+01 4.744802e-04
2 3 -1 -1 2.930837e+01 7.230556e-04
5 
-1 -1 1 2 1.561892e+01 3.853283e-04
-1 -1 0 2 2.861666e+01 7.059906e-04
0 1 3 4 3.222409e+01 7.949881e-04
2 4 -1 -1 2.672356e+01 6.592865e-04
2 3 -1 -1 6.088719e+00 1.502124e-04
5 
-1 -1 1 2 4.584063e+01 1.130917e-03
-1 -1 0 2 2.398004e+01 5.916023e-04
0 1 3 4 6.086735e+01 1.501635e-03
2 4 -1 -1 4.859197e+01 1.198794e-03
2 3 -1 -1 3.567542e+01 8.801345e-04
5 
-1 -1 1 2 1.612915e+01 3.979159e-04
-1 -1 0 2 3.690432e+01 9.104522e-04
0 1 3 4 3.238599e+01 7.989823e-04
2 4 -1 -1 1.620717e+01 3.998409e-04
2 3 -1 -1 1.553887e+01 3.833534e-04
5 
-1 -1 1 2 3.622292e+01 8.936416e-04
-1 -1 0 2 3.822484e+01 9.430302e-04
0 1 3 4 3.002940e+01 7.408437e-04
2 4 -1 -1 2.910020e+01 7.179198e-04
2 3 -1 -1 1.559495e+01 3.847371e-04
5 
-1 -1 1 2 6.551398e+01 1.616270e-03
-1 -1 0 2 3.851923e+01 9.502930e-04
0 1 3 4 5.415738e+01 1.336096e-03
2 4 -1 -1 4.599305e+01 1.134677e-03
2 3 -1 -1 1.438671e+01 3.549289e-04
5 
-1 -1 1 2 5.037880e+01 1.242876e-03
-1 -1 0 2 1.984469e+02 4.895807e-03
0 1 3 4 7.436570e+01 1.834647e-03
2 4 -1 -1 1.346955e+01 3.323019e-04
2 3 -1 -1 1.703423e+01 4.202448e-04
5 
-1 -1 1 2 2.316081e+01 5.713913e-04
-1 -1 0 2 3.436524e+01 8.478115e-04
0 1 3 4 2.953768e+01 7.287126e-04
2 4 -1 -1 1.661608e+01 4.099288e-04
2 3 -1 -1 3.604088e+01 8.891506e-04
5 
-1 -1 1 2 9.996230e+01 2.466131e-03
-1 -1 0 2 7.356474e+01 1.814887e-03
0 1 3 4 3.235455e+01 7.982066e-04
2 4 -1 -1 1.257249e+01 3.101710e-04
2 3 -1 -1 2.009295e+01 4.957054e-04
5 
-1 -1 1 2 5.261750e+01 1.298106e-03
-1 -1 0 2 6.853597e+01 1.690824e-03
0 1 3 4 2.761384e+01 6.812503e-04
2 4 -1 -1 1.346532e+01 3.321977e-04
2 3 -1 -1 8.585434e+01 2.118079e-03
5 
-1 -1 1 2 2.248057e+01 5.546094e-04
-1 -1 0 2 4.905190e+01 1.210140e-03
0 1 3 4 1.949974e+01 4.810705e-04
2 4 -1 -1 4.019801e+01 9.917096e-04
2 3 -1 -1 8.843476e+01 2.181740e-03
