H 
4.000000e+01 
200 
5 
-1 -1 1 2 9.973263e+01 1.538059e-03
-1 -1 0 2 6.057342e+01 9.341526e-04
0 1 3 4 1.077436e+02 1.661603e-03
2 4 -1 -1 4.452227e+01 6.866145e-04
2 3 -1 -1 3.297651e+01 5.085579e-04
5 
-1 -1 1 2 1.736243e+02 2.677604e-03
-1 -1 0 2 8.528733e+01 1.315286e-03
0 1 3 4 1.356127e+02 2.091395e-03
2 4 -1 -1 2.308225e+01 3.559704e-04
2 3 -1 -1 1.233041e+02 1.901574e-03
5 
-1 -1 1 2 6.690514e+01 1.031799e-03
-1 -1 0 2 4.269838e+01 6.584868e-04
0 1 3 4 1.495192e+02 2.305859e-03
2 4 -1 -1 4.580013e+01 7.063215e-04
2 3 -1 -1 1.993166e+01 3.073825e-04
5 
-1 -1 1 2 7.945740e+01 1.225378e-03
-1 -1 0 2 2.052581e+01 3.165454e-04
0 1 3 4 9.037842e+01 1.393800e-03
2 4 -1 -1 4.274627e+01 6.592253e-04
2 3 -1 -1 4.414281e+01 6.807626e-04
5 
-1 -1 1 2 1.786137e+01 2.754549e-04
-1 -1 0 2 4.348185e+01 6.705693e-04
0 1 3 4 1.056767e+02 1.629728e-03
2 4 -1 -1 3.869840e+01 5.967999e-04
2 3 -1 -1 5.851457e+01 9.024014e-04
5 
-1 -1 1 2 2.849455e+01 4.394379e-04
-1 -1 0 2 1.426397e+01 2.199764e-04
0 1 3 4 8.213024e+01 1.266598e-03
2 4 -1 -1 3.518720e+01 5.426507e-04
2 3 -1 -1 3.292158e+01 5.077108e-04
5 
-1 -1 1 2 3.666396e+01 5.654251e-04
-1 -1 0 2 2.516186e+01 3.880418e-04
0 1 3 4 7.703900e+01 1.188082e-03
2 4 -1 -1 3.006169e+01 4.636061e-04
2 3 -1 -1 6.824626e+01 1.052482e-03
5 
-1 -1 1 2 2.844065e+01 4.386067e-04
-1 -1 0 2 5.766528e+01 8.893037e-04
0 1 3 4 1.529110e+02 2.358166e-03
2 4 -1 -1 4.578945e+01 7.061567e-04
2 3 -1 -1 2.927116e+01 4.514146e-04
5 
-1 -1 1 2 3.860457e+02 5.953529e-03
-1 -1 0 2 7.956377e+01 1.227018e-03
0 1 3 4 7.395326e+01 1.140494e-03
2 4 -1 -1 4.340459e+01 6.693779e-04
2 3 -1 -1 4.911282e+01 7.574093e-04
5 
-1 -1 1 2 2.928672e+01 4.516547e-04
-1 -1 0 2 2.109790e+01 3.253681e-04
0 1 3 4 3.943642e+01 6.081815e-04
2 4 -1 -1 6.887604e+01 1.062194e-03
2 3 -1 -1 2.128483e+01 3.282509e-04
5 
-1 -1 1 2 1.647679e+01 2.541022e-04
-1 -1 0 2 5.199098e+01 8.017957e-04
0 1 3 4 9.808389e+01 1.512632e-03
2 4 -1 -1 2.182811e+01 3.366293e-04
2 3 -1 -1 4.615659e+01 7.118187e-04
5 
-1 -1 1 2 2.758794e+02 4.254563e-03
-1 -1 0 2 1.222640e+02 1.885534e-03
0 1 3 4 1.023373e+02 1.578227e-03
2 4 -1 -1 5.608110e+01 8.648728e-04
2 3 -1 -1 1.841847e+01 2.840464e-04
5 
-1 -1 1 2 3.564814e+01 5.497593e-04
-1 -1 0 2 3.374113e+01 5.203498e-04
0 1 3 4 7.583591e+01 1.169528e-03
2 4 -1 -1 7.382718e+01 1.138550e-03
2 3 -1 -1 6.030116e+01 9.299538e-04
5 
-1 -1 1 2 7.585538e+01 1.169828e-03
-1 -1 0 2 2.439661e+01 3.762401e-04
0 1 3 4 1.012858e+02 1.562012e-03
2 4 -1 -1 1.788328e+01 2.757927e-04
2 3 -1 -1 1.820289e+02 2.807217e-03
5 
-1 -1 1 2 7.025892e+01 1.083521e-03
-1 -1 0 2 3.406700e+01 5.253752e-04
0 1 3 4 1.361482e+02 2.099654e-03
2 4 -1 -1 6.529201e+01 1.006922e-03
2 3 -1 -1 2.150947e+01 3.317152e-04
5 
-1 -1 1 2 8.029523e+01 1.238299e-03
-1 -1 0 2 3.009325e+01 4.640927e-04
0 1 3 4 7.982489e+01 1.231045e-03
2 4 -1 -1 3.737441e+01 5.763815e-04
2 3 -1 -1 5.662023e+01 8.731871e-04
5 
-1 -1 1 2 1.267258e+01 1.954343e-04
-1 -1 0 2 3.762515e+01 5.802485e-04
0 1 3 4 1.130600e+02 1.743591e-03
2 4 -1 -1 7.103281e+01 1.095455e-03
2 3 -1 -1 1.129925e+02 1.742550e-03
5 
-1 -1 1 2 8.021118e+01 1.237003e-03
-1 -1 0 2 5.798789e+01 8.942790e-04
0 1 3 4 2.088536e+01 3.220904e-04
2 4 -1 -1 9.641724e+01 1.486930e-03
2 3 -1 -1 1.295347e+02 1.997661e-03
5 
-1 -1 1 2 4.422890e+01 6.820902e-04
-1 -1 0 2 6.598215e+01 1.017565e-03
0 1 3 4 1.788443e+02 2.758105e-03
2 4 -1 -1 4.187211e+01 6.457442e-04
2 3 -1 -1 5.459103e+01 8.418932e-04
5 
-1 -1 1 2 8.753717e+01 1.349983e-03
-1 -1 0 2 1.656343e+01 2.554382e-04
0 1 3 4 6.310652e+01 9.732176e-04
2 4 -1 -1 1.729451e+01 2.667129e-04
2 3 -1 -1 1.117184e+02 1.722901e-03
5 
-1 -1 1 2 1.304979e+01 2.012515e-04
-1 -1 0 2 2.665073e+01 4.110028e-04
0 1 3 4 7.256073e+01 1.119019e-03
2 4 -1 -1 2.165772e+01 3.340016e-04
2 3 -1 -1 2.142499e+01 3.304124e-04
5 
-1 -1 1 2 4.838169e+01 7.461339e-04
-1 -1 0 2 9.102937e+01 1.403839e-03
0 1 3 4 8.370878e+01 1.290942e-03
2 4 -1 -1 6.016601e+01 9.278696e-04
2 3 -1 -1 1.479509e+02 2.281673e-03
5 
-1 -1 1 2 4.761799e+01 7.343562e-04
-1 -1 0 2 3.309925e+01 5.104508e-04
0 1 3 4 6.130600e+01 9.454503e-04
2 4 -1 -1 1.770747e+01 2.730814e-04
2 3 -1 -1 4.328704e+01 6.675650e-04
5 
-1 -1 1 2 2.802436e+01 4.321867e-04
-1 -1 0 2 9.698811e+01 1.495733e-03
0 1 3 4 1.952709e+02 3.011434e-03
2 4 -1 -1 3.445998e+01 5.314357e-04
2 3 -1 -1 4.388082e+01 6.767222e-04
5 
-1 -1 1 2 8.815262e+01 1.359474e-03
-1 -1 0 2 2.667731e+01 4.114128e-04
0 1 3 4 5.836659e+01 9.001193e-04
2 4 -1 -1 9.400738e+01 1.449765e-03
2 3 -1 -1 9.801921e+01 1.511635e-03
5 
-1 -1 1 2 6.336771e+01 9.772456e-04
-1 -1 0 2 2.901136e+01 4.474081e-04
0 1 3 4 6.346163e+01 9.786940e-04
2 4 -1 -1 1.357238e+02 2.093109e-03
2 3 -1 -1 3.992681e+01 6.157442e-04
5 
-1 -1 1 2 2.365988e+01 3.648785e-04
-1 -1 0 2 1.296847e+01 1.999975e-04
0 1 3 4 5.523276e+01 8.517899e-04
2 4 -1 -1 4.640248e+01 7.156108e-04
2 3 -1 -1 3.222216e+01 4.969245e-04
5 
-1 -1 1 2 1.879468e+01 2.898482e-04
-1 -1 0 2 1.104315e+02 1.703056e-03
0 1 3 4 5.473628e+01 8.441332e-04
2 4 -1 -1 6.148135e+01 9.481544e-04
2 3 -1 -1 4.182018e+01 6.449434e-04
5 
-1 -1 1 2 3.785806e+01 5.838403e-04
-1 -1 0 2 5.611358e+01 8.653736e-04
0 1 3 4 7.747745e+01 1.194843e-03
2 4 -1 -1 2.150445e+01 3.316378e-04
2 3 -1 -1 5.081263e+01 7.836233e-04
5 
-1 -1 1 2 5.781076e+01 8.915473e-04
-1 -1 0 2 7.064631e+01 1.089495e-03
0 1 3 4 4.763363e+01 7.345974e-04
2 4 -1 -1 6.090123e+01 9.392080e-04
2 3 -1 -1 2.184831e+01 3.369408e-04
5 
-1 -1 1 2 1.637840e+01 2.525848e-04
-1 -1 0 2 2.809878e+01 4.333343e-04
0 1 3 4 1.596920e+02 2.462741e-03
2 4 -1 -1 1.479171e+02 2.281152e-03
2 3 -1 -1 4.705934e+01 7.257408e-04
5 
-1 -1 1 2 6.587223e+01 1.015870e-03
-1 -1 0 2 5.709198e+01 8.804624e-04
0 1 3 4 6.876515e+01 1.060484e-03
2 4 -1 -1 1.526741e+02 2.354512e-03
2 3 -1 -1 7.774203e+01 1.198924e-03
5 
-1 -1 1 2 1.866980e+02 2.879223e-03
-1 -1 0 2 2.056054e+01 3.170810e-04
0 1 3 4 4.959970e+01 7.649178e-04
2 4 -1 -1 3.362190e+01 5.185110e-04
2 3 -1 -1 1.228809e+02 1.895048e-03
5 
-1 -1 1 2 6.101906e+01 9.410251e-04
-1 -1 0 2 6.596325e+01 1.017274e-03
0 1 3 4 3.547842e+01 5.471420e-04
2 4 -1 -1 7.248500e+01 1.117851e-03
2 3 -1 -1 9.803799e+00 1.511924e-04
5 
-1 -1 1 2 2.091594e+01 3.225619e-04
-1 -1 0 2 8.304731e+01 1.280741e-03
0 1 3 4 6.641806e+01 1.024288e-03
2 4 -1 -1 1.230970e+02 1.898380e-03
2 3 -1 -1 5.363750e+01 8.271880e-04
5 
-1 -1 1 2 4.063523e+01 6.266693e-04
-1 -1 0 2 1.418695e+01 2.187886e-04
0 1 3 4 4.484679e+01 6.916193e-04
2 4 -1 -1 1.023489e+02 1.578407e-03
2 3 -1 -1 6.767923e+01 1.043737e-03
5 
-1 -1 1 2 1.301420e+02 2.007027e-03
-1 -1 0 2 1.039720e+02 1.603437e-03
0 1 3 4 8.473325e+01 1.306741e-03
2 4 -1 -1 3.383552e+01 5.218053e-04
2 3 -1 -1 1.744393e+02 2.690172e-03
5 
-1 -1 1 2 2.834901e+01 4.371934e-04
-1 -1 0 2 4.671597e+01 7.204454e-04
0 1 3 4 6.902550e+01 1.064499e-03
2 4 -1 -1 8.187825e+00 1.262712e-04
2 3 -1 -1 3.768359e+01 5.811496e-04
5 
-1 -1 1 2 8.273377e+01 1.275905e-03
-1 -1 0 2 5.835705e+01 8.999720e-04
0 1 3 4 7.591341e+01 1.170723e-03
2 4 -1 -1 1.043700e+02 1.609575e-03
2 3 -1 -1 1.274806e+02 1.965983e-03
5 
-1 -1 1 2 1.540903e+01 2.376354e-04
-1 -1 0 2 7.052703e+00 1.087655e-04
0 1 3 4 2.283498e+02 3.521571e-03
2 4 -1 -1 9.746557e+01 1.503097e-03
2 3 -1 -1 7.278339e+01 1.122452e-03
5 
-1 -1 1 2 1.200178e+02 1.850894e-03
-1 -1 0 2 4.371363e+01 6.741439e-04
0 1 3 4 1.515965e+02 2.337894e-03
2 4 -1 -1 3.697498e+01 5.702216e-04
2 3 -1 -1 3.366466e+01 5.191703e-04
5 
-1 -1 1 2 6.094815e+01 9.399316e-04
-1 -1 0 2 3.386421e+01 5.222479e-04
0 1 3 4 7.114493e+01 1.097185e-03
2 4 -1 -1 3.631892e+01 5.601040e-04
2 3 -1 -1 7.293546e+01 1.124798e-03
5 
-1 -1 1 2 1.667586e+01 2.571722e-04
-1 -1 0 2 9.964735e+00 1.536744e-04
0 1 3 4 4.896387e+01 7.551121e-04
2 4 -1 -1 1.929147e+01 2.975096e-04
2 3 -1 -1 4.662185e+01 7.189939e-04
5 
-1 -1 1 2 6.558787e+01 1.011485e-03
-1 -1 0 2 3.344898e+01 5.158442e-04
0 1 3 4 3.341214e+01 5.152761e-04
2 4 -1 -1 5.484667e+01 8.458356e-04
2 3 -1 -1 4.396011e+01 6.779450e-04
5 
-1 -1 1 2 5.337750e+01 8.231784e-04
-1 -1 0 2 2.648581e+01 4.084594e-04
0 1 3 4 3.722772e+01 5.741192e-04
2 4 -1 -1 1.283718e+02 1.979726e-03
2 3 -1 -1 2.112517e+02 3.257886e-03
5 
-1 -1 1 2 4.395957e+01 6.779368e-04
-1 -1 0 2 8.652683e+01 1.334401e-03
0 1 3 4 4.335876e+01 6.686710e-04
2 4 -1 -1 7.114523e+01 1.097189e-03
2 3 -1 -1 2.853874e+01 4.401194e-04
5 
-1 -1 1 2 6.598927e+01 1.017675e-03
-1 -1 0 2 1.932835e+01 2.980783e-04
0 1 3 4 3.630391e+01 5.598725e-04
2 4 -1 -1 7.779580e+01 1.199753e-03
2 3 -1 -1 8.334877e+01 1.285390e-03
5 
-1 -1 1 2 1.700566e+01 2.622582e-04
-1 -1 0 2 2.528849e+01 3.899946e-04
0 1 3 4 9.384001e+01 1.447184e-03
2 4 -1 -1 5.742380e+01 8.855796e-04
2 3 -1 -1 4.015457e+01 6.192566e-04
5 
-1 -1 1 2 2.737432e+01 4.221619e-04
-1 -1 0 2 6.476512e+01 9.987962e-04
0 1 3 4 5.911449e+01 9.116531e-04
2 4 -1 -1 9.402784e+01 1.450081e-03
2 3 -1 -1 6.108452e+01 9.420346e-04
5 
-1 -1 1 2 3.608094e+01 5.564339e-04
-1 -1 0 2 8.713963e+01 1.343852e-03
0 1 3 4 8.683636e+01 1.339175e-03
2 4 -1 -1 2.119807e+01 3.269128e-04
2 3 -1 -1 2.551269e+01 3.934522e-04
5 
-1 -1 1 2 5.618327e+01 8.664484e-04
-1 -1 0 2 1.631791e+02 2.516519e-03
0 1 3 4 7.195529e+01 1.109682e-03
2 4 -1 -1 2.908848e+01 4.485975e-04
2 3 -1 -1 2.481933e+01 3.827593e-04
5 
-1 -1 1 2 6.410446e+01 9.886076e-04
-1 -1 0 2 1.092341e+02 1.684589e-03
0 1 3 4 6.852787e+01 1.056825e-03
2 4 -1 -1 2.562222e+01 3.951414e-04
2 3 -1 -1 2.274015e+01 3.506946e-04
5 
-1 -1 1 2 2.784988e+02 4.294959e-03
-1 -1 0 2 2.124622e+01 3.276555e-04
0 1 3 4 9.361431e+01 1.443703e-03
2 4 -1 -1 2.052815e+01 3.165814e-04
2 3 -1 -1 3.962182e+01 6.110406e-04
5 
-1 -1 1 2 6.207132e+01 9.572529e-04
-1 -1 0 2 5.505207e+01 8.490033e-04
0 1 3 4 7.277691e+01 1.122353e-03
2 4 -1 -1 6.229512e+01 9.607043e-04
2 3 -1 -1 3.555147e+01 5.482685e-04
5 
-1 -1 1 2 8.263967e+01 1.274454e-03
-1 -1 0 2 5.568609e+01 8.587810e-04
0 1 3 4 2.829815e+01 4.364091e-04
2 4 -1 -1 2.773407e+01 4.277100e-04
2 3 -1 -1 3.521094e+01 5.430169e-04
5 
-1 -1 1 2 2.135478e+01 3.293297e-04
-1 -1 0 2 2.437479e+01 3.759037e-04
0 1 3 4 1.091833e+02 1.683806e-03
2 4 -1 -1 4.671559e+01 7.204396e-04
2 3 -1 -1 9.235119e+01 1.424224e-03
5 
-1 -1 1 2 3.696098e+01 5.700056e-04
-1 -1 0 2 3.074800e+01 4.741902e-04
0 1 3 4 8.711058e+01 1.343404e-03
2 4 -1 -1 4.694955e+01 7.240476e-04
2 3 -1 -1 2.328537e+01 3.591029e-04
5 
-1 -1 1 2 9.617712e+01 1.483227e-03
-1 -1 0 2 3.641380e+01 5.615671e-04
0 1 3 4 6.595712e+01 1.017179e-03
2 4 -1 -1 6.417576e+01 9.897071e-04
2 3 -1 -1 8.921791e+01 1.375903e-03
5 
-1 -1 1 2 1.691997e+02 2.609367e-03
-1 -1 0 2 1.280929e+02 1.975426e-03
0 1 3 4 1.045859e+02 1.612905e-03
2 4 -1 -1 4.316203e+01 6.656372e-04
2 3 -1 -1 1.393893e+02 2.149637e-03
5 
-1 -1 1 2 3.712612e+01 5.725525e-04
-1 -1 0 2 7.337502e+01 1.131577e-03
0 1 3 4 4.922947e+01 7.592082e-04
2 4 -1 -1 5.788131e+01 8.926353e-04
2 3 -1 -1 3.211725e+01 4.953065e-04
5 
-1 -1 1 2 1.259907e+02 1.943006e-03
-1 -1 0 2 1.444929e+02 2.228344e-03
0 1 3 4 6.139945e+01 9.468914e-04
2 4 -1 -1 7.864996e+00 1.212926e-04
2 3 -1 -1 3.463921e+01 5.341997e-04
5 
-1 -1 1 2 4.500842e+01 6.941118e-04
-1 -1 0 2 3.940014e+01 6.076219e-04
0 1 3 4 8.398516e+01 1.295204e-03
2 4 -1 -1 2.466683e+01 3.804076e-04
2 3 -1 -1 5.891830e+01 9.086275e-04
5 
-1 -1 1 2 1.001882e+01 1.545084e-04
-1 -1 0 2 9.579058e+01 1.477265e-03
0 1 3 4 6.890960e+01 1.062712e-03
2 4 -1 -1 1.054208e+02 1.625782e-03
2 3 -1 -1 7.547037e+01 1.163891e-03
5 
-1 -1 1 2 2.742970e+01 4.230160e-04
-1 -1 0 2 4.336468e+01 6.687624e-04
0 1 3 4 7.686049e+01 1.185329e-03
2 4 -1 -1 5.257881e+01 8.108611e-04
2 3 -1 -1 4.009839e+01 6.183902e-04
5 
-1 -1 1 2 3.021605e+01 4.659866e-04
-1 -1 0 2 2.092868e+01 3.227584e-04
0 1 3 4 4.041616e+01 6.232909e-04
2 4 -1 -1 1.793314e+01 2.765618e-04
2 3 -1 -1 4.874004e+01 7.516602e-04
5 
-1 -1 1 2 5.764382e+01 8.889727e-04
-1 -1 0 2 1.026926e+02 1.583707e-03
0 1 3 4 6.231472e+01 9.610066e-04
2 4 -1 -1 5.409598e+01 8.342586e-04
2 3 -1 -1 4.012546e+01 6.188078e-04
5 
-1 -1 1 2 5.782970e+01 8.918394e-04
-1 -1 0 2 3.202564e+01 4.938938e-04
0 1 3 4 5.066590e+01 7.813605e-04
2 4 -1 -1 1.169393e+02 1.803416e-03
2 3 -1 -1 3.267260e+01 5.038711e-04
5 
-1 -1 1 2 4.308803e+01 6.644960e-04
-1 -1 0 2 1.045273e+02 1.612001e-03
0 1 3 4 2.611391e+01 4.027241e-04
2 4 -1 -1 2.384462e+01 3.677276e-04
2 3 -1 -1 7.535486e+00 1.162109e-04
5 
-1 -1 1 2 7.015280e+01 1.081884e-03
-1 -1 0 2 5.943617e+01 9.166140e-04
0 1 3 4 3.603305e+01 5.556953e-04
2 4 -1 -1 5.980222e+01 9.222593e-04
2 3 -1 -1 3.845946e+01 5.931150e-04
5 
-1 -1 1 2 5.379097e+01 8.295548e-04
-1 -1 0 2 3.662843e+01 5.648772e-04
0 1 3 4 1.251347e+02 1.929805e-03
2 4 -1 -1 8.436828e+01 1.301113e-03
2 3 -1 -1 5.449266e+01 8.403762e-04
5 
-1 -1 1 2 4.816712e+01 7.428247e-04
-1 -1 0 2 5.460137e+01 8.420526e-04
0 1 3 4 5.695927e+01 8.784157e-04
2 4 -1 -1 1.055239e+02 1.627371e-03
2 3 -1 -1 1.119453e+02 1.726401e-03
5 
-1 -1 1 2 4.320136e+01 6.662437e-04
-1 -1 0 2 2.249406e+01 3.468994e-04
0 1 3 4 1.248435e+02 1.925314e-03
2 4 -1 -1 4.072480e+01 6.280507e-04
2 3 -1 -1 2.731122e+01 4.211888e-04
5 
-1 -1 1 2 1.647286e+02 2.540415e-03
-1 -1 0 2 1.965960e+01 3.031869e-04
0 1 3 4 7.829903e+01 1.207514e-03
2 4 -1 -1 1.190573e+02 1.836081e-03
2 3 -1 -1 4.044724e+01 6.237701e-04
5 
-1 -1 1 2 5.334494e+01 8.226762e-04
-1 -1 0 2 2.327542e+01 3.589493e-04
0 1 3 4 5.247561e+01 8.092696e-04
2 4 -1 -1 1.885915e+01 2.908424e-04
2 3 -1 -1 6.248593e+01 9.636469e-04
5 
-1 -1 1 2 6.575939e+01 1.014130e-03
-1 -1 0 2 3.556340e+01 5.484524e-04
0 1 3 4 7.446475e+01 1.148382e-03
2 4 -1 -1 1.039146e+02 1.602553e-03
2 3 -1 -1 3.510921e+01 5.414479e-04
5 
-1 -1 1 2 1.450272e+02 2.236583e-03
-1 -1 0 2 7.209379e+01 1.111818e-03
0 1 3 4 1.308931e+02 2.018611e-03
2 4 -1 -1 8.015358e+01 1.236114e-03
2 3 -1 -1 8.440183e+01 1.301630e-03
5 
-1 -1 1 2 1.304117e+02 2.011187e-03
-1 -1 0 2 6.309072e+01 9.729740e-04
0 1 3 4 4.329932e+01 6.677544e-04
2 4 -1 -1 1.426098e+01 2.199303e-04
2 3 -1 -1 8.977654e+01 1.384518e-03
5 
-1 -1 1 2 8.102657e+01 1.249577e-03
-1 -1 0 2 2.464085e+01 3.800068e-04
0 1 3 4 6.521301e+01 1.005704e-03
2 4 -1 -1 1.301068e+02 2.006484e-03
2 3 -1 -1 4.208936e+01 6.490947e-04
5 
-1 -1 1 2 5.358705e+01 8.264100e-04
-1 -1 0 2 2.761133e+01 4.258171e-04
0 1 3 4 7.177738e+01 1.106938e-03
2 4 -1 -1 4.316082e+02 6.656185e-03
2 3 -1 -1 1.101412e+02 1.698578e-03
5 
-1 -1 1 2 1.961372e+01 3.024793e-04
-1 -1 0 2 3.004129e+01 4.632915e-04
0 1 3 4 5.652895e+01 8.717794e-04
2 4 -1 -1 1.358293e+02 2.094735e-03
2 3 -1 -1 3.075841e+01 4.743507e-04
5 
-1 -1 1 2 3.048786e+01 4.701784e-04
-1 -1 0 2 3.869998e+01 5.968243e-04
0 1 3 4 4.471314e+01 6.895581e-04
2 4 -1 -1 8.104033e+01 1.249790e-03
2 3 -1 -1 2.788577e+01 4.300494e-04
5 
-1 -1 1 2 3.782408e+01 5.833163e-04
-1 -1 0 2 5.002855e+01 7.715314e-04
0 1 3 4 3.709316e+01 5.720442e-04
2 4 -1 -1 7.687661e+01 1.185577e-03
2 3 -1 -1 4.053484e+01 6.251212e-04
5 
-1 -1 1 2 6.352275e+01 9.796366e-04
-1 -1 0 2 2.697645e+01 4.160260e-04
0 1 3 4 6.973334e+01 1.075415e-03
2 4 -1 -1 2.668739e+01 4.115682e-04
2 3 -1 -1 7.807483e+01 1.204056e-03
5 
-1 -1 1 2 3.313752e+01 5.110410e-04
-1 -1 0 2 7.451892e+01 1.149218e-03
0 1 3 4 1.033281e+02 1.593508e-03
2 4 -1 -1 2.334031e+01 3.599501e-04
2 3 -1 -1 9.610714e+01 1.482147e-03
5 
-1 -1 1 2 2.280832e+01 3.517459e-04
-1 -1 0 2 1.330427e+01 2.051762e-04
0 1 3 4 8.472622e+01 1.306633e-03
2 4 -1 -1 7.651661e+01 1.180026e-03
2 3 -1 -1 7.293333e+01 1.124765e-03
5 
-1 -1 1 2 2.264309e+01 3.491977e-04
-1 -1 0 2 2.112561e+01 3.257954e-04
0 1 3 4 6.087376e+01 9.387843e-04
2 4 -1 -1 3.973267e+01 6.127502e-04
2 3 -1 -1 3.365912e+01 5.190850e-04
5 
-1 -1 1 2 6.612747e+01 1.019806e-03
-1 -1 0 2 4.751960e+01 7.328389e-04
0 1 3 4 1.015529e+02 1.566131e-03
2 4 -1 -1 6.391218e+01 9.856424e-04
2 3 -1 -1 5.817159e+01 8.971119e-04
5 
-1 -1 1 2 5.959553e+01 9.190717e-04
-1 -1 0 2 1.025812e+02 1.581989e-03
0 1 3 4 4.518618e+01 6.968532e-04
2 4 -1 -1 4.239055e+01 6.537396e-04
2 3 -1 -1 4.113420e+01 6.343644e-04
5 
-1 -1 1 2 2.326685e+01 3.588172e-04
-1 -1 0 2 7.778364e+01 1.199566e-03
0 1 3 4 4.854844e+01 7.487055e-04
2 4 -1 -1 3.436056e+01 5.299025e-04
2 3 -1 -1 2.313403e+01 3.567690e-04
5 
-1 -1 1 2 1.967373e+01 3.034048e-04
-1 -1 0 2 1.043721e+02 1.609607e-03
0 1 3 4 9.350415e+01 1.442004e-03
2 4 -1 -1 2.036875e+01 3.141233e-04
2 3 -1 -1 1.016018e+02 1.566885e-03
5 
-1 -1 1 2 3.960222e+01 6.107384e-04
-1 -1 0 2 5.198417e+01 8.016907e-04
0 1 3 4 5.987654e+01 9.234054e-04
2 4 -1 -1 1.082664e+02 1.669666e-03
2 3 -1 -1 3.292020e+01 5.076894e-04
5 
-1 -1 1 2 9.160692e+01 1.412746e-03
-1 -1 0 2 1.401802e+02 2.161835e-03
0 1 3 4 2.542606e+01 3.921161e-04
2 4 -1 -1 1.144260e+02 1.764658e-03
2 3 -1 -1 2.974674e+01 4.587489e-04
5 
-1 -1 1 2 1.821152e+01 2.808549e-04
-1 -1 0 2 6.154152e+01 9.490824e-04
0 1 3 4 4.448677e+01 6.860671e-04
2 4 -1 -1 3.904168e+01 6.020939e-04
2 3 -1 -1 2.919026e+01 4.501671e-04
5 
-1 -1 1 2 5.236170e+01 8.075129e-04
-1 -1 0 2 4.820682e+01 7.434371e-04
0 1 3 4 7.618389e+01 1.174894e-03
2 4 -1 -1 1.075266e+02 1.658256e-03
2 3 -1 -1 2.314661e+01 3.569630e-04
5 
-1 -1 1 2 4.491068e+01 6.926045e-04
-1 -1 0 2 2.724565e+02 4.201776e-03
0 1 3 4 8.138089e+01 1.255042e-03
2 4 -1 -1 7.987188e+01 1.231770e-03
2 3 -1 -1 5.828650e+01 8.988841e-04
5 
-1 -1 1 2 1.163790e+02 1.794776e-03
-1 -1 0 2 2.768642e+01 4.269751e-04
0 1 3 4 5.282262e+01 8.146211e-04
2 4 -1 -1 1.047896e+02 1.616046e-03
2 3 -1 -1 3.390577e+01 5.228888e-04
5 
-1 -1 1 2 1.107567e+02 1.708071e-03
-1 -1 0 2 2.892349e+01 4.460529e-04
0 1 3 4 9.068556e+01 1.398537e-03
2 4 -1 -1 6.253349e+01 9.643805e-04
2 3 -1 -1 1.413357e+02 2.179654e-03
5 
-1 -1 1 2 2.889369e+01 4.455934e-04
-1 -1 0 2 1.025583e+02 1.581637e-03
0 1 3 4 1.488215e+02 2.295098e-03
2 4 -1 -1 5.750110e+01 8.867717e-04
2 3 -1 -1 5.034650e+01 7.764348e-04
5 
-1 -1 1 2 5.262993e+01 8.116495e-04
-1 -1 0 2 8.579899e+01 1.323177e-03
0 1 3 4 6.571734e+01 1.013481e-03
2 4 -1 -1 3.924583e+01 6.052422e-04
2 3 -1 -1 9.161081e+01 1.412806e-03
5 
-1 -1 1 2 7.844302e+01 1.209734e-03
-1 -1 0 2 4.263990e+01 6.575850e-04
0 1 3 4 1.598951e+02 2.465874e-03
2 4 -1 -1 5.259418e+01 8.110981e-04
2 3 -1 -1 3.356309e+01 5.176040e-04
5 
-1 -1 1 2 5.272940e+01 8.131834e-04
-1 -1 0 2 8.540853e+01 1.317155e-03
0 1 3 4 6.270319e+01 9.669975e-04
2 4 -1 -1 1.349628e+01 2.081373e-04
2 3 -1 -1 1.933033e+02 2.981090e-03
5 
-1 -1 1 2 1.821525e+02 2.809124e-03
-1 -1 0 2 1.195951e+02 1.844374e-03
0 1 3 4 7.847235e+01 1.210187e-03
2 4 -1 -1 5.640107e+01 8.698074e-04
2 3 -1 -1 3.875332e+01 5.976469e-04
5 
-1 -1 1 2 3.732421e+01 5.756073e-04
-1 -1 0 2 2.647481e+02 4.082898e-03
0 1 3 4 6.261423e+01 9.656255e-04
2 4 -1 -1 6.762111e+01 1.042841e-03
2 3 -1 -1 4.080589e+01 6.293012e-04
5 
-1 -1 1 2 4.002776e+01 6.173010e-04
-1 -1 0 2 3.322549e+01 5.123976e-04
0 1 3 4 5.326631e+01 8.214636e-04
2 4 -1 -1 5.685561e+01 8.768171e-04
2 3 -1 -1 4.502989e+01 6.944431e-04
5 
-1 -1 1 2 4.120847e+01 6.355098e-04
-1 -1 0 2 7.956244e+01 1.226998e-03
0 1 3 4 1.094865e+02 1.688481e-03
2 4 -1 -1 4.121235e+01 6.355696e-04
2 3 -1 -1 5.310624e+01 8.189950e-04
5 
-1 -1 1 2 5.838358e+01 9.003812e-04
-1 -1 0 2 2.963526e+01 4.570298e-04
0 1 3 4 1.280959e+02 1.975473e-03
2 4 -1 -1 3.390162e+01 5.228247e-04
2 3 -1 -1 4.764501e+01 7.347729e-04
5 
-1 -1 1 2 5.492090e+01 8.469803e-04
-1 -1 0 2 2.383036e+01 3.675075e-04
0 1 3 4 4.291567e+01 6.618378e-04
2 4 -1 -1 1.892915e+01 2.919220e-04
2 3 -1 -1 7.889065e+01 1.216638e-03
5 
-1 -1 1 2 3.784753e+01 5.836779e-04
-1 -1 0 2 5.104400e+01 7.871915e-04
0 1 3 4 1.273231e+02 1.963555e-03
2 4 -1 -1 5.254709e+01 8.103718e-04
2 3 -1 -1 1.708465e+01 2.634764e-04
5 
-1 -1 1 2 4.091568e+01 6.309944e-04
-1 -1 0 2 4.055918e+01 6.254964e-04
0 1 3 4 6.988282e+01 1.077720e-03
2 4 -1 -1 3.053791e+01 4.709502e-04
2 3 -1 -1 7.870590e+01 1.213788e-03
5 
-1 -1 1 2 1.770131e+01 2.729865e-04
-1 -1 0 2 1.199833e+01 1.850362e-04
0 1 3 4 9.395191e+01 1.448910e-03
2 4 -1 -1 4.680700e+01 7.218492e-04
2 3 -1 -1 1.560501e+02 2.406578e-03
5 
-1 -1 1 2 8.007312e+01 1.234874e-03
-1 -1 0 2 1.823706e+02 2.812486e-03
0 1 3 4 1.216230e+02 1.875649e-03
2 4 -1 -1 2.255984e+01 3.479139e-04
2 3 -1 -1 3.408512e+01 5.256546e-04
5 
-1 -1 1 2 1.921664e+01 2.963556e-04
-1 -1 0 2 3.355934e+01 5.175462e-04
0 1 3 4 9.173718e+01 1.414755e-03
2 4 -1 -1 2.833776e+01 4.370200e-04
2 3 -1 -1 9.538614e+01 1.471028e-03
5 
-1 -1 1 2 5.797025e+01 8.940069e-04
-1 -1 0 2 5.257473e+01 8.107982e-04
0 1 3 4 6.495575e+01 1.001736e-03
2 4 -1 -1 6.318083e+01 9.743635e-04
2 3 -1 -1 5.025514e+01 7.750258e-04
5 
-1 -1 1 2 5.012172e+01 7.729683e-04
-1 -1 0 2 5.112685e+01 7.884692e-04
0 1 3 4 3.679304e+01 5.674158e-04
2 4 -1 -1 2.607612e+01 4.021413e-04
2 3 -1 -1 3.012278e+01 4.645481e-04
5 
-1 -1 1 2 3.726831e+01 5.747453e-04
-1 -1 0 2 7.920440e+01 1.221476e-03
0 1 3 4 1.076186e+02 1.659674e-03
2 4 -1 -1 3.321251e+01 5.121975e-04
2 3 -1 -1 7.014804e+01 1.081811e-03
5 
-1 -1 1 2 3.874825e+01 5.975686e-04
-1 -1 0 2 7.665808e+01 1.182207e-03
0 1 3 4 9.504180e+01 1.465718e-03
2 4 -1 -1 5.897602e+01 9.095178e-04
2 3 -1 -1 1.040002e+02 1.603873e-03
5 
-1 -1 1 2 2.281970e+01 3.519214e-04
-1 -1 0 2 1.003009e+02 1.546822e-03
0 1 3 4 6.785108e+01 1.046387e-03
2 4 -1 -1 7.022909e+01 1.083061e-03
2 3 -1 -1 6.773805e+01 1.044644e-03
5 
-1 -1 1 2 8.346991e+01 1.287258e-03
-1 -1 0 2 7.882760e+01 1.215665e-03
0 1 3 4 1.401875e+02 2.161947e-03
2 4 -1 -1 1.037526e+02 1.600054e-03
2 3 -1 -1 1.171858e+01 1.807219e-04
5 
-1 -1 1 2 7.652342e+01 1.180131e-03
-1 -1 0 2 4.240357e+01 6.539404e-04
0 1 3 4 7.234504e+01 1.115692e-03
2 4 -1 -1 2.060060e+02 3.176988e-03
2 3 -1 -1 4.399744e+01 6.785207e-04
5 
-1 -1 1 2 5.082414e+01 7.838009e-04
-1 -1 0 2 5.426904e+01 8.369275e-04
0 1 3 4 3.535385e+01 5.452209e-04
2 4 -1 -1 4.653536e+01 7.176600e-04
2 3 -1 -1 4.462751e+01 6.882375e-04
5 
-1 -1 1 2 2.026847e+02 3.125767e-03
-1 -1 0 2 2.322871e+02 3.582290e-03
0 1 3 4 9.719990e+01 1.499000e-03
2 4 -1 -1 5.580799e+01 8.606609e-04
2 3 -1 -1 9.377037e+01 1.446110e-03
5 
-1 -1 1 2 1.907953e+01 2.942412e-04
-1 -1 0 2 7.551645e+01 1.164601e-03
0 1 3 4 1.036492e+02 1.598460e-03
2 4 -1 -1 5.382014e+01 8.300047e-04
2 3 -1 -1 4.370025e+01 6.739374e-04
5 
-1 -1 1 2 3.019192e+01 4.656145e-04
-1 -1 0 2 2.956364e+01 4.559252e-04
0 1 3 4 5.995159e+01 9.245629e-04
2 4 -1 -1 1.024895e+02 1.580574e-03
2 3 -1 -1 4.478078e+01 6.906013e-04
5 
-1 -1 1 2 8.382015e+01 1.292659e-03
-1 -1 0 2 3.901828e+01 6.017329e-04
0 1 3 4 2.954364e+01 4.556168e-04
2 4 -1 -1 8.031570e+01 1.238614e-03
2 3 -1 -1 9.828514e+00 1.515736e-04
5 
-1 -1 1 2 5.815324e+01 8.968289e-04
-1 -1 0 2 3.398330e+01 5.240845e-04
0 1 3 4 1.033433e+02 1.593742e-03
2 4 -1 -1 3.266665e+01 5.037793e-04
2 3 -1 -1 8.963345e+01 1.382311e-03
5 
-1 -1 1 2 3.834866e+01 5.914062e-04
-1 -1 0 2 9.770280e+01 1.506755e-03
0 1 3 4 4.151985e+01 6.403117e-04
2 4 -1 -1 3.609957e+01 5.567212e-04
2 3 -1 -1 2.203914e+01 3.398837e-04
5 
-1 -1 1 2 4.261934e+01 6.572679e-04
-1 -1 0 2 3.144479e+01 4.849359e-04
0 1 3 4 6.317320e+01 9.742458e-04
2 4 -1 -1 1.923045e+01 2.965685e-04
2 3 -1 -1 5.464002e+01 8.426486e-04
5 
-1 -1 1 2 5.966588e+01 9.201566e-04
-1 -1 0 2 4.647550e+01 7.167370e-04
0 1 3 4 5.653315e+01 8.718442e-04
2 4 -1 -1 4.832804e+01 7.453065e-04
2 3 -1 -1 2.763596e+02 4.261968e-03
5 
-1 -1 1 2 4.811405e+01 7.420063e-04
-1 -1 0 2 3.699794e+01 5.705757e-04
0 1 3 4 6.441012e+01 9.933214e-04
2 4 -1 -1 4.960253e+01 7.649614e-04
2 3 -1 -1 7.208920e+01 1.111747e-03
5 
-1 -1 1 2 5.158601e+01 7.955502e-04
-1 -1 0 2 6.901779e+01 1.064380e-03
0 1 3 4 5.942464e+01 9.164363e-04
2 4 -1 -1 4.000499e+01 6.169499e-04
2 3 -1 -1 5.366857e+01 8.276671e-04
5 
-1 -1 1 2 3.833620e+01 5.912141e-04
-1 -1 0 2 2.415823e+01 3.725640e-04
0 1 3 4 1.052759e+02 1.623547e-03
2 4 -1 -1 5.964597e+01 9.198496e-04
2 3 -1 -1 3.255087e+01 5.019938e-04
5 
-1 -1 1 2 2.538473e+01 3.914787e-04
-1 -1 0 2 5.284106e+01 8.149054e-04
0 1 3 4 4.028924e+01 6.213336e-04
2 4 -1 -1 1.049789e+02 1.618966e-03
2 3 -1 -1 4.300639e+01 6.632369e-04
5 
-1 -1 1 2 6.474523e+01 9.984895e-04
-1 -1 0 2 5.066253e+01 7.813086e-04
0 1 3 4 1.001541e+02 1.544559e-03
2 4 -1 -1 1.887169e+01 2.910359e-04
2 3 -1 -1 7.719909e+01 1.190551e-03
5 
-1 -1 1 2 2.567751e+01 3.959940e-04
-1 -1 0 2 4.509338e+01 6.954221e-04
0 1 3 4 5.339911e+01 8.235116e-04
2 4 -1 -1 1.611961e+02 2.485937e-03
2 3 -1 -1 2.997259e+01 4.622319e-04
5 
-1 -1 1 2 6.051975e+01 9.333248e-04
-1 -1 0 2 4.943914e+01 7.624416e-04
0 1 3 4 3.195786e+01 4.928485e-04
2 4 -1 -1 3.090327e+02 4.765847e-03
2 3 -1 -1 1.236990e+01 1.907665e-04
5 
-1 -1 1 2 1.343172e+02 2.071416e-03
-1 -1 0 2 5.944201e+01 9.167041e-04
0 1 3 4 7.187728e+01 1.108479e-03
2 4 -1 -1 5.517119e+01 8.508403e-04
2 3 -1 -1 5.252069e+01 8.099648e-04
5 
-1 -1 1 2 2.419121e+01 3.730725e-04
-1 -1 0 2 1.093981e+02 1.687118e-03
0 1 3 4 7.394197e+01 1.140320e-03
2 4 -1 -1 2.343573e+01 3.614217e-04
2 3 -1 -1 6.447193e+01 9.942746e-04
5 
-1 -1 1 2 5.473367e+01 8.440929e-04
-1 -1 0 2 1.154342e+02 1.780205e-03
0 1 3 4 4.904749e+01 7.564017e-04
2 4 -1 -1 5.580604e+01 8.606309e-04
2 3 -1 -1 6.231541e+01 9.610172e-04
5 
-1 -1 1 2 3.492249e+01 5.385685e-04
-1 -1 0 2 2.689282e+01 4.147362e-04
0 1 3 4 7.908095e+01 1.219572e-03
2 4 -1 -1 2.812444e+01 4.337301e-04
2 3 -1 -1 5.089090e+01 7.848304e-04
5 
-1 -1 1 2 9.575662e+01 1.476742e-03
-1 -1 0 2 5.094962e+01 7.857361e-04
0 1 3 4 7.852337e+01 1.210974e-03
2 4 -1 -1 5.605132e+01 8.644135e-04
2 3 -1 -1 3.710887e+01 5.722864e-04
5 
-1 -1 1 2 6.239701e+01 9.622756e-04
-1 -1 0 2 5.362445e+01 8.269867e-04
0 1 3 4 4.895131e+01 7.549184e-04
2 4 -1 -1 9.468259e+01 1.460178e-03
2 3 -1 -1 3.967590e+01 6.118747e-04
5 
-1 -1 1 2 6.184602e+01 9.537784e-04
-1 -1 0 2 5.397931e+01 8.324594e-04
0 1 3 4 5.355767e+01 8.259568e-04
2 4 -1 -1 9.467710e+01 1.460094e-03
2 3 -1 -1 5.781880e+01 8.916713e-04
5 
-1 -1 1 2 2.415811e+01 3.725621e-04
-1 -1 0 2 7.608354e+01 1.173347e-03
0 1 3 4 4.494246e+01 6.930947e-04
2 4 -1 -1 4.036571e+01 6.225128e-04
2 3 -1 -1 2.421867e+01 3.734961e-04
5 
-1 -1 1 2 3.654361e+01 5.635690e-04
-1 -1 0 2 5.968017e+01 9.203771e-04
0 1 3 4 4.298167e+01 6.628557e-04
2 4 -1 -1 1.888391e+01 2.912243e-04
2 3 -1 -1 1.051379e+02 1.621418e-03
5 
-1 -1 1 2 1.360720e+02 2.098478e-03
-1 -1 0 2 5.102964e+01 7.869701e-04
0 1 3 4 8.394671e+01 1.294611e-03
2 4 -1 -1 1.369642e+02 2.112237e-03
2 3 -1 -1 5.448737e+01 8.402945e-04
5 
-1 -1 1 2 2.575964e+01 3.972606e-04
-1 -1 0 2 5.293980e+01 8.164283e-04
0 1 3 4 9.262003e+01 1.428370e-03
2 4 -1 -1 1.044136e+02 1.610248e-03
2 3 -1 -1 7.187240e+01 1.108403e-03
5 
-1 -1 1 2 7.370220e+01 1.136622e-03
-1 -1 0 2 2.955575e+01 4.558035e-04
0 1 3 4 1.513109e+02 2.333489e-03
2 4 -1 -1 8.524310e+01 1.314604e-03
2 3 -1 -1 7.469038e+01 1.151862e-03
5 
-1 -1 1 2 4.754443e+01 7.332218e-04
-1 -1 0 2 6.713681e+01 1.035372e-03
0 1 3 4 5.755765e+01 8.876439e-04
2 4 -1 -1 3.342390e+01 5.154574e-04
2 3 -1 -1 6.377487e+01 9.835247e-04
5 
-1 -1 1 2 4.684654e+01 7.224591e-04
-1 -1 0 2 6.878359e+01 1.060768e-03
0 1 3 4 4.306514e+01 6.641429e-04
2 4 -1 -1 9.447773e+01 1.457019e-03
2 3 -1 -1 2.385434e+01 3.678775e-04
5 
-1 -1 1 2 5.977096e+01 9.217771e-04
-1 -1 0 2 9.994174e+01 1.541284e-03
0 1 3 4 1.348060e+02 2.078954e-03
2 4 -1 -1 3.020099e+01 4.657543e-04
2 3 -1 -1 2.340018e+02 3.608734e-03
5 
-1 -1 1 2 5.525791e+01 8.521777e-04
-1 -1 0 2 6.878214e+01 1.060746e-03
0 1 3 4 1.377633e+02 2.124561e-03
2 4 -1 -1 6.203853e+01 9.567472e-04
2 3 -1 -1 1.075061e+02 1.657940e-03
5 
-1 -1 1 2 4.483965e+01 6.915091e-04
-1 -1 0 2 1.517191e+02 2.339785e-03
0 1 3 4 6.332018e+01 9.765126e-04
2 4 -1 -1 3.143653e+01 4.848086e-04
2 3 -1 -1 5.109114e+01 7.879186e-04
5 
-1 -1 1 2 3.009192e+01 4.640723e-04
-1 -1 0 2 7.307170e+01 1.126899e-03
0 1 3 4 8.536565e+01 1.316494e-03
2 4 -1 -1 6.000345e+01 9.253626e-04
2 3 -1 -1 8.007567e+01 1.234913e-03
5 
-1 -1 1 2 1.120355e+02 1.727792e-03
-1 -1 0 2 5.025809e+01 7.750714e-04
0 1 3 4 8.873161e+01 1.368403e-03
2 4 -1 -1 2.995176e+01 4.619107e-04
2 3 -1 -1 9.092721e+01 1.402263e-03
5 
-1 -1 1 2 1.209295e+02 1.864954e-03
-1 -1 0 2 6.012281e+01 9.272034e-04
0 1 3 4 3.416183e+01 5.268376e-04
2 4 -1 -1 3.270353e+01 5.043480e-04
2 3 -1 -1 1.624574e+02 2.505389e-03
5 
-1 -1 1 2 5.006666e+01 7.721192e-04
-1 -1 0 2 4.683487e+01 7.222791e-04
0 1 3 4 1.544772e+02 2.382321e-03
2 4 -1 -1 2.392469e+01 3.689623e-04
2 3 -1 -1 4.758514e+01 7.338496e-04
5 
-1 -1 1 2 8.270293e+01 1.275430e-03
-1 -1 0 2 3.513886e+01 5.419053e-04
0 1 3 4 4.361644e+01 6.726450e-04
2 4 -1 -1 3.942854e+01 6.080599e-04
2 3 -1 -1 4.891499e+01 7.543583e-04
5 
-1 -1 1 2 2.893425e+01 4.462189e-04
-1 -1 0 2 5.807877e+01 8.956804e-04
0 1 3 4 4.987044e+01 7.690931e-04
2 4 -1 -1 7.582031e+01 1.169287e-03
2 3 -1 -1 3.866158e+01 5.962320e-04
5 
-1 -1 1 2 7.505266e+01 1.157449e-03
-1 -1 0 2 4.070097e+01 6.276831e-04
0 1 3 4 1.117987e+02 1.724140e-03
2 4 -1 -1 7.464005e+01 1.151086e-03
2 3 -1 -1 3.645916e+01 5.622667e-04
5 
-1 -1 1 2 8.119058e+01 1.252107e-03
-1 -1 0 2 9.350179e+01 1.441968e-03
0 1 3 4 4.057694e+01 6.257704e-04
2 4 -1 -1 4.941756e+01 7.621088e-04
2 3 -1 -1 2.138015e+01 3.297209e-04
5 
-1 -1 1 2 1.623582e+02 2.503859e-03
-1 -1 0 2 6.077102e+01 9.371999e-04
0 1 3 4 5.359553e+01 8.265407e-04
2 4 -1 -1 5.870526e+01 9.053421e-04
2 3 -1 -1 2.585960e+01 3.988022e-04
5 
-1 -1 1 2 8.367306e+01 1.290391e-03
-1 -1 0 2 2.927214e+01 4.514298e-04
0 1 3 4 1.818896e+02 2.805070e-03
2 4 -1 -1 7.179905e+01 1.107272e-03
2 3 -1 -1 6.797900e+01 1.048360e-03
5 
-1 -1 1 2 4.670272e+01 7.202411e-04
-1 -1 0 2 2.187497e+01 3.373519e-04
0 1 3 4 8.272525e+01 1.275774e-03
2 4 -1 -1 5.623009e+01 8.671705e-04
2 3 -1 -1 5.781191e+01 8.915651e-04
5 
-1 -1 1 2 2.867555e+01 4.422292e-04
-1 -1 0 2 5.409069e+01 8.341771e-04
0 1 3 4 6.149128e+01 9.483076e-04
2 4 -1 -1 4.837106e+01 7.459700e-04
2 3 -1 -1 3.035542e+01 4.681360e-04
5 
-1 -1 1 2 3.425479e+01 5.282712e-04
-1 -1 0 2 1.036612e+02 1.598645e-03
0 1 3 4 6.292843e+01 9.704711e-04
2 4 -1 -1 5.334579e+01 8.226894e-04
2 3 -1 -1 3.480537e+01 5.367623e-04
5 
-1 -1 1 2 2.442414e+01 3.766647e-04
-1 -1 0 2 2.588063e+01 3.991265e-04
0 1 3 4 8.845708e+01 1.364169e-03
2 4 -1 -1 5.836291e+01 9.000624e-04
2 3 -1 -1 3.217249e+01 4.961585e-04
5 
-1 -1 1 2 8.034841e+01 1.239119e-03
-1 -1 0 2 4.594358e+01 7.085337e-04
0 1 3 4 5.671584e+01 8.746617e-04
2 4 -1 -1 9.614015e+01 1.482656e-03
2 3 -1 -1 6.347255e+01 9.788624e-04
5 
-1 -1 1 2 7.110738e+01 1.096605e-03
-1 -1 0 2 7.013423e+01 1.081598e-03
0 1 3 4 5.157889e+01 7.954405e-04
2 4 -1 -1 5.289248e+01 8.156984e-04
2 3 -1 -1 5.941965e+01 9.163592e-04
5 
-1 -1 1 2 3.640782e+01 5.614750e-04
-1 -1 0 2 1.680632e+02 2.591841e-03
0 1 3 4 4.693390e+01 7.238062e-04
2 4 -1 -1 2.824547e+01 4.355966e-04
2 3 -1 -1 1.084616e+01 1.672675e-04
5 
-1 -1 1 2 3.725134e+01 5.744836e-04
-1 -1 0 2 2.498679e+01 3.853419e-04
0 1 3 4 7.527593e+01 1.160892e-03
2 4 -1 -1 4.953359e+01 7.638982e-04
2 3 -1 -1 9.006078e+01 1.388901e-03
5 
-1 -1 1 2 2.573324e+01 3.968534e-04
-1 -1 0 2 5.773512e+01 8.903808e-04
0 1 3 4 5.331630e+01 8.222346e-04
2 4 -1 -1 3.755321e+01 5.791390e-04
2 3 -1 -1 1.956447e+01 3.017198e-04
5 
-1 -1 1 2 1.562402e+01 2.409509e-04
-1 -1 0 2 7.914125e+01 1.220502e-03
0 1 3 4 8.212224e+01 1.266475e-03
2 4 -1 -1 2.669674e+01 4.117124e-04
2 3 -1 -1 7.083037e+01 1.092333e-03
5 
-1 -1 1 2 3.542192e+01 5.462705e-04
-1 -1 0 2 2.430292e+01 3.747953e-04
0 1 3 4 4.693314e+01 7.237946e-04
2 4 -1 -1 6.121639e+01 9.440683e-04
2 3 -1 -1 7.024339e+01 1.083281e-03
5 
-1 -1 1 2 4.242629e+01 6.542907e-04
-1 -1 0 2 3.131580e+01 4.829468e-04
0 1 3 4 1.023976e+02 1.579157e-03
2 4 -1 -1 4.220715e+01 6.509112e-04
2 3 -1 -1 6.910423e+01 1.065713e-03
5 
-1 -1 1 2 1.154296e+02 1.780135e-03
-1 -1 0 2 6.914987e+01 1.066417e-03
0 1 3 4 7.754476e+01 1.195881e-03
2 4 -1 -1 3.714165e+01 5.727919e-04
2 3 -1 -1 5.285687e+01 8.151493e-04
5 
-1 -1 1 2 5.667829e+01 8.740826e-04
-1 -1 0 2 1.109660e+02 1.711297e-03
0 1 3 4 1.332269e+02 2.054601e-03
2 4 -1 -1 1.994268e+01 3.075524e-04
2 3 -1 -1 8.538514e+01 1.316794e-03
5 
-1 -1 1 2 3.241846e+01 4.999517e-04
-1 -1 0 2 7.903414e+01 1.218850e-03
0 1 3 4 2.803893e+01 4.324113e-04
2 4 -1 -1 5.087442e+01 7.845764e-04
2 3 -1 -1 6.940754e+01 1.070391e-03
5 
-1 -1 1 2 3.881166e+01 5.985465e-04
-1 -1 0 2 8.711795e+01 1.343518e-03
0 1 3 4 6.812771e+01 1.050653e-03
2 4 -1 -1 3.768669e+01 5.811975e-04
2 3 -1 -1 3.727894e+01 5.749092e-04
5 
-1 -1 1 2 2.689593e+01 4.147843e-04
-1 -1 0 2 3.736592e+01 5.762505e-04
0 1 3 4 1.773005e+02 2.734296e-03
2 4 -1 -1 2.179807e+01 3.361660e-04
2 3 -1 -1 1.357117e+02 2.092922e-03
5 
-1 -1 1 2 5.274240e+01 8.133839e-04
-1 -1 0 2 5.036663e+01 7.767452e-04
0 1 3 4 5.746012e+01 8.861397e-04
2 4 -1 -1 2.504227e+01 3.861975e-04
2 3 -1 -1 3.400532e+01 5.244240e-04
5 
-1 -1 1 2 8.222214e+01 1.268015e-03
-1 -1 0 2 5.040662e+01 7.773619e-04
0 1 3 4 1.033825e+02 1.594346e-03
2 4 -1 -1 3.346615e+01 5.161090e-04
2 3 -1 -1 3.430970e+01 5.291181e-04
5 
-1 -1 1 2 1.014779e+02 1.564974e-03
-1 -1 0 2 1.005397e+02 1.550505e-03
0 1 3 4 9.483915e+01 1.462593e-03
2 4 -1 -1 1.298799e+02 2.002984e-03
2 3 -1 -1 4.384015e+01 6.760950e-04
5 
-1 -1 1 2 1.476857e+02 2.277582e-03
-1 -1 0 2 1.611434e+02 2.485125e-03
0 1 3 4 7.575587e+01 1.168294e-03
2 4 -1 -1 4.126135e+01 6.363252e-04
2 3 -1 -1 4.900284e+01 7.557131e-04
5 
-1 -1 1 2 7.494136e+01 1.155732e-03
-1 -1 0 2 8.498851e+01 1.310678e-03
0 1 3 4 1.100496e+02 1.697165e-03
2 4 -1 -1 8.224205e+01 1.268322e-03
2 3 -1 -1 5.260957e+01 8.113355e-04
5 
-1 -1 1 2 4.502962e+01 6.944388e-04
-1 -1 0 2 3.311350e+01 5.106706e-04
0 1 3 4 1.096599e+02 1.691155e-03
2 4 -1 -1 7.006119e+01 1.080471e-03
2 3 -1 -1 6.892722e+01 1.062983e-03
5 
-1 -1 1 2 1.789588e+01 2.759871e-04
-1 -1 0 2 6.417927e+01 9.897614e-04
0 1 3 4 1.074554e+02 1.657158e-03
2 4 -1 -1 9.652819e+01 1.488641e-03
2 3 -1 -1 4.619928e+01 7.124770e-04
5 
-1 -1 1 2 5.706008e+01 8.799704e-04
-1 -1 0 2 9.913376e+01 1.528823e-03
0 1 3 4 8.102004e+01 1.249477e-03
2 4 -1 -1 6.842481e+01 1.055235e-03
2 3 -1 -1 1.117890e+02 1.723990e-03
5 
-1 -1 1 2 2.792948e+01 4.307235e-04
-1 -1 0 2 7.539917e+01 1.162793e-03
0 1 3 4 1.521957e+02 2.347135e-03
2 4 -1 -1 1.317118e+01 2.031235e-04
2 3 -1 -1 4.748777e+01 7.323480e-04
5 
-1 -1 1 2 7.282977e+01 1.123168e-03
-1 -1 0 2 7.984612e+01 1.231373e-03
0 1 3 4 4.525233e+01 6.978734e-04
2 4 -1 -1 1.696469e+02 2.616264e-03
2 3 -1 -1 3.927164e+01 6.056403e-04
5 
-1 -1 1 2 3.814243e+01 5.882258e-04
-1 -1 0 2 6.140156e+01 9.469239e-04
0 1 3 4 7.287178e+01 1.123816e-03
2 4 -1 -1 7.260498e+01 1.119701e-03
2 3 -1 -1 3.334656e+01 5.142647e-04
5 
-1 -1 1 2 2.459346e+01 3.792760e-04
-1 -1 0 2 1.680381e+02 2.591453e-03
0 1 3 4 4.043730e+01 6.236168e-04
2 4 -1 -1 1.408667e+02 2.172421e-03
2 3 -1 -1 1.245816e+02 1.921275e-03
5 
-1 -1 1 2 5.894967e+01 9.091114e-04
-1 -1 0 2 4.519323e+01 6.969619e-04
0 1 3 4 6.775519e+01 1.044909e-03
2 4 -1 -1 4.162857e+01 6.419885e-04
2 3 -1 -1 4.000311e+01 6.169208e-04
5 
-1 -1 1 2 4.292931e+01 6.620482e-04
-1 -1 0 2 1.790504e+01 2.761284e-04
0 1 3 4 1.232006e+02 1.899978e-03
2 4 -1 -1 5.122894e+01 7.900436e-04
2 3 -1 -1 3.850069e+01 5.937508e-04
5 
-1 -1 1 2 1.492908e+02 2.302336e-03
-1 -1 0 2 3.137773e+01 4.839017e-04
0 1 3 4 4.563260e+01 7.037378e-04
2 4 -1 -1 3.474106e+01 5.357705e-04
2 3 -1 -1 2.954430e+01 4.556270e-04
5 
-1 -1 1 2 3.781716e+01 5.832095e-04
-1 -1 0 2 9.390341e+00 1.448162e-04
0 1 3 4 1.017696e+02 1.569473e-03
2 4 -1 -1 2.694503e+01 4.155415e-04
2 3 -1 -1 5.962281e+01 9.194924e-04
5 
-1 -1 1 2 4.840842e+01 7.465461e-04
-1 -1 0 2 3.935925e+01 6.069913e-04
0 1 3 4 3.910661e+01 6.030953e-04
2 4 -1 -1 1.077883e+02 1.662292e-03
2 3 -1 -1 4.672203e+01 7.205388e-04
5 
-1 -1 1 2 2.484788e+01 3.831995e-04
-1 -1 0 2 4.756905e+01 7.336015e-04
0 1 3 4 7.911196e+01 1.220051e-03
2 4 -1 -1 2.110589e+01 3.254913e-04
2 3 -1 -1 5.672964e+01 8.748745e-04
5 
-1 -1 1 2 3.371846e+01 5.200001e-04
-1 -1 0 2 5.429414e+01 8.373146e-04
0 1 3 4 5.768350e+01 8.895847e-04
2 4 -1 -1 5.056409e+01 7.797904e-04
2 3 -1 -1 4.633344e+01 7.145462e-04
5 
-1 -1 1 2 3.347656e+01 5.162695e-04
-1 -1 0 2 4.398564e+01 6.783388e-04
0 1 3 4 1.152254e+02 1.776986e-03
2 4 -1 -1 4.227015e+01 6.518827e-04
2 3 -1 -1 1.143575e+02 1.763601e-03
5 
-1 -1 1 2 4.475844e+01 6.902567e-04
-1 -1 0 2 1.446384e+02 2.230588e-03
0 1 3 4 7.458762e+01 1.150277e-03
2 4 -1 -1 2.100845e+01 3.239886e-04
2 3 -1 -1 9.802890e+01 1.511784e-03
