H 
4.000000e+01 
200 
5 
-1 -1 1 2 6.653047e+00 7.052033e-04
-1 -1 0 2 9.438593e+00 1.000463e-03
0 1 3 4 9.571351e+00 1.014535e-03
2 4 -1 -1 7.298205e+00 7.735881e-04
2 3 -1 -1 5.595999e+00 5.931593e-04
5 
-1 -1 1 2 3.158143e+00 3.347538e-04
-1 -1 0 2 5.888021e+00 6.241128e-04
0 1 3 4 7.677450e+00 8.137869e-04
2 4 -1 -1 2.618260e+00 2.775278e-04
2 3 -1 -1 8.640005e+00 9.158149e-04
5 
-1 -1 1 2 4.505391e+00 4.775581e-04
-1 -1 0 2 5.834984e+00 6.184910e-04
0 1 3 4 2.028097e+01 2.149723e-03
2 4 -1 -1 4.570834e+00 4.844948e-04
2 3 -1 -1 8.338343e+00 8.838397e-04
5 
-1 -1 1 2 9.848945e+00 1.043959e-03
-1 -1 0 2 1.090926e+01 1.156349e-03
0 1 3 4 1.166030e+01 1.235957e-03
2 4 -1 -1 5.677563e+00 6.018048e-04
2 3 -1 -1 6.087421e+00 6.452486e-04
5 
-1 -1 1 2 8.379733e+00 8.882268e-04
-1 -1 0 2 7.862305e+00 8.333810e-04
0 1 3 4 9.302104e+00 9.859955e-04
2 4 -1 -1 1.435575e+00 1.521667e-04
2 3 -1 -1 3.641438e+00 3.859816e-04
5 
-1 -1 1 2 6.783433e+00 7.190238e-04
-1 -1 0 2 6.630473e+00 7.028105e-04
0 1 3 4 8.142271e+00 8.630566e-04
2 4 -1 -1 6.991078e+00 7.410336e-04
2 3 -1 -1 8.120857e+00 8.607867e-04
5 
-1 -1 1 2 1.037154e+01 1.099352e-03
-1 -1 0 2 1.422793e+01 1.508118e-03
0 1 3 4 4.141202e+00 4.389551e-04
2 4 -1 -1 1.334753e+01 1.414798e-03
2 3 -1 -1 6.802358e+00 7.210298e-04
5 
-1 -1 1 2 5.781524e+00 6.128244e-04
-1 -1 0 2 3.995218e+00 4.234813e-04
0 1 3 4 1.777027e+01 1.883596e-03
2 4 -1 -1 7.711906e+00 8.174392e-04
2 3 -1 -1 1.508714e+01 1.599192e-03
5 
-1 -1 1 2 1.298215e+01 1.376070e-03
-1 -1 0 2 3.659275e+00 3.878723e-04
0 1 3 4 8.473743e+00 8.981917e-04
2 4 -1 -1 6.815991e+00 7.224748e-04
2 3 -1 -1 6.189206e+00 6.560375e-04
5 
-1 -1 1 2 5.451184e+00 5.778094e-04
-1 -1 0 2 3.723848e+00 3.947169e-04
0 1 3 4 6.199587e+00 6.571379e-04
2 4 -1 -1 9.737387e+00 1.032134e-03
2 3 -1 -1 6.127525e+00 6.494995e-04
5 
-1 -1 1 2 3.093443e+01 3.278958e-03
-1 -1 0 2 1.402227e+01 1.486319e-03
0 1 3 4 1.044815e+01 1.107473e-03
2 4 -1 -1 3.185254e+00 3.376275e-04
2 3 -1 -1 1.320253e+01 1.399429e-03
5 
-1 -1 1 2 2.226077e+00 2.359575e-04
-1 -1 0 2 4.728019e+00 5.011560e-04
0 1 3 4 1.774620e+01 1.881045e-03
2 4 -1 -1 2.108547e+00 2.234998e-04
2 3 -1 -1 5.625747e+00 5.963125e-04
5 
-1 -1 1 2 7.937044e+00 8.413032e-04
-1 -1 0 2 4.314829e+00 4.573591e-04
0 1 3 4 1.017169e+01 1.078169e-03
2 4 -1 -1 1.916110e+01 2.031020e-03
2 3 -1 -1 3.373588e+00 3.575903e-04
5 
-1 -1 1 2 5.154383e+00 5.463493e-04
-1 -1 0 2 4.597660e+00 4.873384e-04
0 1 3 4 9.951659e+00 1.054846e-03
2 4 -1 -1 1.436184e+01 1.522313e-03
2 3 -1 -1 4.872245e+00 5.164436e-04
5 
-1 -1 1 2 9.299896e+00 9.857614e-04
-1 -1 0 2 7.203934e+00 7.635956e-04
0 1 3 4 1.390835e+01 1.474244e-03
2 4 -1 -1 7.632451e+00 8.090172e-04
2 3 -1 -1 5.967631e+00 6.325512e-04
5 
-1 -1 1 2 1.621198e+01 1.718422e-03
-1 -1 0 2 4.416727e+01 4.681599e-03
0 1 3 4 1.501486e+01 1.591530e-03
2 4 -1 -1 7.550178e+00 8.002965e-04
2 3 -1 -1 2.369694e+01 2.511806e-03
5 
-1 -1 1 2 5.283530e+00 5.600385e-04
-1 -1 0 2 2.767051e+00 2.932992e-04
0 1 3 4 1.138032e+01 1.206280e-03
2 4 -1 -1 5.602448e+00 5.938429e-04
2 3 -1 -1 5.386426e+00 5.709452e-04
5 
-1 -1 1 2 4.280062e+00 4.536739e-04
-1 -1 0 2 9.532911e+00 1.010460e-03
0 1 3 4 1.312124e+01 1.390813e-03
2 4 -1 -1 1.398453e+01 1.482318e-03
2 3 -1 -1 1.036952e+01 1.099139e-03
5 
-1 -1 1 2 3.714197e+00 3.936939e-04
-1 -1 0 2 1.109541e+01 1.176081e-03
0 1 3 4 6.789099e+00 7.196244e-04
2 4 -1 -1 2.015370e+01 2.136233e-03
2 3 -1 -1 9.250583e+00 9.805344e-04
5 
-1 -1 1 2 7.726142e+00 8.189481e-04
-1 -1 0 2 1.529284e+01 1.620996e-03
0 1 3 4 1.503896e+01 1.594086e-03
2 4 -1 -1 5.405728e+00 5.729911e-04
2 3 -1 -1 6.260097e+00 6.635517e-04
5 
-1 -1 1 2 8.735420e+00 9.259286e-04
-1 -1 0 2 4.163971e+00 4.413686e-04
0 1 3 4 1.919847e+01 2.034981e-03
2 4 -1 -1 1.453854e+00 1.541042e-04
2 3 -1 -1 8.760634e+00 9.286013e-04
5 
-1 -1 1 2 9.617249e+00 1.019400e-03
-1 -1 0 2 4.103165e+00 4.349233e-04
0 1 3 4 1.143011e+01 1.211558e-03
2 4 -1 -1 3.617155e+00 3.834077e-04
2 3 -1 -1 1.700243e+01 1.802208e-03
5 
-1 -1 1 2 2.214376e+00 2.347173e-04
-1 -1 0 2 3.885805e+00 4.118838e-04
0 1 3 4 5.299340e+00 5.617143e-04
2 4 -1 -1 5.937576e+00 6.293654e-04
2 3 -1 -1 6.052678e+00 6.415660e-04
5 
-1 -1 1 2 2.939295e+00 3.115566e-04
-1 -1 0 2 5.785190e+00 6.132130e-04
0 1 3 4 1.520616e+01 1.611808e-03
2 4 -1 -1 9.137422e+00 9.685396e-04
2 3 -1 -1 6.746401e+00 7.150986e-04
5 
-1 -1 1 2 8.008286e+00 8.488546e-04
-1 -1 0 2 1.098135e+01 1.163990e-03
0 1 3 4 1.140138e+01 1.208513e-03
2 4 -1 -1 1.260315e+01 1.335897e-03
2 3 -1 -1 7.616318e+00 8.073072e-04
5 
-1 -1 1 2 8.217277e+00 8.710070e-04
-1 -1 0 2 7.804471e+00 8.272508e-04
0 1 3 4 8.525370e+00 9.036640e-04
2 4 -1 -1 1.155229e+01 1.224508e-03
2 3 -1 -1 7.677979e+00 8.138430e-04
5 
-1 -1 1 2 8.920075e+00 9.455015e-04
-1 -1 0 2 9.400451e+00 9.964200e-04
0 1 3 4 9.120363e+00 9.667314e-04
2 4 -1 -1 1.261276e+01 1.336916e-03
2 3 -1 -1 3.252127e+00 3.447158e-04
5 
-1 -1 1 2 1.073945e+01 1.138350e-03
-1 -1 0 2 2.513552e+00 2.664291e-04
0 1 3 4 1.299516e+01 1.377449e-03
2 4 -1 -1 5.045565e+00 5.348149e-04
2 3 -1 -1 9.688022e+00 1.026902e-03
5 
-1 -1 1 2 8.001990e+00 8.481873e-04
-1 -1 0 2 7.454358e+00 7.901398e-04
0 1 3 4 5.677698e+00 6.018192e-04
2 4 -1 -1 1.020165e+01 1.081344e-03
2 3 -1 -1 6.687580e+00 7.088637e-04
5 
-1 -1 1 2 1.862959e+01 1.974681e-03
-1 -1 0 2 1.083716e+01 1.148707e-03
0 1 3 4 1.643540e+01 1.742104e-03
2 4 -1 -1 1.564822e+01 1.658664e-03
2 3 -1 -1 8.869282e+00 9.401176e-04
5 
-1 -1 1 2 1.324516e+01 1.403948e-03
-1 -1 0 2 5.898415e+00 6.252145e-04
0 1 3 4 1.215746e+01 1.288654e-03
2 4 -1 -1 7.212178e+00 7.644695e-04
2 3 -1 -1 3.253456e+00 3.448567e-04
5 
-1 -1 1 2 2.229584e+01 2.363292e-03
-1 -1 0 2 3.296139e+00 3.493810e-04
0 1 3 4 1.951905e+01 2.068962e-03
2 4 -1 -1 3.069311e+00 3.253378e-04
2 3 -1 -1 3.699833e+00 3.921714e-04
5 
-1 -1 1 2 9.340366e+00 9.900512e-04
-1 -1 0 2 6.395504e+00 6.779045e-04
0 1 3 4 9.243363e+00 9.797691e-04
2 4 -1 -1 3.493603e+00 3.703116e-04
2 3 -1 -1 5.975384e+00 6.333730e-04
5 
-1 -1 1 2 4.657605e+00 4.936923e-04
-1 -1 0 2 1.009440e+01 1.069977e-03
0 1 3 4 1.071075e+01 1.135308e-03
2 4 -1 -1 9.672708e+00 1.025278e-03
2 3 -1 -1 1.175577e+01 1.246077e-03
5 
-1 -1 1 2 1.694209e+01 1.795812e-03
-1 -1 0 2 6.650243e+00 7.049060e-04
0 1 3 4 5.662490e+00 6.002072e-04
2 4 -1 -1 3.483327e+00 3.692223e-04
2 3 -1 -1 2.103859e+00 2.230028e-04
5 
-1 -1 1 2 8.476889e+00 8.985251e-04
-1 -1 0 2 1.018890e+01 1.079993e-03
0 1 3 4 9.624848e+00 1.020205e-03
2 4 -1 -1 4.488896e+00 4.758097e-04
2 3 -1 -1 1.352463e+01 1.433570e-03
5 
-1 -1 1 2 6.476481e+00 6.864878e-04
-1 -1 0 2 5.592842e+00 5.928246e-04
0 1 3 4 7.200414e+00 7.632225e-04
2 4 -1 -1 3.600904e+00 3.816851e-04
2 3 -1 -1 7.093844e+00 7.519264e-04
5 
-1 -1 1 2 1.953702e+01 2.070866e-03
-1 -1 0 2 4.957156e+00 5.254438e-04
0 1 3 4 4.737635e+00 5.021753e-04
2 4 -1 -1 3.333581e+00 3.533498e-04
2 3 -1 -1 4.238908e+00 4.493117e-04
5 
-1 -1 1 2 1.287139e+01 1.364329e-03
-1 -1 0 2 9.627536e+00 1.020490e-03
0 1 3 4 7.810332e+00 8.278720e-04
2 4 -1 -1 3.965143e+00 4.202934e-04
2 3 -1 -1 5.409831e+00 5.734260e-04
5 
-1 -1 1 2 2.062556e+01 2.186249e-03
-1 -1 0 2 5.452375e+00 5.779356e-04
0 1 3 4 8.255014e+00 8.750071e-04
2 4 -1 -1 3.007653e+00 3.188023e-04
2 3 -1 -1 9.650972e+00 1.022974e-03
5 
-1 -1 1 2 4.931526e+00 5.227272e-04
-1 -1 0 2 4.284111e+00 4.541031e-04
0 1 3 4 8.559394e+00 9.072704e-04
2 4 -1 -1 6.975258e+00 7.393567e-04
2 3 -1 -1 9.698451e+00 1.028007e-03
5 
-1 -1 1 2 4.156148e+00 4.405394e-04
-1 -1 0 2 1.555723e+01 1.649021e-03
0 1 3 4 7.761923e+00 8.227409e-04
2 4 -1 -1 1.318683e+01 1.397765e-03
2 3 -1 -1 6.106499e+00 6.472708e-04
5 
-1 -1 1 2 1.178263e+01 1.248924e-03
-1 -1 0 2 4.340035e+00 4.600308e-04
0 1 3 4 6.126557e+00 6.493969e-04
2 4 -1 -1 2.445428e+01 2.592081e-03
2 3 -1 -1 3.087719e+00 3.272890e-04
5 
-1 -1 1 2 8.228850e+00 8.722337e-04
-1 -1 0 2 6.340119e+00 6.720339e-04
0 1 3 4 6.640309e+00 7.038531e-04
2 4 -1 -1 7.596658e+00 8.052233e-04
2 3 -1 -1 8.678038e+00 9.198463e-04
5 
-1 -1 1 2 7.019996e+00 7.440988e-04
-1 -1 0 2 5.955800e+00 6.312971e-04
0 1 3 4 7.115786e+00 7.542522e-04
2 4 -1 -1 7.676448e+00 8.136808e-04
2 3 -1 -1 2.361813e+01 2.503452e-03
5 
-1 -1 1 2 1.386328e+01 1.469466e-03
-1 -1 0 2 6.067503e+00 6.431374e-04
0 1 3 4 3.366128e+00 3.567996e-04
2 4 -1 -1 9.772031e+00 1.035806e-03
2 3 -1 -1 2.908851e+01 3.083295e-03
5 
-1 -1 1 2 9.159221e+00 9.708503e-04
-1 -1 0 2 2.074202e+01 2.198593e-03
0 1 3 4 1.147843e+01 1.216679e-03
2 4 -1 -1 1.410362e+01 1.494942e-03
2 3 -1 -1 9.207521e+00 9.759699e-04
5 
-1 -1 1 2 1.521102e+01 1.612323e-03
-1 -1 0 2 7.149712e+00 7.578483e-04
0 1 3 4 4.651758e+00 4.930726e-04
2 4 -1 -1 7.148249e+00 7.576932e-04
2 3 -1 -1 5.445093e+00 5.771638e-04
5 
-1 -1 1 2 3.905354e+00 4.139560e-04
-1 -1 0 2 5.751190e+00 6.096091e-04
0 1 3 4 1.506645e+01 1.596999e-03
2 4 -1 -1 3.834278e+00 4.064221e-04
2 3 -1 -1 1.304252e+01 1.382468e-03
5 
-1 -1 1 2 4.970367e+00 5.268442e-04
-1 -1 0 2 2.139747e+00 2.268069e-04
0 1 3 4 1.162477e+01 1.232192e-03
2 4 -1 -1 5.221085e+00 5.534196e-04
2 3 -1 -1 1.286706e+01 1.363870e-03
5 
-1 -1 1 2 3.814682e+00 4.043450e-04
-1 -1 0 2 5.953767e+00 6.310816e-04
0 1 3 4 1.230968e+01 1.304790e-03
2 4 -1 -1 4.094126e+00 4.339652e-04
2 3 -1 -1 4.818369e+00 5.107328e-04
5 
-1 -1 1 2 1.518679e+01 1.609755e-03
-1 -1 0 2 2.728114e+00 2.891720e-04
0 1 3 4 1.698446e+01 1.800302e-03
2 4 -1 -1 5.409265e+00 5.733661e-04
2 3 -1 -1 1.328744e+01 1.408430e-03
5 
-1 -1 1 2 5.394504e+00 5.718015e-04
-1 -1 0 2 6.772354e+00 7.178494e-04
0 1 3 4 9.165239e+00 9.714881e-04
2 4 -1 -1 3.439006e+00 3.645244e-04
2 3 -1 -1 7.666169e+00 8.125912e-04
5 
-1 -1 1 2 4.355858e+00 4.617081e-04
-1 -1 0 2 2.551470e+00 2.704483e-04
0 1 3 4 1.036821e+01 1.099000e-03
2 4 -1 -1 2.803582e+00 2.971714e-04
2 3 -1 -1 8.018923e+00 8.499821e-04
5 
-1 -1 1 2 2.048456e+01 2.171303e-03
-1 -1 0 2 1.364269e+01 1.446085e-03
0 1 3 4 8.222930e+00 8.716062e-04
2 4 -1 -1 7.349459e+00 7.790208e-04
2 3 -1 -1 5.827710e+01 6.177200e-03
5 
-1 -1 1 2 1.459490e+01 1.547017e-03
-1 -1 0 2 8.063569e+00 8.547144e-04
0 1 3 4 9.677655e+00 1.025803e-03
2 4 -1 -1 4.065164e+00 4.308953e-04
2 3 -1 -1 7.228167e+00 7.661643e-04
5 
-1 -1 1 2 3.596226e+00 3.811893e-04
-1 -1 0 2 1.820500e+01 1.929676e-03
0 1 3 4 1.771610e+01 1.877854e-03
2 4 -1 -1 4.427474e+00 4.692991e-04
2 3 -1 -1 3.972425e+00 4.210652e-04
5 
-1 -1 1 2 1.066951e+01 1.130937e-03
-1 -1 0 2 4.115442e+00 4.362246e-04
0 1 3 4 1.601772e+01 1.697831e-03
2 4 -1 -1 3.954636e+00 4.191797e-04
2 3 -1 -1 5.836204e+00 6.186203e-04
5 
-1 -1 1 2 9.559215e+00 1.013248e-03
-1 -1 0 2 1.420872e+01 1.506082e-03
0 1 3 4 1.074171e+01 1.138590e-03
2 4 -1 -1 1.802957e+01 1.911081e-03
2 3 -1 -1 1.529907e+01 1.621656e-03
5 
-1 -1 1 2 1.070999e+01 1.135228e-03
-1 -1 0 2 2.752636e+00 2.917713e-04
0 1 3 4 1.358913e+01 1.440407e-03
2 4 -1 -1 1.254881e+01 1.330137e-03
2 3 -1 -1 1.341453e+01 1.421900e-03
5 
-1 -1 1 2 1.710382e+01 1.812955e-03
-1 -1 0 2 4.806838e+00 5.095105e-04
0 1 3 4 3.732392e+01 3.956225e-03
2 4 -1 -1 1.298009e+01 1.375851e-03
2 3 -1 -1 3.361121e+00 3.562689e-04
5 
-1 -1 1 2 1.115828e+01 1.182745e-03
-1 -1 0 2 1.172725e+01 1.243053e-03
0 1 3 4 1.055095e+01 1.118369e-03
2 4 -1 -1 9.259672e+00 9.814978e-04
2 3 -1 -1 8.241692e+00 8.735949e-04
5 
-1 -1 1 2 1.939011e+01 2.055294e-03
-1 -1 0 2 1.652110e+01 1.751187e-03
0 1 3 4 1.050785e+01 1.113801e-03
2 4 -1 -1 2.492186e+01 2.641643e-03
2 3 -1 -1 5.536160e+00 5.868166e-04
5 
-1 -1 1 2 1.757905e+01 1.863328e-03
-1 -1 0 2 1.878682e+01 1.991347e-03
0 1 3 4 7.701336e+00 8.163188e-04
2 4 -1 -1 1.938582e+00 2.054840e-04
2 3 -1 -1 5.592056e+00 5.927413e-04
5 
-1 -1 1 2 2.255832e+00 2.391116e-04
-1 -1 0 2 1.306074e+01 1.384400e-03
0 1 3 4 1.330790e+01 1.410598e-03
2 4 -1 -1 6.374564e+00 6.756849e-04
2 3 -1 -1 7.429648e+00 7.875207e-04
5 
-1 -1 1 2 5.497629e+00 5.827324e-04
-1 -1 0 2 1.229328e+01 1.303051e-03
0 1 3 4 8.172679e+00 8.662798e-04
2 4 -1 -1 1.594616e+01 1.690246e-03
2 3 -1 -1 5.598136e+00 5.933858e-04
5 
-1 -1 1 2 9.899793e+00 1.049349e-03
-1 -1 0 2 1.696426e+01 1.798161e-03
0 1 3 4 1.128834e+01 1.196531e-03
2 4 -1 -1 1.923975e+01 2.039356e-03
2 3 -1 -1 3.249674e+00 3.444558e-04
5 
-1 -1 1 2 4.920477e+00 5.215560e-04
-1 -1 0 2 5.393108e+00 5.716534e-04
0 1 3 4 6.558673e+00 6.951999e-04
2 4 -1 -1 5.977533e+00 6.336008e-04
2 3 -1 -1 9.045841e+00 9.588324e-04
5 
-1 -1 1 2 3.148164e+01 3.336961e-03
-1 -1 0 2 3.156837e+01 3.346154e-03
0 1 3 4 1.661602e+01 1.761249e-03
2 4 -1 -1 3.347508e+01 3.548260e-03
2 3 -1 -1 3.729406e+00 3.953060e-04
5 
-1 -1 1 2 4.996335e+00 5.295967e-04
-1 -1 0 2 7.444947e+00 7.891423e-04
0 1 3 4 2.021364e+01 2.142586e-03
2 4 -1 -1 1.282298e+01 1.359198e-03
2 3 -1 -1 5.248875e+00 5.563652e-04
5 
-1 -1 1 2 1.486244e+01 1.575375e-03
-1 -1 0 2 3.889618e+00 4.122880e-04
0 1 3 4 1.808065e+01 1.916495e-03
2 4 -1 -1 1.704796e+01 1.807033e-03
2 3 -1 -1 3.784920e+00 4.011903e-04
5 
-1 -1 1 2 3.200387e+00 3.392315e-04
-1 -1 0 2 3.619100e+00 3.836139e-04
0 1 3 4 1.517170e+01 1.608156e-03
2 4 -1 -1 8.311458e+00 8.809899e-04
2 3 -1 -1 1.132514e+01 1.200432e-03
5 
-1 -1 1 2 3.347251e+00 3.547987e-04
-1 -1 0 2 1.143985e+01 1.212590e-03
0 1 3 4 7.635427e+00 8.093327e-04
2 4 -1 -1 1.981114e+01 2.099922e-03
2 3 -1 -1 7.294568e+00 7.732026e-04
5 
-1 -1 1 2 1.111686e+01 1.178354e-03
-1 -1 0 2 4.886256e+00 5.179287e-04
0 1 3 4 1.148171e+01 1.217027e-03
2 4 -1 -1 8.983850e+00 9.522615e-04
2 3 -1 -1 1.319494e+01 1.398624e-03
5 
-1 -1 1 2 1.144448e+01 1.213081e-03
-1 -1 0 2 1.529791e+01 1.621533e-03
0 1 3 4 1.163024e+01 1.232771e-03
2 4 -1 -1 6.912388e+00 7.326927e-04
2 3 -1 -1 8.721869e+00 9.244922e-04
5 
-1 -1 1 2 6.178112e+00 6.548616e-04
-1 -1 0 2 1.302091e+01 1.380178e-03
0 1 3 4 9.866013e+00 1.045768e-03
2 4 -1 -1 4.959781e+00 5.257221e-04
2 3 -1 -1 5.010899e+00 5.311405e-04
5 
-1 -1 1 2 6.481725e+00 6.870436e-04
-1 -1 0 2 6.334395e+00 6.714271e-04
0 1 3 4 7.402209e+00 7.846122e-04
2 4 -1 -1 5.801092e+00 6.148986e-04
2 3 -1 -1 4.316224e+00 4.575069e-04
5 
-1 -1 1 2 8.604013e+00 9.119999e-04
-1 -1 0 2 8.313491e+00 8.812054e-04
0 1 3 4 1.304920e+01 1.383177e-03
2 4 -1 -1 6.037942e+00 6.400040e-04
2 3 -1 -1 3.196918e+00 3.388639e-04
5 
-1 -1 1 2 3.479901e+00 3.688592e-04
-1 -1 0 2 9.153345e+00 9.702275e-04
0 1 3 4 2.040796e+01 2.163184e-03
2 4 -1 -1 1.294163e+01 1.371775e-03
2 3 -1 -1 7.272057e+00 7.708165e-04
5 
-1 -1 1 2 4.697157e+00 4.978847e-04
-1 -1 0 2 4.526010e+00 4.797436e-04
0 1 3 4 1.280574e+01 1.357370e-03
2 4 -1 -1 4.385650e+00 4.648659e-04
2 3 -1 -1 3.782435e+00 4.009269e-04
5 
-1 -1 1 2 2.137889e+01 2.266099e-03
-1 -1 0 2 4.075597e+01 4.320012e-03
0 1 3 4 9.824847e+00 1.041405e-03
2 4 -1 -1 6.909082e+00 7.323422e-04
2 3 -1 -1 5.220558e+00 5.533637e-04
5 
-1 -1 1 2 2.517703e+00 2.668691e-04
-1 -1 0 2 7.896055e+00 8.369584e-04
0 1 3 4 7.303292e+00 7.741273e-04
2 4 -1 -1 7.094737e+00 7.520211e-04
2 3 -1 -1 3.250565e+00 3.445502e-04
5 
-1 -1 1 2 3.371075e+00 3.573240e-04
-1 -1 0 2 6.473196e+00 6.861396e-04
0 1 3 4 8.794271e+00 9.321667e-04
2 4 -1 -1 1.360674e+01 1.442274e-03
2 3 -1 -1 5.484636e+00 5.813552e-04
5 
-1 -1 1 2 6.477955e+00 6.866441e-04
-1 -1 0 2 2.071279e+00 2.195495e-04
0 1 3 4 1.045354e+01 1.108045e-03
2 4 -1 -1 1.014181e+01 1.075002e-03
2 3 -1 -1 1.433369e+01 1.519329e-03
5 
-1 -1 1 2 7.801570e+00 8.269433e-04
-1 -1 0 2 2.169169e+01 2.299255e-03
0 1 3 4 4.712905e+00 4.995540e-04
2 4 -1 -1 8.970184e+00 9.508129e-04
2 3 -1 -1 9.095725e+00 9.641198e-04
5 
-1 -1 1 2 9.607382e+00 1.018354e-03
-1 -1 0 2 2.579348e+00 2.734033e-04
0 1 3 4 6.242676e+00 6.617052e-04
2 4 -1 -1 8.951259e+00 9.488070e-04
2 3 -1 -1 1.480085e+01 1.568847e-03
5 
-1 -1 1 2 2.419540e+00 2.564640e-04
-1 -1 0 2 1.560307e+01 1.653879e-03
0 1 3 4 1.214248e+01 1.287067e-03
2 4 -1 -1 9.327690e+00 9.887075e-04
2 3 -1 -1 6.804748e+00 7.212832e-04
5 
-1 -1 1 2 1.011570e+01 1.072234e-03
-1 -1 0 2 8.130469e+00 8.618057e-04
0 1 3 4 9.171423e+00 9.721437e-04
2 4 -1 -1 1.272360e+00 1.348664e-04
2 3 -1 -1 5.960226e+00 6.317663e-04
5 
-1 -1 1 2 2.320324e+01 2.459474e-03
-1 -1 0 2 1.828720e+01 1.938389e-03
0 1 3 4 9.247443e+00 9.802016e-04
2 4 -1 -1 4.561637e+01 4.835200e-03
2 3 -1 -1 6.680371e+00 7.080995e-04
5 
-1 -1 1 2 3.193246e+00 3.384746e-04
-1 -1 0 2 7.126370e+00 7.553741e-04
0 1 3 4 6.661119e+00 7.060589e-04
2 4 -1 -1 2.040810e+01 2.163198e-03
2 3 -1 -1 6.426056e+00 6.811429e-04
5 
-1 -1 1 2 9.276040e+00 9.832327e-04
-1 -1 0 2 9.445814e+00 1.001228e-03
0 1 3 4 7.555898e+00 8.009028e-04
2 4 -1 -1 9.769318e+00 1.035519e-03
2 3 -1 -1 9.004522e+00 9.544527e-04
5 
-1 -1 1 2 4.268893e+00 4.524900e-04
-1 -1 0 2 1.456853e+01 1.544221e-03
0 1 3 4 8.660485e+00 9.179857e-04
2 4 -1 -1 1.559225e+01 1.652733e-03
2 3 -1 -1 7.834759e+00 8.304612e-04
5 
-1 -1 1 2 3.007197e+00 3.187540e-04
-1 -1 0 2 3.658304e+00 3.877694e-04
0 1 3 4 8.533396e+00 9.045147e-04
2 4 -1 -1 1.062477e+01 1.126194e-03
2 3 -1 -1 8.056080e+00 8.539206e-04
5 
-1 -1 1 2 7.222533e+00 7.655671e-04
-1 -1 0 2 4.879341e+00 5.171957e-04
0 1 3 4 9.145935e+00 9.694420e-04
2 4 -1 -1 2.241156e+01 2.375559e-03
2 3 -1 -1 1.274899e+01 1.351355e-03
5 
-1 -1 1 2 5.410751e+00 5.735235e-04
-1 -1 0 2 1.807627e+01 1.916031e-03
0 1 3 4 1.267305e+01 1.343305e-03
2 4 -1 -1 1.845320e+01 1.955984e-03
2 3 -1 -1 7.100416e+00 7.526230e-04
5 
-1 -1 1 2 6.770578e+00 7.176612e-04
-1 -1 0 2 2.630518e+01 2.788271e-03
0 1 3 4 7.621263e+00 8.078313e-04
2 4 -1 -1 4.518441e+00 4.789414e-04
2 3 -1 -1 4.021480e+01 4.262649e-03
5 
-1 -1 1 2 1.332015e+01 1.411897e-03
-1 -1 0 2 5.902456e+00 6.256429e-04
0 1 3 4 1.140603e+01 1.209006e-03
2 4 -1 -1 3.963259e+00 4.200938e-04
2 3 -1 -1 3.833941e+00 4.063864e-04
5 
-1 -1 1 2 3.275250e+00 3.471668e-04
-1 -1 0 2 1.068870e+01 1.132971e-03
0 1 3 4 1.913748e+01 2.028517e-03
2 4 -1 -1 3.040408e+01 3.222743e-03
2 3 -1 -1 5.585144e+00 5.920087e-04
5 
-1 -1 1 2 4.747355e+00 5.032055e-04
-1 -1 0 2 7.742031e+00 8.206323e-04
0 1 3 4 1.054588e+01 1.117833e-03
2 4 -1 -1 4.732530e+00 5.016341e-04
2 3 -1 -1 6.981657e+00 7.400349e-04
5 
-1 -1 1 2 5.107482e+00 5.413779e-04
-1 -1 0 2 2.186154e+00 2.317258e-04
0 1 3 4 7.961059e+00 8.438487e-04
2 4 -1 -1 1.540918e+01 1.633328e-03
2 3 -1 -1 6.051280e+00 6.414177e-04
5 
-1 -1 1 2 7.690951e+00 8.152180e-04
-1 -1 0 2 6.798180e+00 7.205870e-04
0 1 3 4 7.331862e+00 7.771556e-04
2 4 -1 -1 1.234255e+01 1.308273e-03
2 3 -1 -1 3.313283e+00 3.511982e-04
5 
-1 -1 1 2 1.246855e+01 1.321629e-03
-1 -1 0 2 2.998117e+01 3.177916e-03
0 1 3 4 1.130816e+01 1.198631e-03
2 4 -1 -1 6.033339e+00 6.395161e-04
2 3 -1 -1 1.255601e+01 1.330900e-03
5 
-1 -1 1 2 1.405305e+01 1.489581e-03
-1 -1 0 2 3.719322e+00 3.942371e-04
0 1 3 4 9.377579e+00 9.939956e-04
2 4 -1 -1 1.079392e+01 1.144123e-03
2 3 -1 -1 4.802256e+00 5.090249e-04
5 
-1 -1 1 2 5.309243e+00 5.627640e-04
-1 -1 0 2 1.254003e+01 1.329206e-03
0 1 3 4 6.074109e+00 6.438376e-04
2 4 -1 -1 1.009342e+01 1.069872e-03
2 3 -1 -1 6.184804e+00 6.555709e-04
5 
-1 -1 1 2 6.274329e+00 6.650603e-04
-1 -1 0 2 3.608843e+00 3.825267e-04
0 1 3 4 1.251736e+01 1.326803e-03
2 4 -1 -1 5.512685e+00 5.843283e-04
2 3 -1 -1 8.780785e+00 9.307372e-04
5 
-1 -1 1 2 4.674908e+00 4.955264e-04
-1 -1 0 2 2.005071e+01 2.125316e-03
0 1 3 4 7.455106e+00 7.902191e-04
2 4 -1 -1 8.781441e+00 9.308068e-04
2 3 -1 -1 2.608131e+00 2.764541e-04
5 
-1 -1 1 2 8.220316e+00 8.713292e-04
-1 -1 0 2 1.123890e+01 1.191290e-03
0 1 3 4 9.290140e+00 9.847273e-04
2 4 -1 -1 7.888656e+00 8.361741e-04
2 3 -1 -1 2.850585e+01 3.021536e-03
5 
-1 -1 1 2 6.155649e+00 6.524806e-04
-1 -1 0 2 3.024386e+00 3.205759e-04
0 1 3 4 6.833673e+00 7.243491e-04
2 4 -1 -1 1.450754e+01 1.537756e-03
2 3 -1 -1 5.659021e+00 5.998395e-04
5 
-1 -1 1 2 2.427979e+00 2.573586e-04
-1 -1 0 2 2.491137e+00 2.640532e-04
0 1 3 4 1.003482e+01 1.063661e-03
2 4 -1 -1 1.711710e+01 1.814362e-03
2 3 -1 -1 9.281822e+00 9.838456e-04
5 
-1 -1 1 2 5.408672e+00 5.733032e-04
-1 -1 0 2 1.391290e+01 1.474726e-03
0 1 3 4 1.908980e+01 2.023463e-03
2 4 -1 -1 9.514291e+00 1.008487e-03
2 3 -1 -1 9.000128e+00 9.539869e-04
5 
-1 -1 1 2 5.499301e+00 5.829096e-04
-1 -1 0 2 2.384347e+00 2.527337e-04
0 1 3 4 1.485636e+01 1.574730e-03
2 4 -1 -1 6.263093e+00 6.638693e-04
2 3 -1 -1 6.825355e+00 7.234674e-04
5 
-1 -1 1 2 1.029053e+01 1.090766e-03
-1 -1 0 2 8.332378e+00 8.832074e-04
0 1 3 4 8.891567e+00 9.424797e-04
2 4 -1 -1 6.897086e+00 7.310707e-04
2 3 -1 -1 5.478876e+00 5.807446e-04
5 
-1 -1 1 2 1.872821e+00 1.985134e-04
-1 -1 0 2 7.270638e+00 7.706661e-04
0 1 3 4 7.460261e+00 7.907655e-04
2 4 -1 -1 2.950811e+00 3.127772e-04
2 3 -1 -1 5.373898e+00 5.696173e-04
5 
-1 -1 1 2 6.370829e+00 6.752890e-04
-1 -1 0 2 2.611976e+00 2.768617e-04
0 1 3 4 5.506186e+00 5.836394e-04
2 4 -1 -1 5.736224e+00 6.080227e-04
2 3 -1 -1 1.524048e+01 1.615446e-03
5 
-1 -1 1 2 1.166813e+01 1.236787e-03
-1 -1 0 2 9.610830e+00 1.018719e-03
0 1 3 4 1.376468e+01 1.459015e-03
2 4 -1 -1 4.448687e+00 4.715476e-04
2 3 -1 -1 5.452447e+00 5.779433e-04
5 
-1 -1 1 2 2.844156e+00 3.014721e-04
-1 -1 0 2 1.171104e+01 1.241336e-03
0 1 3 4 6.682902e+00 7.083679e-04
2 4 -1 -1 6.916425e+00 7.331206e-04
2 3 -1 -1 1.518637e+01 1.609710e-03
5 
-1 -1 1 2 6.277108e+00 6.653549e-04
-1 -1 0 2 5.294862e+00 5.612397e-04
0 1 3 4 9.788452e+00 1.037547e-03
2 4 -1 -1 5.913471e+00 6.268104e-04
2 3 -1 -1 4.717128e+00 5.000016e-04
5 
-1 -1 1 2 1.598169e+01 1.694012e-03
-1 -1 0 2 9.800832e+00 1.038859e-03
0 1 3 4 6.567997e+00 6.961882e-04
2 4 -1 -1 2.951530e+00 3.128534e-04
2 3 -1 -1 1.589776e+01 1.685116e-03
5 
-1 -1 1 2 3.541829e+00 3.754234e-04
-1 -1 0 2 1.277293e+01 1.353893e-03
0 1 3 4 2.697351e+01 2.859112e-03
2 4 -1 -1 5.779694e+00 6.126305e-04
2 3 -1 -1 2.138655e+00 2.266911e-04
5 
-1 -1 1 2 1.359033e+01 1.440534e-03
-1 -1 0 2 8.111565e+00 8.598019e-04
0 1 3 4 1.061339e+01 1.124988e-03
2 4 -1 -1 6.570317e+00 6.964341e-04
2 3 -1 -1 7.827693e+00 8.297122e-04
5 
-1 -1 1 2 8.284291e+00 8.781103e-04
-1 -1 0 2 3.439678e+00 3.645957e-04
0 1 3 4 1.217095e+01 1.290085e-03
2 4 -1 -1 6.285833e+00 6.662797e-04
2 3 -1 -1 8.480610e+00 8.989195e-04
5 
-1 -1 1 2 1.849087e+01 1.959978e-03
-1 -1 0 2 8.021658e+00 8.502720e-04
0 1 3 4 7.901089e+00 8.374920e-04
2 4 -1 -1 9.002777e+00 9.542677e-04
2 3 -1 -1 2.347903e+01 2.488708e-03
5 
-1 -1 1 2 7.698605e+00 8.160293e-04
-1 -1 0 2 3.366233e+00 3.568107e-04
0 1 3 4 6.523925e+00 6.915167e-04
2 4 -1 -1 6.807345e+00 7.215584e-04
2 3 -1 -1 2.423640e+01 2.568987e-03
5 
-1 -1 1 2 7.359108e+00 7.800437e-04
-1 -1 0 2 1.450143e+01 1.537109e-03
0 1 3 4 1.755047e+01 1.860297e-03
2 4 -1 -1 2.353212e+01 2.494335e-03
2 3 -1 -1 1.463351e+01 1.551109e-03
5 
-1 -1 1 2 1.340281e+01 1.420658e-03
-1 -1 0 2 5.293701e+00 5.611166e-04
0 1 3 4 4.201836e+00 4.453822e-04
2 4 -1 -1 6.309927e+00 6.688336e-04
2 3 -1 -1 4.083455e+00 4.328341e-04
5 
-1 -1 1 2 3.989652e+00 4.228913e-04
-1 -1 0 2 1.539089e+01 1.631389e-03
0 1 3 4 1.621773e+01 1.719032e-03
2 4 -1 -1 2.442380e+01 2.588850e-03
2 3 -1 -1 2.915007e+00 3.089821e-04
5 
-1 -1 1 2 2.445648e+01 2.592314e-03
-1 -1 0 2 4.405365e+00 4.669557e-04
0 1 3 4 7.689741e+00 8.150898e-04
2 4 -1 -1 3.528734e+00 3.740353e-04
2 3 -1 -1 2.589385e+01 2.744671e-03
5 
-1 -1 1 2 1.352454e+01 1.433561e-03
-1 -1 0 2 2.260694e+00 2.396269e-04
0 1 3 4 5.144370e+00 5.452879e-04
2 4 -1 -1 6.186695e+00 6.557713e-04
2 3 -1 -1 7.300032e+00 7.737817e-04
5 
-1 -1 1 2 5.486537e+00 5.815566e-04
-1 -1 0 2 5.298064e+00 5.615791e-04
0 1 3 4 9.331738e+00 9.891366e-04
2 4 -1 -1 3.348881e+00 3.549715e-04
2 3 -1 -1 6.933704e+00 7.349521e-04
5 
-1 -1 1 2 1.254349e+01 1.329573e-03
-1 -1 0 2 1.872005e+01 1.984269e-03
0 1 3 4 2.186667e+01 2.317802e-03
2 4 -1 -1 5.631778e+00 5.969518e-04
2 3 -1 -1 9.373593e+00 9.935731e-04
5 
-1 -1 1 2 5.649099e+00 5.987877e-04
-1 -1 0 2 6.275832e+00 6.652196e-04
0 1 3 4 6.595312e+00 6.990835e-04
2 4 -1 -1 4.508504e+00 4.778881e-04
2 3 -1 -1 2.685719e+00 2.846782e-04
5 
-1 -1 1 2 1.393840e+01 1.477429e-03
-1 -1 0 2 3.469795e+00 3.677880e-04
0 1 3 4 7.043903e+00 7.466328e-04
2 4 -1 -1 9.258535e+00 9.813773e-04
2 3 -1 -1 1.289254e+01 1.366571e-03
5 
-1 -1 1 2 1.237655e+01 1.311878e-03
-1 -1 0 2 4.988525e+00 5.287689e-04
0 1 3 4 1.232062e+01 1.305949e-03
2 4 -1 -1 8.008421e+00 8.488689e-04
2 3 -1 -1 5.213892e+00 5.526571e-04
5 
-1 -1 1 2 1.207537e+01 1.279953e-03
-1 -1 0 2 8.810970e+00 9.339367e-04
0 1 3 4 1.109255e+01 1.175778e-03
2 4 -1 -1 1.602738e+01 1.698854e-03
2 3 -1 -1 1.032407e+01 1.094320e-03
5 
-1 -1 1 2 9.108604e+00 9.654850e-04
-1 -1 0 2 7.992091e+00 8.471379e-04
0 1 3 4 8.610615e+00 9.126997e-04
2 4 -1 -1 1.042236e+01 1.104739e-03
2 3 -1 -1 1.474154e+01 1.562559e-03
5 
-1 -1 1 2 2.565802e+00 2.719674e-04
-1 -1 0 2 4.688806e+00 4.969995e-04
0 1 3 4 8.917342e+00 9.452118e-04
2 4 -1 -1 9.940064e+00 1.053617e-03
2 3 -1 -1 9.480333e+00 1.004887e-03
5 
-1 -1 1 2 8.242927e+00 8.737258e-04
-1 -1 0 2 1.018585e+01 1.079670e-03
0 1 3 4 6.158975e+00 6.528331e-04
2 4 -1 -1 5.752819e+00 6.097817e-04
2 3 -1 -1 7.322913e+00 7.762071e-04
5 
-1 -1 1 2 6.041876e+00 6.404209e-04
-1 -1 0 2 5.806485e+00 6.154702e-04
0 1 3 4 1.036421e+01 1.098575e-03
2 4 -1 -1 1.021799e+01 1.083077e-03
2 3 -1 -1 2.371973e+01 2.514221e-03
5 
-1 -1 1 2 2.684589e+00 2.845585e-04
-1 -1 0 2 9.417625e+00 9.982403e-04
0 1 3 4 9.325722e+00 9.884989e-04
2 4 -1 -1 1.214529e+01 1.287365e-03
2 3 -1 -1 1.208760e+01 1.281250e-03
5 
-1 -1 1 2 8.793686e+00 9.321047e-04
-1 -1 0 2 1.295717e+00 1.373422e-04
0 1 3 4 7.349267e+00 7.790006e-04
2 4 -1 -1 1.774103e+01 1.880497e-03
2 3 -1 -1 5.954554e+00 6.311651e-04
5 
-1 -1 1 2 4.827983e+00 5.117518e-04
-1 -1 0 2 5.057117e+00 5.360394e-04
0 1 3 4 1.323616e+01 1.402994e-03
2 4 -1 -1 7.455678e+00 7.902798e-04
2 3 -1 -1 6.921084e+00 7.336144e-04
5 
-1 -1 1 2 5.871359e+00 6.223467e-04
-1 -1 0 2 1.215602e+01 1.288502e-03
0 1 3 4 9.796290e+00 1.038378e-03
2 4 -1 -1 2.780939e+00 2.947713e-04
2 3 -1 -1 2.323433e+00 2.462770e-04
5 
-1 -1 1 2 8.271433e+00 8.767474e-04
-1 -1 0 2 1.659558e+01 1.759082e-03
0 1 3 4 1.243754e+01 1.318342e-03
2 4 -1 -1 3.893868e+00 4.127385e-04
2 3 -1 -1 5.206651e+00 5.518896e-04
5 
-1 -1 1 2 5.238378e+00 5.552525e-04
-1 -1 0 2 3.571673e+00 3.785868e-04
0 1 3 4 7.457512e+00 7.904742e-04
2 4 -1 -1 5.502693e+00 5.832691e-04
2 3 -1 -1 3.814120e+00 4.042854e-04
5 
-1 -1 1 2 2.454521e+01 2.601720e-03
-1 -1 0 2 5.031799e+00 5.333558e-04
0 1 3 4 1.250345e+01 1.325328e-03
2 4 -1 -1 4.226550e+00 4.480017e-04
2 3 -1 -1 4.136824e+00 4.384910e-04
5 
-1 -1 1 2 1.510246e+01 1.600816e-03
-1 -1 0 2 3.767686e+00 3.993635e-04
0 1 3 4 1.473250e+01 1.561602e-03
2 4 -1 -1 5.038888e+00 5.341072e-04
2 3 -1 -1 8.421857e+00 8.926919e-04
5 
-1 -1 1 2 1.196175e+01 1.267910e-03
-1 -1 0 2 5.733751e+00 6.077606e-04
0 1 3 4 2.037886e+01 2.160099e-03
2 4 -1 -1 4.085046e+00 4.330028e-04
2 3 -1 -1 1.110630e+01 1.177235e-03
5 
-1 -1 1 2 5.715125e+00 6.057863e-04
-1 -1 0 2 1.413651e+01 1.498428e-03
0 1 3 4 2.006126e+01 2.126434e-03
2 4 -1 -1 1.362199e+01 1.443890e-03
2 3 -1 -1 4.689454e+00 4.970682e-04
5 
-1 -1 1 2 1.970905e+01 2.089101e-03
-1 -1 0 2 5.882671e+00 6.235457e-04
0 1 3 4 1.069039e+01 1.133149e-03
2 4 -1 -1 2.076656e+00 2.201194e-04
2 3 -1 -1 5.040433e+00 5.342710e-04
5 
-1 -1 1 2 7.473086e+00 7.921249e-04
-1 -1 0 2 3.005216e+00 3.185440e-04
0 1 3 4 1.833423e+01 1.943374e-03
2 4 -1 -1 1.464197e+01 1.552006e-03
2 3 -1 -1 4.831511e+00 5.121259e-04
5 
-1 -1 1 2 6.600476e+00 6.996309e-04
-1 -1 0 2 1.459894e+01 1.547444e-03
0 1 3 4 1.248602e+01 1.323481e-03
2 4 -1 -1 1.552438e+00 1.645538e-04
2 3 -1 -1 3.055865e+00 3.239127e-04
5 
-1 -1 1 2 2.080159e+01 2.204907e-03
-1 -1 0 2 6.149036e+00 6.517796e-04
0 1 3 4 8.437261e+00 8.943247e-04
2 4 -1 -1 1.477544e+01 1.566153e-03
2 3 -1 -1 4.825928e+00 5.115340e-04
5 
-1 -1 1 2 2.466072e+01 2.613964e-03
-1 -1 0 2 2.509536e+00 2.660034e-04
0 1 3 4 5.365799e+00 5.687588e-04
2 4 -1 -1 1.708014e+01 1.810444e-03
2 3 -1 -1 7.998134e+00 8.477785e-04
5 
-1 -1 1 2 3.226300e+00 3.419783e-04
-1 -1 0 2 1.666166e+00 1.766087e-04
0 1 3 4 9.105863e+00 9.651945e-04
2 4 -1 -1 1.061215e+01 1.124857e-03
2 3 -1 -1 1.879037e+01 1.991723e-03
5 
-1 -1 1 2 3.806615e+00 4.034899e-04
-1 -1 0 2 5.705084e+00 6.047220e-04
0 1 3 4 1.532689e+01 1.624605e-03
2 4 -1 -1 5.152914e+00 5.461936e-04
2 3 -1 -1 1.824021e+01 1.933409e-03
5 
-1 -1 1 2 6.470876e+00 6.858937e-04
-1 -1 0 2 2.224783e+00 2.358204e-04
0 1 3 4 1.155097e+01 1.224369e-03
2 4 -1 -1 8.466123e+00 8.973839e-04
2 3 -1 -1 7.925191e+00 8.400467e-04
5 
-1 -1 1 2 1.827742e+01 1.937352e-03
-1 -1 0 2 3.602527e+00 3.818571e-04
0 1 3 4 1.229498e+01 1.303231e-03
2 4 -1 -1 3.654231e+00 3.873377e-04
2 3 -1 -1 7.248198e+00 7.682875e-04
5 
-1 -1 1 2 1.122821e+01 1.190157e-03
-1 -1 0 2 1.883620e+01 1.996581e-03
0 1 3 4 5.130863e+00 5.438563e-04
2 4 -1 -1 9.778917e+00 1.036536e-03
2 3 -1 -1 3.315097e+00 3.513904e-04
5 
-1 -1 1 2 4.357236e+00 4.618541e-04
-1 -1 0 2 5.243274e+00 5.557715e-04
0 1 3 4 1.236602e+01 1.310761e-03
2 4 -1 -1 3.375940e+00 3.578396e-04
2 3 -1 -1 8.716460e+00 9.239189e-04
5 
-1 -1 1 2 3.729462e+00 3.953120e-04
-1 -1 0 2 7.525821e+00 7.977147e-04
0 1 3 4 2.162033e+01 2.291691e-03
2 4 -1 -1 9.483340e+00 1.005206e-03
2 3 -1 -1 3.121628e+00 3.308833e-04
5 
-1 -1 1 2 1.160026e+01 1.229593e-03
-1 -1 0 2 9.297141e+00 9.854694e-04
0 1 3 4 1.890518e+01 2.003893e-03
2 4 -1 -1 6.485544e+00 6.874484e-04
2 3 -1 -1 1.024495e+01 1.085934e-03
5 
-1 -1 1 2 8.275392e+00 8.771671e-04
-1 -1 0 2 7.472258e+00 7.920372e-04
0 1 3 4 9.667829e+00 1.024761e-03
2 4 -1 -1 1.283516e+01 1.360489e-03
2 3 -1 -1 1.473805e+01 1.562190e-03
5 
-1 -1 1 2 7.970581e+00 8.448580e-04
-1 -1 0 2 7.659005e+00 8.118319e-04
0 1 3 4 3.724213e+00 3.947556e-04
2 4 -1 -1 3.924882e+00 4.160258e-04
2 3 -1 -1 1.057278e+01 1.120684e-03
5 
-1 -1 1 2 1.214035e+01 1.286842e-03
-1 -1 0 2 5.098810e+00 5.404588e-04
0 1 3 4 8.705015e+00 9.227058e-04
2 4 -1 -1 4.767605e+00 5.053520e-04
2 3 -1 -1 3.902518e+00 4.136554e-04
5 
-1 -1 1 2 9.254559e+00 9.809558e-04
-1 -1 0 2 1.199056e+01 1.270964e-03
0 1 3 4 2.223623e+01 2.356975e-03
2 4 -1 -1 5.214485e+00 5.527199e-04
2 3 -1 -1 2.018988e+01 2.140067e-03
5 
-1 -1 1 2 4.738319e+00 5.022478e-04
-1 -1 0 2 1.508314e+00 1.598768e-04
0 1 3 4 1.615939e+01 1.712848e-03
2 4 -1 -1 1.120357e+01 1.187545e-03
2 3 -1 -1 4.271532e+00 4.527698e-04
5 
-1 -1 1 2 1.777054e+01 1.883625e-03
-1 -1 0 2 3.064365e+00 3.248136e-04
0 1 3 4 8.429618e+00 8.935145e-04
2 4 -1 -1 9.923246e+00 1.051835e-03
2 3 -1 -1 9.249956e+00 9.804680e-04
5 
-1 -1 1 2 6.165811e+00 6.535577e-04
-1 -1 0 2 9.677258e+00 1.025761e-03
0 1 3 4 7.899422e+00 8.373153e-04
2 4 -1 -1 1.612376e+01 1.709071e-03
2 3 -1 -1 3.557178e+00 3.770503e-04
5 
-1 -1 1 2 1.062600e+01 1.126325e-03
-1 -1 0 2 7.258651e+00 7.693955e-04
0 1 3 4 1.370826e+01 1.453035e-03
2 4 -1 -1 4.544709e+00 4.817257e-04
2 3 -1 -1 1.831053e+01 1.940862e-03
5 
-1 -1 1 2 8.790624e+00 9.317801e-04
-1 -1 0 2 1.944267e+00 2.060865e-04
0 1 3 4 9.254232e+00 9.809211e-04
2 4 -1 -1 7.137011e+00 7.565020e-04
2 3 -1 -1 7.474420e+00 7.922664e-04
5 
-1 -1 1 2 8.213822e+00 8.706408e-04
-1 -1 0 2 8.626782e+00 9.144133e-04
0 1 3 4 1.083040e+01 1.147990e-03
2 4 -1 -1 6.233557e+00 6.607385e-04
2 3 -1 -1 3.244499e+00 3.439073e-04
5 
-1 -1 1 2 5.543578e+00 5.876028e-04
-1 -1 0 2 6.215925e+00 6.588697e-04
0 1 3 4 1.323705e+01 1.403088e-03
2 4 -1 -1 2.458965e+01 2.606430e-03
2 3 -1 -1 4.105925e+00 4.352158e-04
5 
-1 -1 1 2 1.534255e+01 1.626265e-03
-1 -1 0 2 5.587497e+00 5.922581e-04
0 1 3 4 8.132517e+00 8.620227e-04
2 4 -1 -1 1.136769e+01 1.204942e-03
2 3 -1 -1 8.931732e+00 9.467371e-04
5 
-1 -1 1 2 9.137369e+00 9.685340e-04
-1 -1 0 2 1.102815e+01 1.168951e-03
0 1 3 4 5.166952e+00 5.476816e-04
2 4 -1 -1 3.808146e+00 4.036522e-04
2 3 -1 -1 1.404538e+01 1.488769e-03
5 
-1 -1 1 2 1.244973e+01 1.319634e-03
-1 -1 0 2 7.415867e+00 7.860599e-04
0 1 3 4 1.776139e+01 1.882654e-03
2 4 -1 -1 5.896360e+00 6.249967e-04
2 3 -1 -1 8.642776e+00 9.161087e-04
5 
-1 -1 1 2 1.618558e+01 1.715624e-03
-1 -1 0 2 8.885318e+00 9.418174e-04
0 1 3 4 6.752969e+00 7.157947e-04
2 4 -1 -1 5.450642e+00 5.777519e-04
2 3 -1 -1 1.483297e+01 1.572251e-03
5 
-1 -1 1 2 8.035141e+00 8.517011e-04
-1 -1 0 2 5.443549e+00 5.770001e-04
0 1 3 4 1.192902e+01 1.264441e-03
2 4 -1 -1 1.464380e+01 1.552200e-03
2 3 -1 -1 4.521917e+00 4.793098e-04
5 
-1 -1 1 2 7.698276e+00 8.159945e-04
-1 -1 0 2 3.422299e+00 3.627536e-04
0 1 3 4 8.368609e+00 8.870477e-04
2 4 -1 -1 1.203978e+01 1.276181e-03
2 3 -1 -1 8.907149e+00 9.441314e-04
5 
-1 -1 1 2 7.964071e+00 8.441679e-04
-1 -1 0 2 1.390787e+01 1.474193e-03
0 1 3 4 1.401014e+01 1.485034e-03
2 4 -1 -1 8.715745e+00 9.238431e-04
2 3 -1 -1 4.665253e+00 4.945030e-04
5 
-1 -1 1 2 9.682722e+00 1.026340e-03
-1 -1 0 2 6.846908e+00 7.257520e-04
0 1 3 4 7.647807e+00 8.106448e-04
2 4 -1 -1 6.845475e+00 7.256001e-04
2 3 -1 -1 2.833720e+01 3.003659e-03
5 
-1 -1 1 2 1.071584e+01 1.135848e-03
-1 -1 0 2 2.929048e+01 3.104704e-03
0 1 3 4 1.982359e+01 2.101242e-03
2 4 -1 -1 6.508614e+00 6.898937e-04
2 3 -1 -1 2.081144e+00 2.205951e-04
5 
-1 -1 1 2 6.316442e+00 6.695241e-04
-1 -1 0 2 8.888877e+00 9.421946e-04
0 1 3 4 9.514579e+00 1.008517e-03
2 4 -1 -1 7.981177e+00 8.459811e-04
2 3 -1 -1 7.280310e+00 7.716913e-04
5 
-1 -1 1 2 6.188805e+00 6.559950e-04
-1 -1 0 2 1.062429e+01 1.126144e-03
0 1 3 4 8.412488e+00 8.916988e-04
2 4 -1 -1 1.482641e+01 1.571556e-03
2 3 -1 -1 9.805256e+00 1.039328e-03
5 
-1 -1 1 2 1.130778e+01 1.198591e-03
-1 -1 0 2 4.559643e+00 4.833086e-04
0 1 3 4 2.018447e+01 2.139494e-03
2 4 -1 -1 8.053040e+00 8.535984e-04
2 3 -1 -1 9.236028e+00 9.789916e-04
5 
-1 -1 1 2 3.497039e+00 3.706758e-04
-1 -1 0 2 6.658348e+00 7.057651e-04
0 1 3 4 6.552744e+00 6.945715e-04
2 4 -1 -1 1.884575e+01 1.997594e-03
2 3 -1 -1 1.418393e+01 1.503454e-03
5 
-1 -1 1 2 4.938164e+00 5.234307e-04
-1 -1 0 2 4.223327e+00 4.476602e-04
0 1 3 4 1.081034e+01 1.145864e-03
2 4 -1 -1 6.522921e+00 6.914103e-04
2 3 -1 -1 3.260693e+00 3.456238e-04
5 
-1 -1 1 2 1.118731e+01 1.185822e-03
-1 -1 0 2 1.059561e+01 1.123103e-03
0 1 3 4 1.179817e+01 1.250571e-03
2 4 -1 -1 7.394738e+00 7.838203e-04
2 3 -1 -1 5.726717e+00 6.070151e-04
5 
-1 -1 1 2 3.954263e+00 4.191402e-04
-1 -1 0 2 7.976577e+00 8.454936e-04
0 1 3 4 1.001169e+01 1.061210e-03
2 4 -1 -1 6.960881e+00 7.378328e-04
2 3 -1 -1 1.097303e+01 1.163109e-03
5 
-1 -1 1 2 7.571127e+00 8.025171e-04
-1 -1 0 2 2.215464e+01 2.348327e-03
0 1 3 4 4.306466e+00 4.564727e-04
2 4 -1 -1 1.108271e+01 1.174734e-03
2 3 -1 -1 3.613331e+00 3.830024e-04
5 
-1 -1 1 2 7.278568e+00 7.715066e-04
-1 -1 0 2 7.331447e+00 7.771117e-04
0 1 3 4 9.979369e+00 1.057784e-03
2 4 -1 -1 3.663067e+00 3.882742e-04
2 3 -1 -1 1.713232e+01 1.815975e-03
5 
-1 -1 1 2 1.203393e+01 1.275561e-03
-1 -1 0 2 1.471115e+01 1.559338e-03
0 1 3 4 1.244395e+01 1.319022e-03
2 4 -1 -1 1.747885e+01 1.852707e-03
2 3 -1 -1 3.869267e+00 4.101308e-04
5 
-1 -1 1 2 1.142456e+01 1.210970e-03
-1 -1 0 2 5.731485e+00 6.075205e-04
0 1 3 4 1.528904e+01 1.620593e-03
2 4 -1 -1 4.792739e+00 5.080161e-04
2 3 -1 -1 5.993084e+00 6.352492e-04
5 
-1 -1 1 2 5.775335e+00 6.121684e-04
-1 -1 0 2 3.156268e+00 3.345550e-04
0 1 3 4 9.492957e+00 1.006225e-03
2 4 -1 -1 1.411874e+01 1.496545e-03
2 3 -1 -1 2.660421e+00 2.819967e-04
5 
-1 -1 1 2 1.274964e+01 1.351424e-03
-1 -1 0 2 5.225582e+00 5.538962e-04
0 1 3 4 1.803659e+01 1.911825e-03
2 4 -1 -1 7.302924e+00 7.740883e-04
2 3 -1 -1 1.100481e+01 1.166477e-03
5 
-1 -1 1 2 1.962066e+01 2.079732e-03
-1 -1 0 2 8.114165e+00 8.600774e-04
0 1 3 4 1.890082e+01 2.003431e-03
2 4 -1 -1 9.531457e+00 1.010306e-03
2 3 -1 -1 5.035556e+00 5.337541e-04
5 
-1 -1 1 2 2.579893e+00 2.734610e-04
-1 -1 0 2 8.814931e+00 9.343566e-04
0 1 3 4 4.881696e+00 5.174454e-04
2 4 -1 -1 4.510520e+00 4.781017e-04
2 3 -1 -1 6.090890e+00 6.456163e-04
5 
-1 -1 1 2 2.051462e+01 2.174489e-03
-1 -1 0 2 3.043595e+00 3.226121e-04
0 1 3 4 1.115189e+01 1.182067e-03
2 4 -1 -1 3.227923e+00 3.421502e-04
2 3 -1 -1 9.930245e+00 1.052577e-03
5 
-1 -1 1 2 1.022006e+01 1.083296e-03
-1 -1 0 2 2.455432e+00 2.602685e-04
0 1 3 4 6.443237e+00 6.829640e-04
2 4 -1 -1 7.892243e+00 8.365543e-04
2 3 -1 -1 1.274951e+01 1.351410e-03
5 
-1 -1 1 2 4.206622e+00 4.458894e-04
-1 -1 0 2 5.731076e+00 6.074771e-04
0 1 3 4 1.572421e+01 1.666720e-03
2 4 -1 -1 1.474738e+01 1.563179e-03
2 3 -1 -1 3.752206e+00 3.977228e-04
5 
-1 -1 1 2 8.509593e+00 9.019916e-04
-1 -1 0 2 8.019237e+00 8.500154e-04
0 1 3 4 6.064937e+00 6.428653e-04
2 4 -1 -1 1.880605e+01 1.993386e-03
2 3 -1 -1 1.228967e+01 1.302668e-03
