H 
4.000000e+01 
200 
5 
-1 -1 1 2 2.203096e+01 4.102977e-04
-1 -1 0 2 4.997422e+01 9.307042e-04
0 1 3 4 3.759368e+01 7.001330e-04
2 4 -1 -1 2.006785e+01 3.737374e-04
2 3 -1 -1 3.068799e+01 5.715235e-04
5 
-1 -1 1 2 1.592783e+02 2.966349e-03
-1 -1 0 2 3.384283e+01 6.302783e-04
0 1 3 4 3.382201e+01 6.298905e-04
2 4 -1 -1 7.607268e+01 1.416754e-03
2 3 -1 -1 2.194029e+01 4.086091e-04
5 
-1 -1 1 2 7.016885e+01 1.306803e-03
-1 -1 0 2 1.042417e+02 1.941366e-03
0 1 3 4 6.412884e+01 1.194316e-03
2 4 -1 -1 2.185688e+01 4.070557e-04
2 3 -1 -1 5.918349e+01 1.102215e-03
5 
-1 -1 1 2 8.578111e+01 1.597561e-03
-1 -1 0 2 1.467412e+01 2.732863e-04
0 1 3 4 5.351103e+01 9.965728e-04
2 4 -1 -1 5.704320e+01 1.062355e-03
2 3 -1 -1 5.009731e+01 9.329967e-04
5 
-1 -1 1 2 4.340481e+01 8.083577e-04
-1 -1 0 2 5.119081e+01 9.533617e-04
0 1 3 4 1.156396e+02 2.153636e-03
2 4 -1 -1 5.061234e+01 9.425885e-04
2 3 -1 -1 5.766607e+01 1.073955e-03
5 
-1 -1 1 2 5.225897e+01 9.732548e-04
-1 -1 0 2 1.410072e+01 2.626073e-04
0 1 3 4 9.558101e+01 1.780071e-03
2 4 -1 -1 2.779742e+01 5.176905e-04
2 3 -1 -1 4.902523e+01 9.130305e-04
5 
-1 -1 1 2 2.976909e+01 5.544102e-04
-1 -1 0 2 2.613080e+01 4.866518e-04
0 1 3 4 4.395334e+01 8.185734e-04
2 4 -1 -1 4.898080e+01 9.122031e-04
2 3 -1 -1 4.361959e+01 8.123577e-04
5 
-1 -1 1 2 2.677563e+01 4.986609e-04
-1 -1 0 2 1.313393e+01 2.446023e-04
0 1 3 4 9.050611e+01 1.685558e-03
2 4 -1 -1 3.804978e+01 7.086273e-04
2 3 -1 -1 2.364934e+01 4.404380e-04
5 
-1 -1 1 2 7.832300e+01 1.458663e-03
-1 -1 0 2 9.404500e+01 1.751465e-03
0 1 3 4 5.089733e+01 9.478960e-04
2 4 -1 -1 6.185800e+00 1.152024e-04
2 3 -1 -1 2.641211e+01 4.918910e-04
5 
-1 -1 1 2 1.876976e+01 3.495622e-04
-1 -1 0 2 5.376841e+01 1.001366e-03
0 1 3 4 6.021228e+01 1.121375e-03
2 4 -1 -1 6.093136e+01 1.134767e-03
2 3 -1 -1 5.568102e+01 1.036986e-03
5 
-1 -1 1 2 1.276341e+02 2.377017e-03
-1 -1 0 2 3.184924e+01 5.931502e-04
0 1 3 4 9.406754e+01 1.751884e-03
2 4 -1 -1 3.884407e+01 7.234198e-04
2 3 -1 -1 3.711330e+01 6.911866e-04
5 
-1 -1 1 2 1.199644e+02 2.234179e-03
-1 -1 0 2 2.662937e+01 4.959372e-04
0 1 3 4 8.568798e+01 1.595826e-03
2 4 -1 -1 8.449642e+01 1.573635e-03
2 3 -1 -1 6.160047e+01 1.147228e-03
5 
-1 -1 1 2 3.018887e+01 5.622281e-04
-1 -1 0 2 2.944197e+01 5.483181e-04
0 1 3 4 8.178291e+01 1.523099e-03
2 4 -1 -1 1.981524e+01 3.690329e-04
2 3 -1 -1 4.034427e+01 7.513591e-04
5 
-1 -1 1 2 4.885282e+01 9.098196e-04
-1 -1 0 2 3.530769e+01 6.575594e-04
0 1 3 4 7.855441e+01 1.462973e-03
2 4 -1 -1 7.268772e+01 1.353713e-03
2 3 -1 -1 2.361044e+01 4.397135e-04
5 
-1 -1 1 2 4.380812e+01 8.158688e-04
-1 -1 0 2 2.629154e+01 4.896455e-04
0 1 3 4 6.000111e+01 1.117442e-03
2 4 -1 -1 2.879096e+01 5.361939e-04
2 3 -1 -1 1.989820e+01 3.705779e-04
5 
-1 -1 1 2 2.033949e+01 3.787964e-04
-1 -1 0 2 4.156288e+01 7.740542e-04
0 1 3 4 5.587827e+01 1.040659e-03
2 4 -1 -1 4.571900e+01 8.514563e-04
2 3 -1 -1 3.622108e+01 6.745701e-04
5 
-1 -1 1 2 5.226668e+01 9.733983e-04
-1 -1 0 2 1.145457e+02 2.133263e-03
0 1 3 4 1.145697e+02 2.133711e-03
2 4 -1 -1 1.339624e+02 2.494874e-03
2 3 -1 -1 1.292365e+02 2.406861e-03
5 
-1 -1 1 2 5.143451e+01 9.579003e-04
-1 -1 0 2 1.474422e+02 2.745919e-03
0 1 3 4 8.527505e+01 1.588136e-03
2 4 -1 -1 5.148989e+01 9.589316e-04
2 3 -1 -1 9.768769e+00 1.819305e-04
5 
-1 -1 1 2 3.660529e+01 6.817255e-04
-1 -1 0 2 1.496852e+02 2.787691e-03
0 1 3 4 2.396682e+01 4.463507e-04
2 4 -1 -1 3.060294e+01 5.699395e-04
2 3 -1 -1 1.504341e+01 2.801637e-04
5 
-1 -1 1 2 3.000563e+01 5.588155e-04
-1 -1 0 2 1.190435e+01 2.217029e-04
0 1 3 4 9.996914e+01 1.861794e-03
2 4 -1 -1 4.537599e+01 8.450682e-04
2 3 -1 -1 5.632640e+01 1.049005e-03
5 
-1 -1 1 2 4.156077e+01 7.740148e-04
-1 -1 0 2 2.516168e+01 4.686033e-04
0 1 3 4 1.033186e+02 1.924173e-03
2 4 -1 -1 5.224141e+01 9.729277e-04
2 3 -1 -1 2.401509e+01 4.472496e-04
5 
-1 -1 1 2 2.856077e+01 5.319069e-04
-1 -1 0 2 1.897513e+01 3.533869e-04
0 1 3 4 3.876067e+01 7.218667e-04
2 4 -1 -1 4.677728e+01 8.711655e-04
2 3 -1 -1 3.926052e+01 7.311757e-04
5 
-1 -1 1 2 6.801145e+01 1.266624e-03
-1 -1 0 2 6.992318e+01 1.302227e-03
0 1 3 4 7.658868e+01 1.426364e-03
2 4 -1 -1 1.076378e+02 2.004613e-03
2 3 -1 -1 9.214833e+00 1.716142e-04
5 
-1 -1 1 2 1.524371e+01 2.838942e-04
-1 -1 0 2 5.373025e+01 1.000655e-03
0 1 3 4 3.413542e+01 6.357275e-04
2 4 -1 -1 3.916687e+01 7.294317e-04
2 3 -1 -1 3.117355e+01 5.805664e-04
5 
-1 -1 1 2 2.701342e+01 5.030894e-04
-1 -1 0 2 7.451775e+01 1.387795e-03
0 1 3 4 3.134915e+01 5.838368e-04
2 4 -1 -1 4.971827e+01 9.259375e-04
2 3 -1 -1 1.852145e+01 3.449376e-04
5 
-1 -1 1 2 4.437742e+01 8.264712e-04
-1 -1 0 2 7.889469e+01 1.469310e-03
0 1 3 4 7.824201e+01 1.457155e-03
2 4 -1 -1 6.196707e+01 1.154055e-03
2 3 -1 -1 7.727819e+01 1.439205e-03
5 
-1 -1 1 2 2.942930e+01 5.480821e-04
-1 -1 0 2 3.418966e+01 6.367376e-04
0 1 3 4 5.974084e+01 1.112595e-03
2 4 -1 -1 7.019150e+01 1.307225e-03
2 3 -1 -1 2.414911e+01 4.497456e-04
5 
-1 -1 1 2 3.767062e+01 7.015658e-04
-1 -1 0 2 3.134179e+01 5.836997e-04
0 1 3 4 4.486065e+01 8.354707e-04
2 4 -1 -1 4.634466e+01 8.631085e-04
2 3 -1 -1 9.145489e+01 1.703227e-03
5 
-1 -1 1 2 6.758320e+01 1.258649e-03
-1 -1 0 2 1.670180e+02 3.110490e-03
0 1 3 4 3.149551e+01 5.865626e-04
2 4 -1 -1 2.245504e+01 4.181957e-04
2 3 -1 -1 3.616985e+01 6.736161e-04
5 
-1 -1 1 2 6.600129e+01 1.229188e-03
-1 -1 0 2 4.735363e+01 8.818992e-04
0 1 3 4 7.157797e+01 1.333046e-03
2 4 -1 -1 1.632953e+02 3.041161e-03
2 3 -1 -1 3.519130e+01 6.553918e-04
5 
-1 -1 1 2 2.994430e+01 5.576733e-04
-1 -1 0 2 4.224266e+01 7.867142e-04
0 1 3 4 6.126806e+01 1.141037e-03
2 4 -1 -1 1.533603e+01 2.856134e-04
2 3 -1 -1 3.426897e+01 6.382146e-04
5 
-1 -1 1 2 6.150320e+01 1.145416e-03
-1 -1 0 2 4.693097e+01 8.740278e-04
0 1 3 4 2.793443e+01 5.202421e-04
2 4 -1 -1 1.191136e+01 2.218334e-04
2 3 -1 -1 5.499919e+01 1.024288e-03
5 
-1 -1 1 2 9.631330e+01 1.793709e-03
-1 -1 0 2 5.529617e+01 1.029819e-03
0 1 3 4 1.001167e+02 1.864543e-03
2 4 -1 -1 3.972044e+01 7.397411e-04
2 3 -1 -1 1.610920e+01 3.000128e-04
5 
-1 -1 1 2 4.903082e+01 9.131347e-04
-1 -1 0 2 4.844116e+01 9.021531e-04
0 1 3 4 9.268908e+01 1.726213e-03
2 4 -1 -1 8.491876e+01 1.581501e-03
2 3 -1 -1 6.897759e+01 1.284617e-03
5 
-1 -1 1 2 2.763902e+01 5.147405e-04
-1 -1 0 2 1.825644e+01 3.400022e-04
0 1 3 4 1.311903e+02 2.443247e-03
2 4 -1 -1 4.877292e+01 9.083317e-04
2 3 -1 -1 1.106482e+01 2.060678e-04
5 
-1 -1 1 2 2.068051e+01 3.851474e-04
-1 -1 0 2 5.868367e+01 1.092906e-03
0 1 3 4 5.677200e+01 1.057304e-03
2 4 -1 -1 2.655960e+01 4.946377e-04
2 3 -1 -1 3.873462e+01 7.213814e-04
5 
-1 -1 1 2 2.479756e+01 4.618220e-04
-1 -1 0 2 7.264642e+01 1.352944e-03
0 1 3 4 7.319153e+01 1.363096e-03
2 4 -1 -1 5.355693e+01 9.974275e-04
2 3 -1 -1 3.818975e+01 7.112339e-04
5 
-1 -1 1 2 9.670368e+01 1.800979e-03
-1 -1 0 2 1.145530e+02 2.133400e-03
0 1 3 4 5.505190e+01 1.025270e-03
2 4 -1 -1 4.453154e+01 8.293416e-04
2 3 -1 -1 3.182002e+01 5.926061e-04
5 
-1 -1 1 2 4.617335e+01 8.599182e-04
-1 -1 0 2 4.488415e+01 8.359084e-04
0 1 3 4 3.413824e+01 6.357799e-04
2 4 -1 -1 1.516913e+01 2.825051e-04
2 3 -1 -1 2.439299e+01 4.542875e-04
5 
-1 -1 1 2 4.748768e+01 8.843958e-04
-1 -1 0 2 1.339949e+01 2.495480e-04
0 1 3 4 2.621937e+01 4.883013e-04
2 4 -1 -1 6.330635e+01 1.178998e-03
2 3 -1 -1 1.381736e+01 2.573302e-04
5 
-1 -1 1 2 5.045978e+01 9.397472e-04
-1 -1 0 2 4.547498e+01 8.469118e-04
0 1 3 4 8.445453e+01 1.572855e-03
2 4 -1 -1 5.093232e+01 9.485476e-04
2 3 -1 -1 4.146194e+01 7.721743e-04
5 
-1 -1 1 2 5.920882e+01 1.102687e-03
-1 -1 0 2 3.556681e+01 6.623852e-04
0 1 3 4 4.912750e+01 9.149353e-04
2 4 -1 -1 5.579231e+00 1.039059e-04
2 3 -1 -1 5.537890e+01 1.031359e-03
5 
-1 -1 1 2 5.266438e+01 9.808050e-04
-1 -1 0 2 2.799329e+01 5.213383e-04
0 1 3 4 4.428227e+01 8.246991e-04
2 4 -1 -1 7.900707e+01 1.471403e-03
2 3 -1 -1 6.337477e+01 1.180272e-03
5 
-1 -1 1 2 4.333277e+01 8.070160e-04
-1 -1 0 2 3.094701e+01 5.763475e-04
0 1 3 4 6.424494e+01 1.196478e-03
2 4 -1 -1 8.013920e+01 1.492487e-03
2 3 -1 -1 3.392732e+01 6.318518e-04
5 
-1 -1 1 2 1.935082e+01 3.603837e-04
-1 -1 0 2 3.759106e+01 7.000842e-04
0 1 3 4 4.222208e+01 7.863309e-04
2 4 -1 -1 6.965987e+01 1.297324e-03
2 3 -1 -1 6.687819e+01 1.245519e-03
5 
-1 -1 1 2 2.274088e+01 4.235190e-04
-1 -1 0 2 2.626887e+01 4.892233e-04
0 1 3 4 7.540892e+01 1.404392e-03
2 4 -1 -1 1.527254e+02 2.844310e-03
2 3 -1 -1 3.842329e+01 7.155833e-04
5 
-1 -1 1 2 4.375476e+01 8.148749e-04
-1 -1 0 2 2.514016e+01 4.682025e-04
0 1 3 4 8.116376e+01 1.511569e-03
2 4 -1 -1 4.811838e+01 8.961417e-04
2 3 -1 -1 3.845288e+01 7.161345e-04
5 
-1 -1 1 2 1.022363e+02 1.904017e-03
-1 -1 0 2 2.124401e+01 3.956418e-04
0 1 3 4 7.491512e+01 1.395196e-03
2 4 -1 -1 5.768202e+01 1.074252e-03
2 3 -1 -1 3.191308e+01 5.943392e-04
5 
-1 -1 1 2 1.767191e+02 3.291161e-03
-1 -1 0 2 4.712110e+01 8.775688e-04
0 1 3 4 4.016693e+01 7.480564e-04
2 4 -1 -1 1.540130e+02 2.868290e-03
2 3 -1 -1 4.733516e+01 8.815554e-04
5 
-1 -1 1 2 1.506049e+01 2.804819e-04
-1 -1 0 2 1.905463e+01 3.548674e-04
0 1 3 4 4.531082e+01 8.438546e-04
2 4 -1 -1 5.051378e+01 9.407529e-04
2 3 -1 -1 3.073074e+01 5.723198e-04
5 
-1 -1 1 2 5.170994e+01 9.630299e-04
-1 -1 0 2 4.064658e+01 7.569893e-04
0 1 3 4 3.324249e+01 6.190977e-04
2 4 -1 -1 6.691039e+01 1.246118e-03
2 3 -1 -1 2.477486e+01 4.613994e-04
5 
-1 -1 1 2 8.599301e+01 1.601507e-03
-1 -1 0 2 1.454844e+01 2.709457e-04
0 1 3 4 4.458551e+01 8.303466e-04
2 4 -1 -1 4.467448e+01 8.320036e-04
2 3 -1 -1 3.919404e+01 7.299376e-04
5 
-1 -1 1 2 1.358238e+02 2.529541e-03
-1 -1 0 2 1.991042e+01 3.708055e-04
0 1 3 4 4.077426e+01 7.593670e-04
2 4 -1 -1 4.308628e+01 8.024254e-04
2 3 -1 -1 8.473687e+01 1.578113e-03
5 
-1 -1 1 2 2.188645e+01 4.076064e-04
-1 -1 0 2 8.311842e+01 1.547972e-03
0 1 3 4 2.789225e+01 5.194566e-04
2 4 -1 -1 6.482185e+01 1.207222e-03
2 3 -1 -1 4.332727e+01 8.069136e-04
5 
-1 -1 1 2 3.422150e+01 6.373306e-04
-1 -1 0 2 7.736574e+01 1.440835e-03
0 1 3 4 7.671047e+01 1.428632e-03
2 4 -1 -1 1.051041e+02 1.957427e-03
2 3 -1 -1 6.295696e+01 1.172491e-03
5 
-1 -1 1 2 3.946972e+01 7.350717e-04
-1 -1 0 2 1.489737e+01 2.774441e-04
0 1 3 4 4.248274e+01 7.911854e-04
2 4 -1 -1 2.394100e+01 4.458697e-04
2 3 -1 -1 2.256289e+01 4.202043e-04
5 
-1 -1 1 2 3.940934e+01 7.339473e-04
-1 -1 0 2 4.207594e+01 7.836091e-04
0 1 3 4 4.943994e+01 9.207541e-04
2 4 -1 -1 4.661686e+01 8.681779e-04
2 3 -1 -1 1.036529e+02 1.930399e-03
5 
-1 -1 1 2 6.570841e+01 1.223733e-03
-1 -1 0 2 8.866233e+01 1.651220e-03
0 1 3 4 7.502091e+01 1.397166e-03
2 4 -1 -1 4.831513e+01 8.998059e-04
2 3 -1 -1 2.214854e+01 4.124876e-04
5 
-1 -1 1 2 2.698096e+01 5.024849e-04
-1 -1 0 2 8.531661e+01 1.588910e-03
0 1 3 4 6.927942e+01 1.290238e-03
2 4 -1 -1 1.714754e+01 3.193504e-04
2 3 -1 -1 4.323296e+01 8.051571e-04
5 
-1 -1 1 2 4.038573e+01 7.521313e-04
-1 -1 0 2 2.796459e+01 5.208037e-04
0 1 3 4 6.740780e+01 1.255382e-03
2 4 -1 -1 6.992251e+01 1.302215e-03
2 3 -1 -1 6.198312e+01 1.154354e-03
5 
-1 -1 1 2 5.331388e+01 9.929011e-04
-1 -1 0 2 1.807433e+01 3.366107e-04
0 1 3 4 5.857890e+01 1.090955e-03
2 4 -1 -1 1.888687e+01 3.517432e-04
2 3 -1 -1 5.101342e+01 9.500579e-04
5 
-1 -1 1 2 2.691660e+01 5.012864e-04
-1 -1 0 2 3.436738e+01 6.400473e-04
0 1 3 4 8.338118e+01 1.552865e-03
2 4 -1 -1 1.989069e+01 3.704381e-04
2 3 -1 -1 2.270809e+01 4.229085e-04
5 
-1 -1 1 2 3.095690e+01 5.765317e-04
-1 -1 0 2 7.704122e+01 1.434792e-03
0 1 3 4 1.171568e+02 2.181891e-03
2 4 -1 -1 9.042412e+01 1.684031e-03
2 3 -1 -1 4.934852e+01 9.190515e-04
5 
-1 -1 1 2 6.064876e+01 1.129504e-03
-1 -1 0 2 3.715975e+01 6.920515e-04
0 1 3 4 1.096571e+02 2.042219e-03
2 4 -1 -1 7.633577e+01 1.421654e-03
2 3 -1 -1 1.796269e+01 3.345315e-04
5 
-1 -1 1 2 8.584324e+01 1.598718e-03
-1 -1 0 2 9.513087e+01 1.771688e-03
0 1 3 4 6.101941e+01 1.136406e-03
2 4 -1 -1 5.620524e+01 1.046749e-03
2 3 -1 -1 4.289640e+01 7.988891e-04
5 
-1 -1 1 2 3.830935e+01 7.134614e-04
-1 -1 0 2 1.137340e+02 2.118147e-03
0 1 3 4 1.107468e+02 2.062515e-03
2 4 -1 -1 5.514612e+01 1.027024e-03
2 3 -1 -1 2.754565e+01 5.130016e-04
5 
-1 -1 1 2 2.973468e+01 5.537694e-04
-1 -1 0 2 5.110559e+01 9.517746e-04
0 1 3 4 4.120985e+01 7.674794e-04
2 4 -1 -1 1.231428e+02 2.293374e-03
2 3 -1 -1 7.847163e+01 1.461431e-03
5 
-1 -1 1 2 3.634422e+01 6.768635e-04
-1 -1 0 2 2.352030e+01 4.380348e-04
0 1 3 4 4.589739e+01 8.547786e-04
2 4 -1 -1 2.063816e+01 3.843587e-04
2 3 -1 -1 5.986413e+01 1.114891e-03
5 
-1 -1 1 2 1.020161e+02 1.899915e-03
-1 -1 0 2 2.360820e+01 4.396717e-04
0 1 3 4 8.802591e+01 1.639367e-03
2 4 -1 -1 4.243046e+01 7.902117e-04
2 3 -1 -1 1.047299e+02 1.950457e-03
5 
-1 -1 1 2 5.895568e+01 1.097972e-03
-1 -1 0 2 5.008754e+01 9.328147e-04
0 1 3 4 4.519479e+01 8.416936e-04
2 4 -1 -1 1.748113e+02 3.255632e-03
2 3 -1 -1 2.491737e+01 4.640533e-04
5 
-1 -1 1 2 7.248285e+01 1.349898e-03
-1 -1 0 2 3.688453e+01 6.869261e-04
0 1 3 4 4.708588e+01 8.769127e-04
2 4 -1 -1 6.352657e+01 1.183099e-03
2 3 -1 -1 4.915384e+01 9.154257e-04
5 
-1 -1 1 2 7.855223e+01 1.462932e-03
-1 -1 0 2 3.586595e+01 6.679563e-04
0 1 3 4 5.061934e+01 9.427187e-04
2 4 -1 -1 6.244189e+01 1.162898e-03
2 3 -1 -1 5.046849e+01 9.399095e-04
5 
-1 -1 1 2 4.510407e+01 8.400042e-04
-1 -1 0 2 4.042794e+01 7.529174e-04
0 1 3 4 9.697886e+01 1.806104e-03
2 4 -1 -1 2.218139e+01 4.130992e-04
2 3 -1 -1 2.103597e+01 3.917674e-04
5 
-1 -1 1 2 3.460065e+01 6.443917e-04
-1 -1 0 2 4.311813e+01 8.030186e-04
0 1 3 4 6.284158e+01 1.170342e-03
2 4 -1 -1 3.237511e+01 6.029439e-04
2 3 -1 -1 5.364901e+01 9.991425e-04
5 
-1 -1 1 2 9.987452e+01 1.860032e-03
-1 -1 0 2 5.114618e+01 9.525305e-04
0 1 3 4 6.117429e+01 1.139291e-03
2 4 -1 -1 4.892093e+01 9.110881e-04
2 3 -1 -1 4.687978e+01 8.730745e-04
5 
-1 -1 1 2 4.908570e+01 9.141568e-04
-1 -1 0 2 4.126422e+01 7.684920e-04
0 1 3 4 4.494129e+01 8.369725e-04
2 4 -1 -1 7.414465e+01 1.380847e-03
2 3 -1 -1 1.007152e+02 1.875688e-03
5 
-1 -1 1 2 3.986722e+01 7.424748e-04
-1 -1 0 2 5.408584e+01 1.007278e-03
0 1 3 4 8.896779e+01 1.656908e-03
2 4 -1 -1 1.050361e+02 1.956159e-03
2 3 -1 -1 4.188086e+01 7.799762e-04
5 
-1 -1 1 2 7.623612e+01 1.419798e-03
-1 -1 0 2 3.628240e+01 6.757120e-04
0 1 3 4 5.340824e+01 9.946584e-04
2 4 -1 -1 2.099262e+01 3.909601e-04
2 3 -1 -1 5.203128e+01 9.690144e-04
5 
-1 -1 1 2 4.808297e+01 8.954823e-04
-1 -1 0 2 1.231454e+01 2.293422e-04
0 1 3 4 6.144596e+01 1.144350e-03
2 4 -1 -1 3.625009e+01 6.751103e-04
2 3 -1 -1 3.206551e+01 5.971780e-04
5 
-1 -1 1 2 2.782176e+01 5.181437e-04
-1 -1 0 2 5.091778e+01 9.482769e-04
0 1 3 4 3.264829e+01 6.080316e-04
2 4 -1 -1 5.679906e+01 1.057808e-03
2 3 -1 -1 6.720938e+01 1.251687e-03
5 
-1 -1 1 2 4.790936e+01 8.922491e-04
-1 -1 0 2 1.285471e+02 2.394020e-03
0 1 3 4 6.556845e+01 1.221126e-03
2 4 -1 -1 2.263275e+01 4.215052e-04
2 3 -1 -1 7.898340e+01 1.470962e-03
5 
-1 -1 1 2 1.364664e+01 2.541507e-04
-1 -1 0 2 7.102169e+01 1.322686e-03
0 1 3 4 8.045535e+01 1.498375e-03
2 4 -1 -1 3.302148e+01 6.149818e-04
2 3 -1 -1 2.683010e+01 4.996754e-04
5 
-1 -1 1 2 1.118079e+01 2.082275e-04
-1 -1 0 2 1.418399e+01 2.641582e-04
0 1 3 4 1.251574e+02 2.330892e-03
2 4 -1 -1 2.813220e+01 5.239253e-04
2 3 -1 -1 1.629811e+01 3.035310e-04
5 
-1 -1 1 2 5.593635e+01 1.041741e-03
-1 -1 0 2 3.091517e+01 5.757544e-04
0 1 3 4 4.849688e+01 9.031907e-04
2 4 -1 -1 5.637735e+01 1.049954e-03
2 3 -1 -1 1.134168e+02 2.112240e-03
5 
-1 -1 1 2 2.454494e+01 4.571173e-04
-1 -1 0 2 3.286279e+01 6.120263e-04
0 1 3 4 4.432971e+01 8.255827e-04
2 4 -1 -1 1.028290e+01 1.915055e-04
2 3 -1 -1 3.175899e+01 5.914695e-04
5 
-1 -1 1 2 1.125079e+02 2.095311e-03
-1 -1 0 2 9.999170e+01 1.862214e-03
0 1 3 4 5.651363e+01 1.052492e-03
2 4 -1 -1 2.398626e+01 4.467126e-04
2 3 -1 -1 6.013597e+01 1.119954e-03
5 
-1 -1 1 2 1.477901e+01 2.752397e-04
-1 -1 0 2 4.409442e+01 8.212007e-04
0 1 3 4 1.350013e+02 2.514222e-03
2 4 -1 -1 2.398980e+01 4.467785e-04
2 3 -1 -1 1.458859e+02 2.716934e-03
5 
-1 -1 1 2 4.110882e+01 7.655978e-04
-1 -1 0 2 5.879052e+01 1.094896e-03
0 1 3 4 2.756650e+01 5.133899e-04
2 4 -1 -1 1.931007e+02 3.596248e-03
2 3 -1 -1 1.059406e+01 1.973005e-04
5 
-1 -1 1 2 4.776467e+01 8.895543e-04
-1 -1 0 2 2.637218e+01 4.911472e-04
0 1 3 4 3.037262e+01 5.656502e-04
2 4 -1 -1 1.163689e+02 2.167217e-03
2 3 -1 -1 4.499411e+01 8.379563e-04
5 
-1 -1 1 2 3.047781e+01 5.676092e-04
-1 -1 0 2 2.285636e+01 4.256696e-04
0 1 3 4 1.177247e+02 2.192468e-03
2 4 -1 -1 9.872694e+01 1.838660e-03
2 3 -1 -1 4.269667e+01 7.951695e-04
5 
-1 -1 1 2 4.328956e+01 8.062113e-04
-1 -1 0 2 8.031996e+01 1.495854e-03
0 1 3 4 8.628781e+01 1.606997e-03
2 4 -1 -1 3.337279e+01 6.215244e-04
2 3 -1 -1 2.686622e+01 5.003482e-04
5 
-1 -1 1 2 6.402723e+01 1.192423e-03
-1 -1 0 2 3.149272e+01 5.865107e-04
0 1 3 4 3.723014e+01 6.933626e-04
2 4 -1 -1 9.051061e+01 1.685641e-03
2 3 -1 -1 2.768474e+01 5.155920e-04
5 
-1 -1 1 2 6.305150e+01 1.174252e-03
-1 -1 0 2 3.391526e+01 6.316272e-04
0 1 3 4 6.670929e+01 1.242373e-03
2 4 -1 -1 7.195811e+01 1.340125e-03
2 3 -1 -1 5.480664e+01 1.020702e-03
5 
-1 -1 1 2 2.263250e+02 4.215007e-03
-1 -1 0 2 6.397297e+01 1.191413e-03
0 1 3 4 5.740045e+01 1.069008e-03
2 4 -1 -1 6.172690e+01 1.149582e-03
2 3 -1 -1 3.230658e+01 6.016677e-04
5 
-1 -1 1 2 4.824894e+01 8.985732e-04
-1 -1 0 2 2.930024e+01 5.456785e-04
0 1 3 4 2.388862e+01 4.448943e-04
2 4 -1 -1 8.133892e+00 1.514831e-04
2 3 -1 -1 2.215829e+01 4.126691e-04
5 
-1 -1 1 2 6.273960e+01 1.168443e-03
-1 -1 0 2 8.793913e+01 1.637751e-03
0 1 3 4 7.473153e+01 1.391777e-03
2 4 -1 -1 6.662205e+01 1.240748e-03
2 3 -1 -1 3.623349e+01 6.748012e-04
5 
-1 -1 1 2 1.022949e+02 1.905109e-03
-1 -1 0 2 1.258145e+02 2.343131e-03
0 1 3 4 7.546987e+01 1.405527e-03
2 4 -1 -1 2.428438e+01 4.522647e-04
2 3 -1 -1 4.415772e+01 8.223796e-04
5 
-1 -1 1 2 1.028029e+02 1.914568e-03
-1 -1 0 2 5.335337e+01 9.936366e-04
0 1 3 4 4.281263e+01 7.973290e-04
2 4 -1 -1 3.993800e+01 7.437928e-04
2 3 -1 -1 2.935258e+01 5.466532e-04
5 
-1 -1 1 2 4.438388e+01 8.265916e-04
-1 -1 0 2 5.164334e+01 9.617894e-04
0 1 3 4 5.216940e+01 9.715866e-04
2 4 -1 -1 9.554591e+01 1.779417e-03
2 3 -1 -1 4.202407e+01 7.826431e-04
5 
-1 -1 1 2 3.397240e+01 6.326913e-04
-1 -1 0 2 1.753384e+01 3.265448e-04
0 1 3 4 6.778958e+01 1.262492e-03
2 4 -1 -1 9.641915e+01 1.795680e-03
2 3 -1 -1 2.467812e+01 4.595975e-04
5 
-1 -1 1 2 3.987803e+01 7.426760e-04
-1 -1 0 2 2.618690e+01 4.876967e-04
0 1 3 4 4.738410e+01 8.824667e-04
2 4 -1 -1 5.344129e+01 9.952740e-04
2 3 -1 -1 4.700598e+01 8.754247e-04
5 
-1 -1 1 2 7.084638e+01 1.319421e-03
-1 -1 0 2 6.366138e+01 1.185610e-03
0 1 3 4 4.315113e+01 8.036332e-04
2 4 -1 -1 2.898059e+01 5.397254e-04
2 3 -1 -1 1.219138e+02 2.270484e-03
5 
-1 -1 1 2 8.415958e+01 1.567362e-03
-1 -1 0 2 3.256703e+01 6.065183e-04
0 1 3 4 4.866518e+01 9.063251e-04
2 4 -1 -1 6.911267e+01 1.287133e-03
2 3 -1 -1 5.176513e+01 9.640577e-04
5 
-1 -1 1 2 5.872572e+01 1.093690e-03
-1 -1 0 2 2.747020e+01 5.115965e-04
0 1 3 4 4.200918e+01 7.823658e-04
2 4 -1 -1 4.456906e+01 8.300403e-04
2 3 -1 -1 4.412607e+01 8.217902e-04
5 
-1 -1 1 2 8.278916e+01 1.541840e-03
-1 -1 0 2 7.496288e+01 1.396085e-03
0 1 3 4 5.620269e+01 1.046701e-03
2 4 -1 -1 5.681898e+01 1.058179e-03
2 3 -1 -1 2.852359e+01 5.312144e-04
5 
-1 -1 1 2 1.803614e+01 3.358994e-04
-1 -1 0 2 2.991109e+01 5.570548e-04
0 1 3 4 3.518059e+01 6.551923e-04
2 4 -1 -1 3.408737e+01 6.348325e-04
2 3 -1 -1 2.655011e+01 4.944610e-04
5 
-1 -1 1 2 2.134983e+01 3.976125e-04
-1 -1 0 2 3.430192e+01 6.388283e-04
0 1 3 4 1.115159e+02 2.076836e-03
2 4 -1 -1 6.617241e+01 1.232374e-03
2 3 -1 -1 4.501304e+01 8.383088e-04
5 
-1 -1 1 2 4.661156e+01 8.680792e-04
-1 -1 0 2 3.256308e+01 6.064446e-04
0 1 3 4 9.893120e+01 1.842464e-03
2 4 -1 -1 1.038284e+01 1.933668e-04
2 3 -1 -1 7.228964e+01 1.346300e-03
5 
-1 -1 1 2 1.633156e+01 3.041539e-04
-1 -1 0 2 4.941904e+01 9.203647e-04
0 1 3 4 5.273429e+01 9.821071e-04
2 4 -1 -1 3.129534e+01 5.828347e-04
2 3 -1 -1 1.207402e+02 2.248628e-03
5 
-1 -1 1 2 3.231127e+01 6.017550e-04
-1 -1 0 2 6.292071e+01 1.171816e-03
0 1 3 4 8.907786e+01 1.658958e-03
2 4 -1 -1 5.657140e+01 1.053568e-03
2 3 -1 -1 1.116337e+01 2.079032e-04
5 
-1 -1 1 2 1.443673e+02 2.688652e-03
-1 -1 0 2 2.582962e+01 4.810428e-04
0 1 3 4 7.639591e+01 1.422774e-03
2 4 -1 -1 5.550419e+01 1.033693e-03
2 3 -1 -1 9.955556e+00 1.854092e-04
5 
-1 -1 1 2 1.040503e+02 1.937800e-03
-1 -1 0 2 1.626672e+01 3.029463e-04
0 1 3 4 7.674824e+01 1.429335e-03
2 4 -1 -1 4.203043e+01 7.827616e-04
2 3 -1 -1 4.284780e+01 7.979840e-04
5 
-1 -1 1 2 3.475424e+01 6.472521e-04
-1 -1 0 2 1.786200e+01 3.326564e-04
0 1 3 4 2.873662e+01 5.351818e-04
2 4 -1 -1 2.845000e+01 5.298439e-04
2 3 -1 -1 4.102981e+01 7.641265e-04
5 
-1 -1 1 2 4.577662e+01 8.525295e-04
-1 -1 0 2 4.207654e+01 7.836203e-04
0 1 3 4 4.108080e+01 7.650759e-04
2 4 -1 -1 4.078811e+01 7.596251e-04
2 3 -1 -1 6.565084e+01 1.222661e-03
5 
-1 -1 1 2 4.341963e+01 8.086337e-04
-1 -1 0 2 2.764373e+01 5.148281e-04
0 1 3 4 2.409471e+01 4.487324e-04
2 4 -1 -1 3.387563e+01 6.308891e-04
2 3 -1 -1 8.919736e+01 1.661184e-03
5 
-1 -1 1 2 2.185320e+01 4.069871e-04
-1 -1 0 2 1.735421e+01 3.231994e-04
0 1 3 4 5.972883e+01 1.112371e-03
2 4 -1 -1 4.044421e+01 7.532203e-04
2 3 -1 -1 1.186982e+02 2.210599e-03
5 
-1 -1 1 2 3.137375e+01 5.842949e-04
-1 -1 0 2 2.648324e+01 4.932155e-04
0 1 3 4 5.391698e+01 1.004133e-03
2 4 -1 -1 7.725120e+01 1.438702e-03
2 3 -1 -1 4.248653e+01 7.912558e-04
5 
-1 -1 1 2 3.248492e+01 6.049890e-04
-1 -1 0 2 2.761789e+01 5.143470e-04
0 1 3 4 9.395524e+01 1.749793e-03
2 4 -1 -1 5.541847e+01 1.032096e-03
2 3 -1 -1 4.292726e+01 7.994640e-04
5 
-1 -1 1 2 6.483519e+01 1.207470e-03
-1 -1 0 2 4.213072e+01 7.846294e-04
0 1 3 4 5.442339e+01 1.013564e-03
2 4 -1 -1 7.452624e+01 1.387953e-03
2 3 -1 -1 1.239643e+02 2.308672e-03
5 
-1 -1 1 2 2.868404e+00 5.342025e-05
-1 -1 0 2 2.393455e+01 4.457496e-04
0 1 3 4 5.568446e+01 1.037050e-03
2 4 -1 -1 5.186572e+01 9.659310e-04
2 3 -1 -1 4.828525e+01 8.992495e-04
5 
-1 -1 1 2 8.917360e+01 1.660741e-03
-1 -1 0 2 4.476456e+01 8.336812e-04
0 1 3 4 7.902046e+01 1.471652e-03
2 4 -1 -1 7.639791e+01 1.422811e-03
2 3 -1 -1 1.777055e+01 3.309532e-04
5 
-1 -1 1 2 3.368274e+01 6.272968e-04
-1 -1 0 2 8.646957e+01 1.610382e-03
0 1 3 4 4.599962e+01 8.566827e-04
2 4 -1 -1 6.241272e+01 1.162355e-03
2 3 -1 -1 9.773619e+01 1.820208e-03
5 
-1 -1 1 2 3.155355e+01 5.876435e-04
-1 -1 0 2 6.027386e+01 1.122522e-03
0 1 3 4 8.969377e+01 1.670429e-03
2 4 -1 -1 7.541222e+01 1.404454e-03
2 3 -1 -1 2.554451e+01 4.757329e-04
5 
-1 -1 1 2 4.010533e+01 7.469091e-04
-1 -1 0 2 2.711604e+01 5.050006e-04
0 1 3 4 6.936583e+01 1.291848e-03
2 4 -1 -1 5.709948e+01 1.063403e-03
2 3 -1 -1 9.940326e+01 1.851255e-03
5 
-1 -1 1 2 7.492917e+01 1.395458e-03
-1 -1 0 2 2.050797e+01 3.819341e-04
0 1 3 4 1.343071e+02 2.501294e-03
2 4 -1 -1 3.375908e+01 6.287186e-04
2 3 -1 -1 5.475174e+01 1.019679e-03
5 
-1 -1 1 2 2.353386e+01 4.382873e-04
-1 -1 0 2 4.624488e+01 8.612502e-04
0 1 3 4 1.230877e+02 2.292347e-03
2 4 -1 -1 1.717411e+01 3.198452e-04
2 3 -1 -1 7.986285e+01 1.487341e-03
5 
-1 -1 1 2 4.570010e+01 8.511045e-04
-1 -1 0 2 4.966088e+01 9.248687e-04
0 1 3 4 9.676497e+01 1.802121e-03
2 4 -1 -1 5.704757e+01 1.062436e-03
2 3 -1 -1 4.088230e+01 7.613792e-04
5 
-1 -1 1 2 1.846397e+01 3.438673e-04
-1 -1 0 2 3.088039e+01 5.751067e-04
0 1 3 4 5.994320e+01 1.116364e-03
2 4 -1 -1 3.020177e+01 5.624683e-04
2 3 -1 -1 3.846218e+01 7.163077e-04
5 
-1 -1 1 2 1.758217e+01 3.274448e-04
-1 -1 0 2 8.126227e+01 1.513403e-03
0 1 3 4 2.129836e+01 3.966539e-04
2 4 -1 -1 4.737713e+01 8.823369e-04
2 3 -1 -1 7.526956e+01 1.401797e-03
5 
-1 -1 1 2 1.926310e+01 3.587499e-04
-1 -1 0 2 2.060769e+01 3.837912e-04
0 1 3 4 8.899757e+01 1.657463e-03
2 4 -1 -1 9.370037e+01 1.745046e-03
2 3 -1 -1 1.532040e+02 2.853224e-03
5 
-1 -1 1 2 3.376308e+01 6.287930e-04
-1 -1 0 2 4.695782e+01 8.745279e-04
0 1 3 4 7.863348e+01 1.464445e-03
2 4 -1 -1 4.542097e+01 8.459061e-04
2 3 -1 -1 7.099874e+01 1.322258e-03
5 
-1 -1 1 2 3.096875e+01 5.767524e-04
-1 -1 0 2 7.359630e+01 1.370635e-03
0 1 3 4 7.314938e+01 1.362311e-03
2 4 -1 -1 6.702195e+01 1.248196e-03
2 3 -1 -1 4.387048e+01 8.170301e-04
5 
-1 -1 1 2 6.868796e+01 1.279223e-03
-1 -1 0 2 1.643638e+01 3.061061e-04
0 1 3 4 6.065273e+01 1.129577e-03
2 4 -1 -1 2.360312e+01 4.395771e-04
2 3 -1 -1 8.023357e+01 1.494245e-03
5 
-1 -1 1 2 4.883919e+01 9.095658e-04
-1 -1 0 2 4.762611e+01 8.869738e-04
0 1 3 4 2.629398e+01 4.896910e-04
2 4 -1 -1 2.616656e+01 4.873178e-04
2 3 -1 -1 5.642412e+01 1.050825e-03
5 
-1 -1 1 2 3.596298e+01 6.697634e-04
-1 -1 0 2 3.143605e+01 5.854552e-04
0 1 3 4 7.886386e+01 1.468736e-03
2 4 -1 -1 5.430756e+01 1.011407e-03
2 3 -1 -1 5.520316e+01 1.028086e-03
5 
-1 -1 1 2 5.742851e+01 1.069531e-03
-1 -1 0 2 6.246338e+01 1.163299e-03
0 1 3 4 3.995669e+01 7.441409e-04
2 4 -1 -1 4.477725e+01 8.339175e-04
2 3 -1 -1 2.408110e+01 4.484790e-04
5 
-1 -1 1 2 5.435925e+01 1.012370e-03
-1 -1 0 2 6.496921e+01 1.209966e-03
0 1 3 4 4.110753e+01 7.655739e-04
2 4 -1 -1 2.231803e+01 4.156441e-04
2 3 -1 -1 5.089166e+01 9.477904e-04
5 
-1 -1 1 2 2.373650e+01 4.420612e-04
-1 -1 0 2 4.411382e+01 8.215620e-04
0 1 3 4 3.746296e+01 6.976986e-04
2 4 -1 -1 3.732064e+01 6.950480e-04
2 3 -1 -1 4.784214e+01 8.909972e-04
5 
-1 -1 1 2 1.064219e+02 1.981969e-03
-1 -1 0 2 2.918937e+01 5.436138e-04
0 1 3 4 3.142060e+01 5.851675e-04
2 4 -1 -1 1.096051e+02 2.041251e-03
2 3 -1 -1 8.031543e+01 1.495770e-03
5 
-1 -1 1 2 3.294419e+01 6.135424e-04
-1 -1 0 2 1.418106e+02 2.641037e-03
0 1 3 4 5.862318e+01 1.091780e-03
2 4 -1 -1 1.111673e+01 2.070346e-04
2 3 -1 -1 1.275410e+02 2.375285e-03
5 
-1 -1 1 2 3.560654e+01 6.631250e-04
-1 -1 0 2 2.788619e+01 5.193437e-04
0 1 3 4 8.935919e+01 1.664198e-03
2 4 -1 -1 1.852432e+01 3.449913e-04
2 3 -1 -1 3.486050e+01 6.492312e-04
5 
-1 -1 1 2 1.320754e+01 2.459731e-04
-1 -1 0 2 2.563338e+01 4.773880e-04
0 1 3 4 6.293755e+01 1.172129e-03
2 4 -1 -1 7.887748e+01 1.468990e-03
2 3 -1 -1 3.453865e+01 6.432370e-04
5 
-1 -1 1 2 1.091883e+01 2.033489e-04
-1 -1 0 2 2.572043e+01 4.790092e-04
0 1 3 4 9.977585e+01 1.858194e-03
2 4 -1 -1 2.472475e+01 4.604661e-04
2 3 -1 -1 1.271951e+01 2.368843e-04
5 
-1 -1 1 2 2.062581e+01 3.841287e-04
-1 -1 0 2 7.415823e+01 1.381100e-03
0 1 3 4 7.426924e+01 1.383167e-03
2 4 -1 -1 2.610792e+01 4.862258e-04
2 3 -1 -1 1.088940e+02 2.028008e-03
5 
-1 -1 1 2 7.360702e+01 1.370834e-03
-1 -1 0 2 1.275440e+01 2.375339e-04
0 1 3 4 5.943736e+01 1.106943e-03
2 4 -1 -1 6.554451e+01 1.220681e-03
2 3 -1 -1 2.572607e+01 4.791142e-04
5 
-1 -1 1 2 7.218151e+01 1.344286e-03
-1 -1 0 2 2.618932e+02 4.877417e-03
0 1 3 4 1.047730e+02 1.951260e-03
2 4 -1 -1 3.821666e+01 7.117351e-04
2 3 -1 -1 4.956873e+01 9.231527e-04
5 
-1 -1 1 2 6.811127e+01 1.268483e-03
-1 -1 0 2 6.394970e+01 1.190979e-03
0 1 3 4 8.981805e+01 1.672743e-03
2 4 -1 -1 6.491752e+01 1.209004e-03
2 3 -1 -1 6.046373e+01 1.126058e-03
5 
-1 -1 1 2 4.928831e+01 9.179301e-04
-1 -1 0 2 4.219839e+01 7.858896e-04
0 1 3 4 5.722153e+01 1.065676e-03
2 4 -1 -1 5.993460e+01 1.116203e-03
2 3 -1 -1 2.893943e+01 5.389590e-04
5 
-1 -1 1 2 3.663242e+01 6.822308e-04
-1 -1 0 2 4.838028e+01 9.010192e-04
0 1 3 4 6.467095e+01 1.204412e-03
2 4 -1 -1 5.671541e+01 1.056250e-03
2 3 -1 -1 3.618527e+01 6.739031e-04
5 
-1 -1 1 2 8.070478e+01 1.503021e-03
-1 -1 0 2 5.042358e+01 9.390730e-04
0 1 3 4 7.283932e+01 1.356537e-03
2 4 -1 -1 9.475940e+01 1.764769e-03
2 3 -1 -1 2.983366e+01 5.556129e-04
5 
-1 -1 1 2 2.989445e+01 5.567448e-04
-1 -1 0 2 3.554781e+01 6.620313e-04
0 1 3 4 6.558761e+01 1.221483e-03
2 4 -1 -1 3.224839e+01 6.005839e-04
2 3 -1 -1 2.969065e+01 5.529495e-04
5 
-1 -1 1 2 2.992071e+01 5.572340e-04
-1 -1 0 2 2.601517e+01 4.844985e-04
0 1 3 4 4.434092e+01 8.257915e-04
2 4 -1 -1 1.511859e+01 2.815639e-04
2 3 -1 -1 3.221637e+01 5.999877e-04
5 
-1 -1 1 2 1.613527e+02 3.004983e-03
-1 -1 0 2 1.025348e+02 1.909576e-03
0 1 3 4 9.457655e+01 1.761364e-03
2 4 -1 -1 2.177525e+01 4.055356e-04
2 3 -1 -1 1.748616e+01 3.256569e-04
5 
-1 -1 1 2 7.320259e+01 1.363302e-03
-1 -1 0 2 6.346087e+01 1.181875e-03
0 1 3 4 4.123006e+01 7.678558e-04
2 4 -1 -1 7.475814e+01 1.392272e-03
2 3 -1 -1 5.391716e+01 1.004136e-03
5 
-1 -1 1 2 1.342851e+02 2.500883e-03
-1 -1 0 2 1.265500e+01 2.356827e-04
0 1 3 4 6.567741e+01 1.223156e-03
2 4 -1 -1 4.060204e+01 7.561597e-04
2 3 -1 -1 1.095888e+02 2.040947e-03
5 
-1 -1 1 2 5.005674e+01 9.322411e-04
-1 -1 0 2 3.744990e+01 6.974553e-04
0 1 3 4 5.665394e+01 1.055105e-03
2 4 -1 -1 4.936290e+01 9.193192e-04
2 3 -1 -1 6.421184e+01 1.195861e-03
5 
-1 -1 1 2 5.878686e+01 1.094828e-03
-1 -1 0 2 1.280356e+01 2.384495e-04
0 1 3 4 4.366892e+01 8.132764e-04
2 4 -1 -1 5.099700e+01 9.497522e-04
2 3 -1 -1 2.433145e+01 4.531413e-04
5 
-1 -1 1 2 1.745792e+01 3.251308e-04
-1 -1 0 2 3.536257e+01 6.585815e-04
0 1 3 4 5.031671e+01 9.370826e-04
2 4 -1 -1 4.948419e+01 9.215782e-04
2 3 -1 -1 3.047980e+01 5.676462e-04
5 
-1 -1 1 2 2.914248e+01 5.427405e-04
-1 -1 0 2 2.288731e+01 4.262462e-04
0 1 3 4 2.024238e+01 3.769878e-04
2 4 -1 -1 4.039196e+01 7.522473e-04
2 3 -1 -1 2.606700e+01 4.854637e-04
5 
-1 -1 1 2 4.828369e+01 8.992205e-04
-1 -1 0 2 1.117727e+01 2.081620e-04
0 1 3 4 7.221777e+01 1.344961e-03
2 4 -1 -1 1.757778e+01 3.273631e-04
2 3 -1 -1 6.068767e+01 1.130228e-03
5 
-1 -1 1 2 5.801819e+01 1.080513e-03
-1 -1 0 2 9.507069e+01 1.770567e-03
0 1 3 4 9.905961e+01 1.844855e-03
2 4 -1 -1 5.733649e+01 1.067817e-03
2 3 -1 -1 8.756775e+01 1.630835e-03
5 
-1 -1 1 2 6.824642e+01 1.271000e-03
-1 -1 0 2 3.204121e+01 5.967255e-04
0 1 3 4 9.957707e+01 1.854492e-03
2 4 -1 -1 1.170848e+02 2.180552e-03
2 3 -1 -1 8.556653e+01 1.593564e-03
5 
-1 -1 1 2 2.388064e+01 4.447456e-04
-1 -1 0 2 1.219505e+02 2.271169e-03
0 1 3 4 9.836411e+01 1.831903e-03
2 4 -1 -1 3.456214e+01 6.436744e-04
2 3 -1 -1 9.808214e+01 1.826651e-03
5 
-1 -1 1 2 5.126737e+01 9.547875e-04
-1 -1 0 2 5.255335e+01 9.787373e-04
0 1 3 4 5.585958e+01 1.040311e-03
2 4 -1 -1 6.422788e+01 1.196160e-03
2 3 -1 -1 2.034031e+01 3.788117e-04
5 
-1 -1 1 2 2.898580e+01 5.398225e-04
-1 -1 0 2 6.510808e+01 1.212553e-03
0 1 3 4 1.164867e+02 2.169412e-03
2 4 -1 -1 1.108995e+02 2.065357e-03
2 3 -1 -1 3.238524e+01 6.031326e-04
5 
-1 -1 1 2 2.612885e+01 4.866155e-04
-1 -1 0 2 8.146625e+01 1.517202e-03
0 1 3 4 3.059296e+01 5.697537e-04
2 4 -1 -1 4.487220e+01 8.356858e-04
2 3 -1 -1 1.855265e+01 3.455188e-04
5 
-1 -1 1 2 6.806051e+01 1.267538e-03
-1 -1 0 2 2.607572e+01 4.856260e-04
0 1 3 4 1.243699e+02 2.316226e-03
2 4 -1 -1 1.209035e+02 2.251668e-03
2 3 -1 -1 2.847351e+01 5.302817e-04
5 
-1 -1 1 2 9.986251e+00 1.859808e-04
-1 -1 0 2 5.642475e+01 1.050837e-03
0 1 3 4 5.745182e+01 1.069965e-03
2 4 -1 -1 5.033216e+01 9.373704e-04
2 3 -1 -1 7.894696e+01 1.470283e-03
5 
-1 -1 1 2 1.614852e+01 3.007451e-04
-1 -1 0 2 6.136075e+01 1.142764e-03
0 1 3 4 1.002837e+02 1.867653e-03
2 4 -1 -1 1.969593e+01 3.668109e-04
2 3 -1 -1 3.368371e+01 6.273149e-04
5 
-1 -1 1 2 9.399833e+01 1.750596e-03
-1 -1 0 2 5.160530e+01 9.610810e-04
0 1 3 4 3.952543e+01 7.361092e-04
2 4 -1 -1 6.944778e+01 1.293374e-03
2 3 -1 -1 3.695194e+01 6.881814e-04
5 
-1 -1 1 2 4.112198e+01 7.658430e-04
-1 -1 0 2 3.142700e+01 5.852867e-04
0 1 3 4 4.513187e+01 8.405219e-04
2 4 -1 -1 4.562010e+01 8.496145e-04
2 3 -1 -1 1.044172e+02 1.944633e-03
5 
-1 -1 1 2 4.729303e+01 8.807707e-04
-1 -1 0 2 2.193134e+01 4.084424e-04
0 1 3 4 9.879103e+01 1.839853e-03
2 4 -1 -1 3.971698e+01 7.396766e-04
2 3 -1 -1 4.439403e+01 8.267806e-04
5 
-1 -1 1 2 2.760999e+01 5.141999e-04
-1 -1 0 2 2.997097e+01 5.581701e-04
0 1 3 4 3.710034e+01 6.909452e-04
2 4 -1 -1 9.917508e+01 1.847006e-03
2 3 -1 -1 1.892795e+01 3.525082e-04
5 
-1 -1 1 2 3.066891e+01 5.711682e-04
-1 -1 0 2 5.004199e+01 9.319664e-04
0 1 3 4 4.281668e+01 7.974045e-04
2 4 -1 -1 5.183889e+00 9.654313e-05
2 3 -1 -1 2.529310e+01 4.710508e-04
5 
-1 -1 1 2 2.702986e+01 5.033958e-04
-1 -1 0 2 5.774364e+01 1.075400e-03
0 1 3 4 5.086562e+01 9.473054e-04
2 4 -1 -1 3.160070e+01 5.885215e-04
2 3 -1 -1 8.627781e+01 1.606811e-03
5 
-1 -1 1 2 1.097084e+02 2.043175e-03
-1 -1 0 2 4.101287e+01 7.638109e-04
0 1 3 4 5.610154e+01 1.044818e-03
2 4 -1 -1 7.961295e+01 1.482687e-03
2 3 -1 -1 3.917010e+01 7.294918e-04
5 
-1 -1 1 2 1.379292e+01 2.568750e-04
-1 -1 0 2 2.429576e+01 4.524767e-04
0 1 3 4 1.258104e+02 2.343054e-03
2 4 -1 -1 1.705796e+02 3.176822e-03
2 3 -1 -1 2.390914e+01 4.452765e-04
5 
-1 -1 1 2 4.584084e+01 8.537256e-04
-1 -1 0 2 2.332666e+01 4.344285e-04
0 1 3 4 1.977777e+01 3.683350e-04
2 4 -1 -1 1.024645e+01 1.908266e-04
2 3 -1 -1 5.353654e+01 9.970478e-04
5 
-1 -1 1 2 3.617212e+01 6.736582e-04
-1 -1 0 2 1.602352e+01 2.984171e-04
0 1 3 4 3.279777e+01 6.108154e-04
2 4 -1 -1 2.336837e+01 4.352053e-04
2 3 -1 -1 1.684835e+01 3.137785e-04
5 
-1 -1 1 2 2.460237e+01 4.581869e-04
-1 -1 0 2 4.909305e+01 9.142936e-04
0 1 3 4 8.644391e+01 1.609904e-03
2 4 -1 -1 1.332781e+01 2.482130e-04
2 3 -1 -1 1.209889e+02 2.253259e-03
5 
-1 -1 1 2 7.805457e+01 1.453664e-03
-1 -1 0 2 1.965427e+01 3.660350e-04
0 1 3 4 7.038060e+01 1.310746e-03
2 4 -1 -1 3.096494e+01 5.766814e-04
2 3 -1 -1 6.055194e+01 1.127701e-03
5 
-1 -1 1 2 9.090944e+01 1.693069e-03
-1 -1 0 2 3.182274e+01 5.926569e-04
0 1 3 4 4.930434e+01 9.182287e-04
2 4 -1 -1 9.126297e+01 1.699653e-03
2 3 -1 -1 8.806287e+01 1.640055e-03
5 
-1 -1 1 2 2.691289e+01 5.012172e-04
-1 -1 0 2 1.159663e+01 2.159719e-04
0 1 3 4 4.350063e+01 8.101421e-04
2 4 -1 -1 4.475924e+01 8.335822e-04
2 3 -1 -1 1.297407e+02 2.416251e-03
5 
-1 -1 1 2 6.495303e+01 1.209665e-03
-1 -1 0 2 5.819245e+01 1.083758e-03
0 1 3 4 3.710135e+01 6.909639e-04
2 4 -1 -1 3.238990e+01 6.032193e-04
2 3 -1 -1 4.486129e+01 8.354827e-04
5 
-1 -1 1 2 1.860108e+01 3.464207e-04
-1 -1 0 2 6.894279e+01 1.283969e-03
0 1 3 4 5.365035e+01 9.991673e-04
2 4 -1 -1 6.307706e+01 1.174728e-03
2 3 -1 -1 7.858797e+01 1.463598e-03
5 
-1 -1 1 2 2.426459e+01 4.518961e-04
-1 -1 0 2 4.476268e+01 8.336462e-04
0 1 3 4 6.167523e+01 1.148620e-03
2 4 -1 -1 1.037176e+02 1.931604e-03
2 3 -1 -1 2.683456e+01 4.997586e-04
5 
-1 -1 1 2 5.526403e+01 1.029220e-03
-1 -1 0 2 6.305523e+01 1.174321e-03
0 1 3 4 3.682039e+01 6.857314e-04
2 4 -1 -1 1.710978e+01 3.186472e-04
2 3 -1 -1 3.526589e+01 6.567810e-04
5 
-1 -1 1 2 2.537775e+01 4.726273e-04
-1 -1 0 2 2.128995e+01 3.964974e-04
0 1 3 4 5.373993e+01 1.000836e-03
2 4 -1 -1 5.209414e+01 9.701850e-04
2 3 -1 -1 4.263787e+01 7.940744e-04
5 
-1 -1 1 2 3.590991e+01 6.687750e-04
-1 -1 0 2 8.112451e+01 1.510838e-03
0 1 3 4 5.284871e+01 9.842379e-04
2 4 -1 -1 3.752611e+01 6.988745e-04
2 3 -1 -1 1.447942e+02 2.696602e-03
5 
-1 -1 1 2 5.084619e+01 9.469436e-04
-1 -1 0 2 3.731249e+01 6.948962e-04
0 1 3 4 6.978955e+01 1.299739e-03
2 4 -1 -1 3.519069e+01 6.553804e-04
2 3 -1 -1 1.893623e+01 3.526624e-04
5 
-1 -1 1 2 3.671947e+01 6.838520e-04
-1 -1 0 2 4.709644e+01 8.771095e-04
0 1 3 4 9.551893e+01 1.778915e-03
2 4 -1 -1 3.577210e+01 6.662085e-04
2 3 -1 -1 1.911187e+01 3.559335e-04
5 
-1 -1 1 2 9.160249e+00 1.705976e-04
-1 -1 0 2 5.580755e+01 1.039342e-03
0 1 3 4 1.039689e+02 1.936285e-03
2 4 -1 -1 2.770120e+01 5.158984e-04
2 3 -1 -1 2.645834e+01 4.927518e-04
5 
-1 -1 1 2 5.677555e+01 1.057370e-03
-1 -1 0 2 1.313890e+02 2.446949e-03
0 1 3 4 4.659802e+01 8.678269e-04
2 4 -1 -1 5.157015e+01 9.604265e-04
2 3 -1 -1 6.695167e+01 1.246887e-03
5 
-1 -1 1 2 6.454804e+01 1.202122e-03
-1 -1 0 2 2.133763e+01 3.973854e-04
0 1 3 4 4.357663e+01 8.115576e-04
2 4 -1 -1 6.868465e+01 1.279161e-03
2 3 -1 -1 5.546026e+01 1.032875e-03
5 
-1 -1 1 2 2.321386e+01 4.323277e-04
-1 -1 0 2 3.915114e+01 7.291387e-04
0 1 3 4 7.441101e+01 1.385807e-03
2 4 -1 -1 1.549150e+01 2.885089e-04
2 3 -1 -1 4.049750e+01 7.542128e-04
5 
-1 -1 1 2 9.668414e+01 1.800615e-03
-1 -1 0 2 1.280518e+01 2.384797e-04
0 1 3 4 7.272926e+01 1.354487e-03
2 4 -1 -1 5.128840e+01 9.551792e-04
2 3 -1 -1 5.962669e+01 1.110469e-03
5 
-1 -1 1 2 7.563581e+01 1.408618e-03
-1 -1 0 2 1.795664e+01 3.344188e-04
0 1 3 4 5.459097e+01 1.016685e-03
2 4 -1 -1 9.877130e+01 1.839486e-03
2 3 -1 -1 5.006833e+01 9.324569e-04
5 
-1 -1 1 2 1.212822e+02 2.258723e-03
-1 -1 0 2 7.921323e+01 1.475243e-03
0 1 3 4 4.694557e+01 8.742997e-04
2 4 -1 -1 4.540322e+01 8.455755e-04
2 3 -1 -1 8.014265e+01 1.492552e-03
5 
-1 -1 1 2 1.632957e+01 3.041168e-04
-1 -1 0 2 4.020234e+01 7.487158e-04
0 1 3 4 3.858795e+01 7.186500e-04
2 4 -1 -1 4.810067e+01 8.958118e-04
2 3 -1 -1 7.993262e+01 1.488640e-03
5 
-1 -1 1 2 2.587584e+01 4.819037e-04
-1 -1 0 2 5.635926e+01 1.049617e-03
0 1 3 4 7.025276e+01 1.308365e-03
2 4 -1 -1 2.900603e+01 5.401993e-04
2 3 -1 -1 3.726183e+01 6.939528e-04
