H 
4.000000e+01 
200 
5 
-1 -1 1 2 5.625279e+00 2.215944e-04
-1 -1 0 2 1.684923e+01 6.637351e-04
0 1 3 4 2.162284e+01 8.517800e-04
2 4 -1 -1 2.237883e+01 8.815602e-04
2 3 -1 -1 3.322616e+01 1.308865e-03
5 
-1 -1 1 2 1.880865e+01 7.409215e-04
-1 -1 0 2 3.110388e+01 1.225263e-03
0 1 3 4 2.051342e+01 8.080769e-04
2 4 -1 -1 1.716367e+01 6.761218e-04
2 3 -1 -1 1.966592e+01 7.746917e-04
5 
-1 -1 1 2 3.629755e+01 1.429855e-03
-1 -1 0 2 1.986719e+01 7.826204e-04
0 1 3 4 5.225867e+01 2.058605e-03
2 4 -1 -1 1.985049e+01 7.819625e-04
2 3 -1 -1 2.324574e+01 9.157101e-04
5 
-1 -1 1 2 2.539432e+01 1.000348e-03
-1 -1 0 2 2.914430e+01 1.148070e-03
0 1 3 4 3.189277e+01 1.256339e-03
2 4 -1 -1 3.270445e+01 1.288313e-03
2 3 -1 -1 2.007754e+01 7.909063e-04
5 
-1 -1 1 2 6.283973e+00 2.475420e-04
-1 -1 0 2 5.728063e+01 2.256433e-03
0 1 3 4 2.672465e+01 1.052753e-03
2 4 -1 -1 2.574865e+01 1.014306e-03
2 3 -1 -1 4.015852e+01 1.581948e-03
5 
-1 -1 1 2 3.244333e+01 1.278027e-03
-1 -1 0 2 7.960450e+01 3.135828e-03
0 1 3 4 2.851780e+01 1.123390e-03
2 4 -1 -1 1.167061e+01 4.597355e-04
2 3 -1 -1 2.647935e+01 1.043091e-03
5 
-1 -1 1 2 3.267429e+01 1.287125e-03
-1 -1 0 2 2.363987e+01 9.312358e-04
0 1 3 4 2.220060e+01 8.745395e-04
2 4 -1 -1 3.950309e+01 1.556130e-03
2 3 -1 -1 3.771143e+01 1.485551e-03
5 
-1 -1 1 2 1.980759e+01 7.802725e-04
-1 -1 0 2 1.395188e+01 5.496008e-04
0 1 3 4 1.709465e+01 6.734025e-04
2 4 -1 -1 1.833870e+01 7.224090e-04
2 3 -1 -1 1.351451e+01 5.323718e-04
5 
-1 -1 1 2 5.760947e+01 2.269387e-03
-1 -1 0 2 2.297544e+01 9.050625e-04
0 1 3 4 3.533895e+01 1.392093e-03
2 4 -1 -1 1.928765e+01 7.597905e-04
2 3 -1 -1 1.546242e+01 6.091048e-04
5 
-1 -1 1 2 1.926202e+01 7.587811e-04
-1 -1 0 2 5.644665e+01 2.223580e-03
0 1 3 4 3.316297e+01 1.306375e-03
2 4 -1 -1 1.640374e+01 6.461860e-04
2 3 -1 -1 2.967566e+01 1.169001e-03
5 
-1 -1 1 2 1.014896e+01 3.997939e-04
-1 -1 0 2 1.841453e+01 7.253962e-04
0 1 3 4 3.917140e+01 1.543063e-03
2 4 -1 -1 1.132439e+01 4.460973e-04
2 3 -1 -1 1.766610e+01 6.959137e-04
5 
-1 -1 1 2 4.393366e+00 1.730661e-04
-1 -1 0 2 5.921151e+01 2.332495e-03
0 1 3 4 3.085774e+01 1.215567e-03
2 4 -1 -1 5.126965e+01 2.019645e-03
2 3 -1 -1 4.104168e+01 1.616739e-03
5 
-1 -1 1 2 1.507368e+01 5.937916e-04
-1 -1 0 2 1.080419e+01 4.256051e-04
0 1 3 4 3.083176e+01 1.214543e-03
2 4 -1 -1 1.699747e+01 6.695744e-04
2 3 -1 -1 1.701576e+01 6.702951e-04
5 
-1 -1 1 2 7.924606e+01 3.121708e-03
-1 -1 0 2 9.389214e+00 3.698655e-04
0 1 3 4 4.970195e+01 1.957889e-03
2 4 -1 -1 2.369052e+01 9.332310e-04
2 3 -1 -1 1.284005e+01 5.058031e-04
5 
-1 -1 1 2 6.059961e+01 2.387176e-03
-1 -1 0 2 1.742927e+01 6.865841e-04
0 1 3 4 5.118344e+01 2.016249e-03
2 4 -1 -1 1.952526e+01 7.691509e-04
2 3 -1 -1 3.414049e+01 1.344883e-03
5 
-1 -1 1 2 9.296879e+00 3.662282e-04
-1 -1 0 2 6.669177e+01 2.627162e-03
0 1 3 4 1.527984e+01 6.019125e-04
2 4 -1 -1 3.201706e+01 1.261235e-03
2 3 -1 -1 1.602162e+01 6.311331e-04
5 
-1 -1 1 2 1.885421e+01 7.427165e-04
-1 -1 0 2 2.810195e+01 1.107009e-03
0 1 3 4 1.994126e+01 7.855379e-04
2 4 -1 -1 2.673284e+01 1.053076e-03
2 3 -1 -1 1.265814e+01 4.986369e-04
5 
-1 -1 1 2 4.650438e+01 1.831928e-03
-1 -1 0 2 2.725556e+01 1.073667e-03
0 1 3 4 4.506663e+01 1.775292e-03
2 4 -1 -1 1.616167e+01 6.366503e-04
2 3 -1 -1 1.010651e+01 3.981219e-04
5 
-1 -1 1 2 2.324739e+01 9.157750e-04
-1 -1 0 2 8.149576e+00 3.210330e-04
0 1 3 4 3.167210e+01 1.247646e-03
2 4 -1 -1 1.189148e+01 4.684362e-04
2 3 -1 -1 4.567242e+01 1.799155e-03
5 
-1 -1 1 2 9.354321e+00 3.684910e-04
-1 -1 0 2 1.777257e+01 7.001077e-04
0 1 3 4 1.500200e+01 5.909679e-04
2 4 -1 -1 9.377248e+00 3.693942e-04
2 3 -1 -1 2.099745e+01 8.271443e-04
5 
-1 -1 1 2 6.993500e+00 2.754921e-04
-1 -1 0 2 5.289125e+01 2.083524e-03
0 1 3 4 3.165977e+01 1.247161e-03
2 4 -1 -1 2.677595e+01 1.054774e-03
2 3 -1 -1 2.130717e+01 8.393448e-04
5 
-1 -1 1 2 2.137338e+01 8.419531e-04
-1 -1 0 2 1.280801e+01 5.045408e-04
0 1 3 4 2.350956e+01 9.261026e-04
2 4 -1 -1 6.064148e+00 2.388826e-04
2 3 -1 -1 8.090527e+00 3.187069e-04
5 
-1 -1 1 2 1.056759e+01 4.162850e-04
-1 -1 0 2 7.745185e+01 3.051030e-03
0 1 3 4 2.722493e+01 1.072461e-03
2 4 -1 -1 3.221582e+00 1.269065e-04
2 3 -1 -1 8.416131e+00 3.315333e-04
5 
-1 -1 1 2 1.859477e+01 7.324964e-04
-1 -1 0 2 4.952754e+00 1.951019e-04
0 1 3 4 5.062131e+01 1.994105e-03
2 4 -1 -1 3.967160e+01 1.562767e-03
2 3 -1 -1 5.051404e+00 1.989879e-04
5 
-1 -1 1 2 1.095632e+01 4.315980e-04
-1 -1 0 2 2.251454e+01 8.869064e-04
0 1 3 4 1.655719e+01 6.522309e-04
2 4 -1 -1 4.032647e+01 1.588565e-03
2 3 -1 -1 2.012724e+01 7.928642e-04
5 
-1 -1 1 2 1.930421e+01 7.604431e-04
-1 -1 0 2 9.673735e+00 3.810736e-04
0 1 3 4 3.283281e+01 1.293370e-03
2 4 -1 -1 1.697691e+01 6.687648e-04
2 3 -1 -1 2.852043e+01 1.123494e-03
5 
-1 -1 1 2 2.189601e+01 8.625409e-04
-1 -1 0 2 1.439016e+01 5.668660e-04
0 1 3 4 3.037670e+01 1.196617e-03
2 4 -1 -1 2.273512e+01 8.955954e-04
2 3 -1 -1 1.084031e+02 4.270278e-03
5 
-1 -1 1 2 1.499473e+01 5.906815e-04
-1 -1 0 2 1.960476e+01 7.722823e-04
0 1 3 4 5.376933e+01 2.118114e-03
2 4 -1 -1 3.443287e+01 1.356400e-03
2 3 -1 -1 6.221652e+00 2.450871e-04
5 
-1 -1 1 2 1.467833e+01 5.782176e-04
-1 -1 0 2 4.178293e+00 1.645938e-04
0 1 3 4 1.805623e+01 7.112818e-04
2 4 -1 -1 2.120275e+01 8.352316e-04
2 3 -1 -1 1.617556e+01 6.371975e-04
5 
-1 -1 1 2 2.564767e+01 1.010328e-03
-1 -1 0 2 1.351429e+01 5.323631e-04
0 1 3 4 1.926308e+01 7.588230e-04
2 4 -1 -1 1.777396e+01 7.001626e-04
2 3 -1 -1 5.638440e+00 2.221128e-04
5 
-1 -1 1 2 1.990395e+01 7.840682e-04
-1 -1 0 2 4.313826e+01 1.699328e-03
0 1 3 4 2.472416e+01 9.739489e-04
2 4 -1 -1 3.435384e+01 1.353287e-03
2 3 -1 -1 3.794985e+01 1.494943e-03
5 
-1 -1 1 2 3.547251e+01 1.397354e-03
-1 -1 0 2 2.242744e+01 8.834751e-04
0 1 3 4 3.968151e+01 1.563158e-03
2 4 -1 -1 4.568655e+01 1.799712e-03
2 3 -1 -1 1.486344e+01 5.855095e-04
5 
-1 -1 1 2 1.126546e+01 4.437756e-04
-1 -1 0 2 3.839700e+01 1.512557e-03
0 1 3 4 1.114303e+01 4.389530e-04
2 4 -1 -1 1.944622e+01 7.660370e-04
2 3 -1 -1 2.612316e+01 1.029059e-03
5 
-1 -1 1 2 1.749079e+01 6.890075e-04
-1 -1 0 2 2.378483e+01 9.369462e-04
0 1 3 4 2.845949e+01 1.121093e-03
2 4 -1 -1 8.044109e+00 3.168783e-04
2 3 -1 -1 9.591161e+00 3.778208e-04
5 
-1 -1 1 2 2.090082e+01 8.233377e-04
-1 -1 0 2 1.088755e+01 4.288887e-04
0 1 3 4 1.498116e+01 5.901468e-04
2 4 -1 -1 1.057410e+01 4.165415e-04
2 3 -1 -1 5.492957e+01 2.163818e-03
5 
-1 -1 1 2 1.733633e+01 6.829230e-04
-1 -1 0 2 5.338000e+00 2.102777e-04
0 1 3 4 3.229147e+01 1.272045e-03
2 4 -1 -1 4.633420e+01 1.825225e-03
2 3 -1 -1 5.262424e+01 2.073005e-03
5 
-1 -1 1 2 2.582312e+01 1.017240e-03
-1 -1 0 2 1.431046e+01 5.637262e-04
0 1 3 4 4.424185e+01 1.742801e-03
2 4 -1 -1 3.791223e+01 1.493461e-03
2 3 -1 -1 9.781321e+00 3.853117e-04
5 
-1 -1 1 2 3.605420e+00 1.420269e-04
-1 -1 0 2 1.890785e+01 7.448294e-04
0 1 3 4 1.894709e+01 7.463753e-04
2 4 -1 -1 3.126392e+01 1.231567e-03
2 3 -1 -1 4.609405e+01 1.815764e-03
5 
-1 -1 1 2 1.131968e+01 4.459116e-04
-1 -1 0 2 1.498610e+01 5.903413e-04
0 1 3 4 1.308581e+01 5.154842e-04
2 4 -1 -1 2.098932e+01 8.268238e-04
2 3 -1 -1 2.538679e+01 1.000052e-03
5 
-1 -1 1 2 1.965512e+01 7.742663e-04
-1 -1 0 2 4.276735e+01 1.684717e-03
0 1 3 4 3.309168e+01 1.303567e-03
2 4 -1 -1 1.648643e+01 6.494435e-04
2 3 -1 -1 4.137052e+01 1.629692e-03
5 
-1 -1 1 2 2.224578e+01 8.763190e-04
-1 -1 0 2 1.184360e+01 4.665501e-04
0 1 3 4 2.785125e+01 1.097133e-03
2 4 -1 -1 1.692183e+01 6.665949e-04
2 3 -1 -1 1.295065e+01 5.101596e-04
5 
-1 -1 1 2 1.180912e+01 4.651917e-04
-1 -1 0 2 2.111208e+01 8.316599e-04
0 1 3 4 2.533687e+01 9.980853e-04
2 4 -1 -1 2.853939e+01 1.124241e-03
2 3 -1 -1 1.267585e+01 4.993348e-04
5 
-1 -1 1 2 8.219200e+01 3.237756e-03
-1 -1 0 2 4.103407e+01 1.616439e-03
0 1 3 4 2.843300e+01 1.120050e-03
2 4 -1 -1 1.346378e+01 5.303733e-04
2 3 -1 -1 3.777600e+01 1.488095e-03
5 
-1 -1 1 2 1.233204e+01 4.857912e-04
-1 -1 0 2 2.166140e+02 8.532988e-03
0 1 3 4 1.833623e+01 7.223118e-04
2 4 -1 -1 5.534591e+01 2.180219e-03
2 3 -1 -1 2.887003e+01 1.137266e-03
5 
-1 -1 1 2 5.389638e+00 2.123118e-04
-1 -1 0 2 2.171485e+01 8.554042e-04
0 1 3 4 4.117769e+01 1.622096e-03
2 4 -1 -1 2.242502e+01 8.833798e-04
2 3 -1 -1 2.586100e+01 1.018732e-03
5 
-1 -1 1 2 6.298614e+00 2.481188e-04
-1 -1 0 2 1.081002e+01 4.258348e-04
0 1 3 4 3.568589e+01 1.405760e-03
2 4 -1 -1 1.025382e+01 4.039247e-04
2 3 -1 -1 1.692873e+01 6.668668e-04
5 
-1 -1 1 2 1.700895e+01 6.700268e-04
-1 -1 0 2 3.235473e+01 1.274537e-03
0 1 3 4 2.404697e+01 9.472725e-04
2 4 -1 -1 2.571704e+01 1.013061e-03
2 3 -1 -1 2.625920e+01 1.034418e-03
5 
-1 -1 1 2 1.689001e+01 6.653412e-04
-1 -1 0 2 4.947651e+00 1.949008e-04
0 1 3 4 4.606603e+01 1.814661e-03
2 4 -1 -1 1.056746e+01 4.162798e-04
2 3 -1 -1 1.251242e+01 4.928966e-04
5 
-1 -1 1 2 4.053069e+01 1.596609e-03
-1 -1 0 2 3.234042e+01 1.273973e-03
0 1 3 4 1.563655e+01 6.159645e-04
2 4 -1 -1 1.224990e+01 4.825554e-04
2 3 -1 -1 1.633368e+01 6.434261e-04
5 
-1 -1 1 2 1.929702e+01 7.601599e-04
-1 -1 0 2 1.830859e+01 7.212231e-04
0 1 3 4 1.530219e+01 6.027928e-04
2 4 -1 -1 4.375852e+01 1.723762e-03
2 3 -1 -1 2.558012e+01 1.007667e-03
5 
-1 -1 1 2 2.788957e+01 1.098643e-03
-1 -1 0 2 5.616509e+01 2.212489e-03
0 1 3 4 2.116338e+01 8.336807e-04
2 4 -1 -1 3.677696e+01 1.448740e-03
2 3 -1 -1 1.078161e+01 4.247156e-04
5 
-1 -1 1 2 9.683275e+01 3.814494e-03
-1 -1 0 2 2.153105e+01 8.481642e-04
0 1 3 4 2.105311e+01 8.293367e-04
2 4 -1 -1 6.173249e+00 2.431803e-04
2 3 -1 -1 3.872965e+01 1.525662e-03
5 
-1 -1 1 2 1.224271e+01 4.822723e-04
-1 -1 0 2 2.569087e+01 1.012030e-03
0 1 3 4 2.668124e+01 1.051043e-03
2 4 -1 -1 3.391355e+01 1.335943e-03
2 3 -1 -1 1.650644e+01 6.502317e-04
5 
-1 -1 1 2 1.188561e+01 4.682049e-04
-1 -1 0 2 1.430930e+01 5.636804e-04
0 1 3 4 4.016123e+01 1.582055e-03
2 4 -1 -1 2.272775e+01 8.953053e-04
2 3 -1 -1 3.476088e+01 1.369322e-03
5 
-1 -1 1 2 4.476043e+00 1.763230e-04
-1 -1 0 2 1.700320e+01 6.698003e-04
0 1 3 4 2.000213e+01 7.879359e-04
2 4 -1 -1 1.485816e+01 5.853017e-04
2 3 -1 -1 1.429008e+01 5.629234e-04
5 
-1 -1 1 2 2.171793e+01 8.555256e-04
-1 -1 0 2 2.523650e+01 9.941314e-04
0 1 3 4 3.787240e+01 1.491892e-03
2 4 -1 -1 2.121427e+01 8.356854e-04
2 3 -1 -1 6.395014e+00 2.519162e-04
5 
-1 -1 1 2 7.012456e+00 2.762389e-04
-1 -1 0 2 8.522635e+00 3.357287e-04
0 1 3 4 1.606016e+01 6.326513e-04
2 4 -1 -1 4.691252e+01 1.848006e-03
2 3 -1 -1 1.006558e+01 3.965094e-04
5 
-1 -1 1 2 7.024703e+00 2.767213e-04
-1 -1 0 2 3.712221e+01 1.462340e-03
0 1 3 4 2.612820e+01 1.029258e-03
2 4 -1 -1 1.477771e+01 5.821324e-04
2 3 -1 -1 2.851246e+01 1.123180e-03
5 
-1 -1 1 2 2.488898e+01 9.804416e-04
-1 -1 0 2 1.898448e+01 7.478478e-04
0 1 3 4 2.743388e+01 1.080692e-03
2 4 -1 -1 1.475588e+01 5.812726e-04
2 3 -1 -1 2.581310e+01 1.016845e-03
5 
-1 -1 1 2 3.798122e+01 1.496179e-03
-1 -1 0 2 3.030534e+01 1.193806e-03
0 1 3 4 5.090307e+01 2.005204e-03
2 4 -1 -1 1.626330e+01 6.406538e-04
2 3 -1 -1 3.009529e+01 1.185532e-03
5 
-1 -1 1 2 1.074028e+01 4.230874e-04
-1 -1 0 2 5.341758e+00 2.104257e-04
0 1 3 4 2.068859e+01 8.149772e-04
2 4 -1 -1 1.028848e+01 4.052899e-04
2 3 -1 -1 2.226950e+01 8.772535e-04
5 
-1 -1 1 2 7.046525e+01 2.775809e-03
-1 -1 0 2 7.661166e+00 3.017932e-04
0 1 3 4 2.955319e+01 1.164177e-03
2 4 -1 -1 1.590212e+01 6.264259e-04
2 3 -1 -1 2.554918e+01 1.006449e-03
5 
-1 -1 1 2 9.875112e+00 3.890063e-04
-1 -1 0 2 3.331406e+01 1.312328e-03
0 1 3 4 2.808921e+01 1.106507e-03
2 4 -1 -1 5.531119e+01 2.178852e-03
2 3 -1 -1 1.696715e+01 6.683801e-04
5 
-1 -1 1 2 2.183387e+01 8.600929e-04
-1 -1 0 2 8.846519e+00 3.484874e-04
0 1 3 4 4.463843e+01 1.758424e-03
2 4 -1 -1 6.178182e+01 2.433746e-03
2 3 -1 -1 1.515477e+01 5.969859e-04
5 
-1 -1 1 2 2.323000e+01 9.150902e-04
-1 -1 0 2 1.065043e+01 4.195482e-04
0 1 3 4 2.588115e+01 1.019526e-03
2 4 -1 -1 1.478369e+01 5.823681e-04
2 3 -1 -1 7.625291e+00 3.003800e-04
5 
-1 -1 1 2 3.119723e+01 1.228940e-03
-1 -1 0 2 1.284982e+01 5.061878e-04
0 1 3 4 3.940403e+01 1.552227e-03
2 4 -1 -1 2.638808e+01 1.039495e-03
2 3 -1 -1 2.277608e+01 8.972092e-04
5 
-1 -1 1 2 1.030704e+01 4.060209e-04
-1 -1 0 2 5.095822e+00 2.007377e-04
0 1 3 4 2.115099e+01 8.331926e-04
2 4 -1 -1 2.184661e+01 8.605947e-04
2 3 -1 -1 2.629462e+01 1.035813e-03
5 
-1 -1 1 2 2.590715e+01 1.020550e-03
-1 -1 0 2 1.314851e+01 5.179541e-04
0 1 3 4 1.466795e+01 5.778087e-04
2 4 -1 -1 1.051059e+01 4.140396e-04
2 3 -1 -1 1.076691e+01 4.241367e-04
5 
-1 -1 1 2 1.631810e+01 6.428124e-04
-1 -1 0 2 1.382036e+01 5.444200e-04
0 1 3 4 2.300213e+01 9.061137e-04
2 4 -1 -1 3.729228e+01 1.469040e-03
2 3 -1 -1 1.965128e+01 7.741149e-04
5 
-1 -1 1 2 9.318700e+00 3.670878e-04
-1 -1 0 2 2.561894e+01 1.009197e-03
0 1 3 4 4.588116e+01 1.807378e-03
2 4 -1 -1 1.028065e+01 4.049815e-04
2 3 -1 -1 3.869960e+01 1.524478e-03
5 
-1 -1 1 2 7.489191e+00 2.950187e-04
-1 -1 0 2 6.596966e+01 2.598716e-03
0 1 3 4 2.922501e+01 1.151249e-03
2 4 -1 -1 6.717198e+01 2.646079e-03
2 3 -1 -1 2.558082e+01 1.007695e-03
5 
-1 -1 1 2 4.222183e+01 1.663228e-03
-1 -1 0 2 2.567933e+01 1.011576e-03
0 1 3 4 3.544338e+01 1.396207e-03
2 4 -1 -1 3.975774e+01 1.566161e-03
2 3 -1 -1 2.313128e+01 9.112011e-04
5 
-1 -1 1 2 1.374607e+01 5.414933e-04
-1 -1 0 2 6.698367e+01 2.638661e-03
0 1 3 4 2.578149e+01 1.015600e-03
2 4 -1 -1 1.647140e+01 6.488513e-04
2 3 -1 -1 8.079488e+00 3.182720e-04
5 
-1 -1 1 2 3.156061e+01 1.243254e-03
-1 -1 0 2 8.261633e+00 3.254472e-04
0 1 3 4 2.519440e+01 9.924728e-04
2 4 -1 -1 2.745044e+01 1.081344e-03
2 3 -1 -1 1.714064e+01 6.752143e-04
5 
-1 -1 1 2 8.071805e+00 3.179694e-04
-1 -1 0 2 1.810188e+01 7.130801e-04
0 1 3 4 1.937902e+01 7.633899e-04
2 4 -1 -1 8.213668e+00 3.235577e-04
2 3 -1 -1 4.073357e+01 1.604601e-03
5 
-1 -1 1 2 1.800068e+01 7.090934e-04
-1 -1 0 2 1.263953e+01 4.979038e-04
0 1 3 4 2.949320e+01 1.161814e-03
2 4 -1 -1 2.184226e+01 8.604235e-04
2 3 -1 -1 2.269306e+01 8.939386e-04
5 
-1 -1 1 2 3.578266e+01 1.409572e-03
-1 -1 0 2 1.015091e+01 3.998707e-04
0 1 3 4 2.008486e+01 7.911949e-04
2 4 -1 -1 6.110663e+00 2.407149e-04
2 3 -1 -1 1.249686e+01 4.922838e-04
5 
-1 -1 1 2 1.591436e+01 6.269080e-04
-1 -1 0 2 2.761031e+01 1.087642e-03
0 1 3 4 3.049552e+01 1.201298e-03
2 4 -1 -1 1.635589e+01 6.443012e-04
2 3 -1 -1 2.213719e+01 8.720413e-04
5 
-1 -1 1 2 4.895196e+01 1.928345e-03
-1 -1 0 2 1.900891e+01 7.488102e-04
0 1 3 4 9.485262e+00 3.736491e-04
2 4 -1 -1 1.683431e+01 6.631474e-04
2 3 -1 -1 5.933428e+01 2.337331e-03
5 
-1 -1 1 2 1.824302e+01 7.186400e-04
-1 -1 0 2 7.549247e+00 2.973845e-04
0 1 3 4 3.881322e+01 1.528954e-03
2 4 -1 -1 2.066750e+01 8.141465e-04
2 3 -1 -1 8.414064e+00 3.314518e-04
5 
-1 -1 1 2 1.729517e+01 6.813017e-04
-1 -1 0 2 3.003567e+00 1.183183e-04
0 1 3 4 2.881500e+01 1.135098e-03
2 4 -1 -1 2.552905e+01 1.005656e-03
2 3 -1 -1 7.412755e+00 2.920077e-04
5 
-1 -1 1 2 2.493472e+01 9.822434e-04
-1 -1 0 2 2.269195e+01 8.938948e-04
0 1 3 4 2.137052e+01 8.418403e-04
2 4 -1 -1 2.346591e+01 9.243831e-04
2 3 -1 -1 1.468524e+01 5.784899e-04
5 
-1 -1 1 2 4.860280e+01 1.914591e-03
-1 -1 0 2 1.448422e+01 5.705709e-04
0 1 3 4 1.707291e+01 6.725463e-04
2 4 -1 -1 8.266489e+00 3.256385e-04
2 3 -1 -1 2.627949e+01 1.035218e-03
5 
-1 -1 1 2 1.845770e+01 7.270968e-04
-1 -1 0 2 3.009413e+01 1.185486e-03
0 1 3 4 4.824169e+01 1.900366e-03
2 4 -1 -1 1.151055e+01 4.534306e-04
2 3 -1 -1 5.710505e+01 2.249516e-03
5 
-1 -1 1 2 1.492096e+01 5.877753e-04
-1 -1 0 2 4.391737e+00 1.730019e-04
0 1 3 4 3.340496e+01 1.315908e-03
2 4 -1 -1 1.528504e+01 6.021176e-04
2 3 -1 -1 3.526400e+01 1.389141e-03
5 
-1 -1 1 2 2.611494e+01 1.028735e-03
-1 -1 0 2 3.191955e+01 1.257394e-03
0 1 3 4 3.096608e+01 1.219834e-03
2 4 -1 -1 2.241485e+01 8.829792e-04
2 3 -1 -1 1.282197e+01 5.050909e-04
5 
-1 -1 1 2 9.660892e+00 3.805677e-04
-1 -1 0 2 3.541273e+01 1.395000e-03
0 1 3 4 6.473052e+01 2.549904e-03
2 4 -1 -1 9.257720e+01 3.646857e-03
2 3 -1 -1 1.177165e+01 4.637158e-04
5 
-1 -1 1 2 1.445246e+01 5.693201e-04
-1 -1 0 2 1.209298e+01 4.763740e-04
0 1 3 4 3.458242e+01 1.362291e-03
2 4 -1 -1 1.162370e+01 4.578876e-04
2 3 -1 -1 2.359365e+01 9.294154e-04
5 
-1 -1 1 2 2.603177e+01 1.025459e-03
-1 -1 0 2 2.825761e+01 1.113141e-03
0 1 3 4 3.016212e+01 1.188164e-03
2 4 -1 -1 4.395459e+00 1.731485e-04
2 3 -1 -1 2.978612e+01 1.173353e-03
5 
-1 -1 1 2 8.862176e+00 3.491042e-04
-1 -1 0 2 1.785990e+01 7.035480e-04
0 1 3 4 3.565080e+01 1.404378e-03
2 4 -1 -1 2.716619e+01 1.070147e-03
2 3 -1 -1 8.183267e+00 3.223602e-04
5 
-1 -1 1 2 2.118873e+01 8.346791e-04
-1 -1 0 2 9.814408e+00 3.866150e-04
0 1 3 4 2.997796e+01 1.180910e-03
2 4 -1 -1 3.967697e+01 1.562979e-03
2 3 -1 -1 8.346746e+00 3.288000e-04
5 
-1 -1 1 2 1.633029e+01 6.432926e-04
-1 -1 0 2 2.522965e+01 9.938615e-04
0 1 3 4 2.037134e+01 8.024799e-04
2 4 -1 -1 2.084401e+01 8.210996e-04
2 3 -1 -1 3.883412e+01 1.529777e-03
5 
-1 -1 1 2 6.170911e+01 2.430882e-03
-1 -1 0 2 3.367017e+01 1.326356e-03
0 1 3 4 2.460545e+01 9.692728e-04
2 4 -1 -1 6.968129e+00 2.744927e-04
2 3 -1 -1 1.590568e+01 6.265662e-04
5 
-1 -1 1 2 1.887590e+01 7.435708e-04
-1 -1 0 2 1.093366e+01 4.307054e-04
0 1 3 4 1.594298e+01 6.280352e-04
2 4 -1 -1 8.959905e+00 3.529539e-04
2 3 -1 -1 3.234441e+01 1.274130e-03
5 
-1 -1 1 2 2.092649e+01 8.243488e-04
-1 -1 0 2 5.569458e+01 2.193954e-03
0 1 3 4 1.208792e+01 4.761747e-04
2 4 -1 -1 4.056691e+01 1.598036e-03
2 3 -1 -1 2.084570e+01 8.211665e-04
5 
-1 -1 1 2 1.959560e+01 7.719214e-04
-1 -1 0 2 1.992076e+01 7.847305e-04
0 1 3 4 3.576856e+01 1.409017e-03
2 4 -1 -1 4.190745e+01 1.650843e-03
2 3 -1 -1 1.059104e+01 4.172087e-04
5 
-1 -1 1 2 3.202071e+01 1.261379e-03
-1 -1 0 2 1.688378e+01 6.650960e-04
0 1 3 4 3.881391e+01 1.528981e-03
2 4 -1 -1 4.226378e+01 1.664880e-03
2 3 -1 -1 1.728527e+01 6.809117e-04
5 
-1 -1 1 2 2.250812e+01 8.866532e-04
-1 -1 0 2 1.922617e+01 7.573688e-04
0 1 3 4 1.162394e+01 4.578971e-04
2 4 -1 -1 5.502428e+00 2.167549e-04
2 3 -1 -1 9.620597e+00 3.789803e-04
5 
-1 -1 1 2 9.891895e+00 3.896675e-04
-1 -1 0 2 9.312543e+00 3.668453e-04
0 1 3 4 4.629060e+01 1.823507e-03
2 4 -1 -1 3.902407e+01 1.537260e-03
2 3 -1 -1 3.448046e+01 1.358275e-03
5 
-1 -1 1 2 2.327849e+01 9.170001e-04
-1 -1 0 2 1.771063e+01 6.976678e-04
0 1 3 4 3.917715e+01 1.543290e-03
2 4 -1 -1 2.774186e+01 1.092824e-03
2 3 -1 -1 1.657637e+01 6.529862e-04
5 
-1 -1 1 2 1.808373e+01 7.123653e-04
-1 -1 0 2 2.999393e+01 1.181539e-03
0 1 3 4 1.649503e+01 6.497819e-04
2 4 -1 -1 2.087122e+01 8.221717e-04
2 3 -1 -1 3.164241e+01 1.246477e-03
5 
-1 -1 1 2 1.513540e+01 5.962227e-04
-1 -1 0 2 4.648017e+01 1.830975e-03
0 1 3 4 2.121138e+01 8.355713e-04
2 4 -1 -1 1.872275e+01 7.375377e-04
2 3 -1 -1 2.053056e+01 8.087521e-04
5 
-1 -1 1 2 1.454482e+01 5.729581e-04
-1 -1 0 2 2.200025e+01 8.666471e-04
0 1 3 4 1.186882e+01 4.675439e-04
2 4 -1 -1 9.238387e+00 3.639241e-04
2 3 -1 -1 1.067917e+01 4.206803e-04
5 
-1 -1 1 2 1.801486e+01 7.096520e-04
-1 -1 0 2 1.457499e+01 5.741467e-04
0 1 3 4 2.947155e+01 1.160961e-03
2 4 -1 -1 8.816771e+00 3.473155e-04
2 3 -1 -1 1.537456e+01 6.056438e-04
5 
-1 -1 1 2 2.468238e+01 9.723032e-04
-1 -1 0 2 1.011302e+01 3.983780e-04
0 1 3 4 3.296784e+01 1.298689e-03
2 4 -1 -1 2.114721e+01 8.330435e-04
2 3 -1 -1 5.699709e+01 2.245264e-03
5 
-1 -1 1 2 1.052592e+01 4.146433e-04
-1 -1 0 2 9.965434e+00 3.925644e-04
0 1 3 4 2.471771e+01 9.736948e-04
2 4 -1 -1 1.261022e+01 4.967493e-04
2 3 -1 -1 5.276273e+01 2.078461e-03
5 
-1 -1 1 2 1.192909e+01 4.699178e-04
-1 -1 0 2 1.942986e+01 7.653926e-04
0 1 3 4 3.686292e+01 1.452126e-03
2 4 -1 -1 1.708490e+01 6.730187e-04
2 3 -1 -1 1.503656e+01 5.923292e-04
5 
-1 -1 1 2 1.715362e+01 6.757257e-04
-1 -1 0 2 2.432631e+01 9.582767e-04
0 1 3 4 2.711503e+01 1.068131e-03
2 4 -1 -1 1.632448e+01 6.430639e-04
2 3 -1 -1 1.481239e+01 5.834985e-04
5 
-1 -1 1 2 2.595081e+01 1.022270e-03
-1 -1 0 2 1.887560e+01 7.435588e-04
0 1 3 4 3.898487e+01 1.535715e-03
2 4 -1 -1 1.384724e+01 5.454789e-04
2 3 -1 -1 3.605402e+01 1.420261e-03
5 
-1 -1 1 2 8.119449e+01 3.198462e-03
-1 -1 0 2 1.347533e+01 5.308284e-04
0 1 3 4 1.607982e+01 6.334261e-04
2 4 -1 -1 1.109977e+02 4.372487e-03
2 3 -1 -1 3.437836e+01 1.354253e-03
5 
-1 -1 1 2 1.926718e+01 7.589843e-04
-1 -1 0 2 1.783471e+01 7.025554e-04
0 1 3 4 3.853679e+01 1.518064e-03
2 4 -1 -1 2.691015e+01 1.060061e-03
2 3 -1 -1 2.353682e+01 9.271767e-04
5 
-1 -1 1 2 1.759539e+01 6.931282e-04
-1 -1 0 2 1.672220e+01 6.587308e-04
0 1 3 4 1.952644e+01 7.691973e-04
2 4 -1 -1 4.253216e+01 1.675452e-03
2 3 -1 -1 2.352527e+01 9.267216e-04
5 
-1 -1 1 2 1.675318e+01 6.599513e-04
-1 -1 0 2 2.457727e+01 9.681624e-04
0 1 3 4 1.799102e+01 7.087129e-04
2 4 -1 -1 1.842071e+01 7.256397e-04
2 3 -1 -1 6.273778e+00 2.471404e-04
5 
-1 -1 1 2 4.193355e+01 1.651871e-03
-1 -1 0 2 8.471042e+00 3.336964e-04
0 1 3 4 2.806449e+01 1.105533e-03
2 4 -1 -1 8.687319e+00 3.422161e-04
2 3 -1 -1 1.415577e+01 5.576326e-04
5 
-1 -1 1 2 1.538093e+01 6.058948e-04
-1 -1 0 2 2.055159e+01 8.095805e-04
0 1 3 4 4.076770e+01 1.605946e-03
2 4 -1 -1 6.453903e+00 2.542360e-04
2 3 -1 -1 2.893291e+01 1.139743e-03
5 
-1 -1 1 2 1.782338e+01 7.021093e-04
-1 -1 0 2 4.163841e+00 1.640245e-04
0 1 3 4 1.726976e+01 6.803006e-04
2 4 -1 -1 2.985830e+01 1.176196e-03
2 3 -1 -1 5.288847e+00 2.083414e-04
5 
-1 -1 1 2 9.643542e+01 3.798842e-03
-1 -1 0 2 3.868341e+01 1.523840e-03
0 1 3 4 2.777160e+01 1.093996e-03
2 4 -1 -1 1.820865e+01 7.172859e-04
2 3 -1 -1 3.059829e+01 1.205346e-03
5 
-1 -1 1 2 9.551905e+00 3.762744e-04
-1 -1 0 2 8.483231e+01 3.341765e-03
0 1 3 4 3.348504e+01 1.319063e-03
2 4 -1 -1 3.423511e+01 1.348610e-03
2 3 -1 -1 2.089524e+01 8.231179e-04
5 
-1 -1 1 2 5.271647e+00 2.076639e-04
-1 -1 0 2 4.023262e+01 1.584868e-03
0 1 3 4 2.482238e+01 9.778182e-04
2 4 -1 -1 1.753943e+01 6.909237e-04
2 3 -1 -1 4.090902e+01 1.611513e-03
5 
-1 -1 1 2 1.111836e+01 4.379810e-04
-1 -1 0 2 1.184272e+01 4.665154e-04
0 1 3 4 2.684561e+01 1.057519e-03
2 4 -1 -1 2.517423e+01 9.916785e-04
2 3 -1 -1 1.336435e+01 5.264563e-04
5 
-1 -1 1 2 2.234714e+01 8.803120e-04
-1 -1 0 2 9.397142e+00 3.701778e-04
0 1 3 4 2.148136e+01 8.462065e-04
2 4 -1 -1 3.125268e+01 1.231124e-03
2 3 -1 -1 2.441690e+01 9.618453e-04
5 
-1 -1 1 2 3.060268e+01 1.205519e-03
-1 -1 0 2 8.550930e+00 3.368433e-04
0 1 3 4 8.824449e+00 3.476180e-04
2 4 -1 -1 2.829494e+01 1.114611e-03
2 3 -1 -1 1.781715e+01 7.018640e-04
5 
-1 -1 1 2 1.957551e+01 7.711301e-04
-1 -1 0 2 1.316353e+01 5.185458e-04
0 1 3 4 3.569496e+01 1.406117e-03
2 4 -1 -1 3.752186e+01 1.478084e-03
2 3 -1 -1 3.243096e+01 1.277540e-03
5 
-1 -1 1 2 1.675151e+01 6.598857e-04
-1 -1 0 2 1.057216e+01 4.164647e-04
0 1 3 4 2.430293e+01 9.573556e-04
2 4 -1 -1 5.094103e+01 2.006699e-03
2 3 -1 -1 7.257252e+00 2.858820e-04
5 
-1 -1 1 2 2.393178e+01 9.427352e-04
-1 -1 0 2 1.867089e+01 7.354948e-04
0 1 3 4 2.213045e+01 8.717761e-04
2 4 -1 -1 1.299391e+01 5.118639e-04
2 3 -1 -1 6.497350e+00 2.559475e-04
5 
-1 -1 1 2 1.329889e+01 5.238778e-04
-1 -1 0 2 4.346514e+01 1.712205e-03
0 1 3 4 1.406104e+01 5.539008e-04
2 4 -1 -1 1.914700e+01 7.542500e-04
2 3 -1 -1 7.420708e+01 2.923210e-03
5 
-1 -1 1 2 4.528265e+01 1.783801e-03
-1 -1 0 2 3.626388e+01 1.428529e-03
0 1 3 4 1.984266e+01 7.816538e-04
2 4 -1 -1 2.213380e+01 8.719081e-04
2 3 -1 -1 2.872611e+01 1.131596e-03
5 
-1 -1 1 2 5.879858e+00 2.316229e-04
-1 -1 0 2 1.617261e+01 6.370812e-04
0 1 3 4 3.494143e+01 1.376434e-03
2 4 -1 -1 1.422103e+01 5.602034e-04
2 3 -1 -1 9.176386e+00 3.614817e-04
5 
-1 -1 1 2 5.217499e+00 2.055308e-04
-1 -1 0 2 1.965820e+01 7.743877e-04
0 1 3 4 1.879903e+01 7.405425e-04
2 4 -1 -1 6.105223e+00 2.405006e-04
2 3 -1 -1 1.928116e+01 7.595349e-04
5 
-1 -1 1 2 2.618206e+01 1.031379e-03
-1 -1 0 2 2.839775e+01 1.118661e-03
0 1 3 4 3.737602e+01 1.472339e-03
2 4 -1 -1 1.314235e+01 5.177114e-04
2 3 -1 -1 5.226753e+01 2.058954e-03
5 
-1 -1 1 2 2.387090e+01 9.403368e-04
-1 -1 0 2 9.426839e+00 3.713477e-04
0 1 3 4 4.369664e+01 1.721324e-03
2 4 -1 -1 3.454340e+01 1.360754e-03
2 3 -1 -1 9.477819e+00 3.733559e-04
5 
-1 -1 1 2 3.343871e+01 1.317238e-03
-1 -1 0 2 1.492383e+01 5.878885e-04
0 1 3 4 4.327407e+01 1.704678e-03
2 4 -1 -1 5.864526e+01 2.310189e-03
2 3 -1 -1 1.798166e+01 7.083442e-04
5 
-1 -1 1 2 1.482849e+01 5.841330e-04
-1 -1 0 2 1.212916e+01 4.777993e-04
0 1 3 4 4.036331e+01 1.590016e-03
2 4 -1 -1 2.505601e+01 9.870214e-04
2 3 -1 -1 1.620718e+01 6.384428e-04
5 
-1 -1 1 2 2.566485e+01 1.011005e-03
-1 -1 0 2 3.773712e+01 1.486563e-03
0 1 3 4 4.699476e+01 1.851246e-03
2 4 -1 -1 1.000296e+01 3.940426e-04
2 3 -1 -1 1.585446e+01 6.245482e-04
5 
-1 -1 1 2 2.157591e+01 8.499311e-04
-1 -1 0 2 2.635983e+01 1.038382e-03
0 1 3 4 2.046399e+01 8.061299e-04
2 4 -1 -1 4.300371e+01 1.694028e-03
2 3 -1 -1 2.406373e+01 9.479328e-04
5 
-1 -1 1 2 1.953446e+01 7.695131e-04
-1 -1 0 2 1.401638e+01 5.521416e-04
0 1 3 4 3.426945e+01 1.349963e-03
2 4 -1 -1 5.417424e+00 2.134064e-04
2 3 -1 -1 1.066897e+01 4.202784e-04
5 
-1 -1 1 2 2.356906e+01 9.284466e-04
-1 -1 0 2 1.127789e+01 4.442655e-04
0 1 3 4 3.472115e+01 1.367756e-03
2 4 -1 -1 3.446266e+01 1.357574e-03
2 3 -1 -1 1.344242e+01 5.295320e-04
5 
-1 -1 1 2 1.068452e+01 4.208912e-04
-1 -1 0 2 4.880973e+01 1.922742e-03
0 1 3 4 2.011146e+01 7.922426e-04
2 4 -1 -1 1.060101e+01 4.176012e-04
2 3 -1 -1 8.553387e+00 3.369401e-04
5 
-1 -1 1 2 4.067216e+01 1.602182e-03
-1 -1 0 2 1.498931e+01 5.904680e-04
0 1 3 4 4.835116e+01 1.904678e-03
2 4 -1 -1 5.231016e+01 2.060633e-03
2 3 -1 -1 4.906769e+00 1.932904e-04
5 
-1 -1 1 2 9.099790e+00 3.584644e-04
-1 -1 0 2 1.024430e+01 4.035496e-04
0 1 3 4 1.817726e+01 7.160496e-04
2 4 -1 -1 8.634296e+00 3.401274e-04
2 3 -1 -1 2.010685e+01 7.920613e-04
5 
-1 -1 1 2 1.255234e+01 4.944692e-04
-1 -1 0 2 2.204138e+01 8.682674e-04
0 1 3 4 5.296515e+01 2.086435e-03
2 4 -1 -1 1.379209e+02 5.433063e-03
2 3 -1 -1 3.615533e+01 1.424253e-03
5 
-1 -1 1 2 9.828259e+00 3.871607e-04
-1 -1 0 2 1.298681e+01 5.115843e-04
0 1 3 4 4.605985e+01 1.814417e-03
2 4 -1 -1 3.178833e+01 1.252225e-03
2 3 -1 -1 2.350182e+01 9.257979e-04
5 
-1 -1 1 2 5.848870e+01 2.304022e-03
-1 -1 0 2 2.137777e+01 8.421261e-04
0 1 3 4 3.496207e+01 1.377247e-03
2 4 -1 -1 3.405145e+01 1.341375e-03
2 3 -1 -1 1.711835e+01 6.743361e-04
5 
-1 -1 1 2 1.064515e+01 4.193400e-04
-1 -1 0 2 1.837143e+01 7.236984e-04
0 1 3 4 4.519722e+01 1.780436e-03
2 4 -1 -1 2.497623e+01 9.838788e-04
2 3 -1 -1 2.220001e+00 8.745161e-05
5 
-1 -1 1 2 2.311026e+01 9.103731e-04
-1 -1 0 2 9.749530e+00 3.840593e-04
0 1 3 4 1.820414e+01 7.171084e-04
2 4 -1 -1 1.383683e+01 5.450686e-04
2 3 -1 -1 1.519581e+01 5.986024e-04
5 
-1 -1 1 2 1.015037e+01 3.998494e-04
-1 -1 0 2 1.356138e+01 5.342182e-04
0 1 3 4 2.482032e+01 9.777369e-04
2 4 -1 -1 8.175388e+00 3.220498e-04
2 3 -1 -1 1.594649e+01 6.281736e-04
5 
-1 -1 1 2 2.808534e+01 1.106354e-03
-1 -1 0 2 6.608205e+00 2.603144e-04
0 1 3 4 2.482218e+01 9.778102e-04
2 4 -1 -1 1.227236e+01 4.834403e-04
2 3 -1 -1 2.890996e+01 1.138838e-03
5 
-1 -1 1 2 3.590865e+01 1.414535e-03
-1 -1 0 2 4.684582e+00 1.845379e-04
0 1 3 4 2.101160e+01 8.277015e-04
2 4 -1 -1 2.496759e+01 9.835384e-04
2 3 -1 -1 4.584047e+01 1.805775e-03
5 
-1 -1 1 2 4.303399e+01 1.695221e-03
-1 -1 0 2 2.901825e+01 1.143104e-03
0 1 3 4 1.793231e+01 7.064002e-04
2 4 -1 -1 3.615950e+01 1.424417e-03
2 3 -1 -1 1.480877e+01 5.833560e-04
5 
-1 -1 1 2 1.844517e+01 7.266033e-04
-1 -1 0 2 5.528068e+01 2.177650e-03
0 1 3 4 1.434068e+01 5.649167e-04
2 4 -1 -1 5.080668e+01 2.001407e-03
2 3 -1 -1 1.900805e+01 7.487764e-04
5 
-1 -1 1 2 2.174207e+01 8.564765e-04
-1 -1 0 2 2.394029e+01 9.430701e-04
0 1 3 4 2.247830e+01 8.854786e-04
2 4 -1 -1 5.619154e+00 2.213531e-04
2 3 -1 -1 1.898435e+01 7.478427e-04
5 
-1 -1 1 2 1.625792e+01 6.404419e-04
-1 -1 0 2 1.099342e+01 4.330595e-04
0 1 3 4 2.021418e+01 7.962892e-04
2 4 -1 -1 1.494426e+01 5.886931e-04
2 3 -1 -1 1.354021e+01 5.333841e-04
5 
-1 -1 1 2 3.705922e+01 1.459859e-03
-1 -1 0 2 2.222768e+01 8.756063e-04
0 1 3 4 1.310651e+01 5.162996e-04
2 4 -1 -1 8.406690e+00 3.311614e-04
2 3 -1 -1 1.683628e+01 6.632249e-04
5 
-1 -1 1 2 6.485146e+00 2.554668e-04
-1 -1 0 2 5.036721e+00 1.984095e-04
0 1 3 4 1.226927e+01 4.833183e-04
2 4 -1 -1 1.538418e+01 6.060227e-04
2 3 -1 -1 1.958736e+01 7.715970e-04
5 
-1 -1 1 2 1.147829e+01 4.521598e-04
-1 -1 0 2 1.865569e+01 7.348961e-04
0 1 3 4 2.628143e+01 1.035294e-03
2 4 -1 -1 7.292281e+00 2.872619e-04
2 3 -1 -1 1.129611e+01 4.449833e-04
5 
-1 -1 1 2 3.239452e+01 1.276104e-03
-1 -1 0 2 3.483771e+01 1.372348e-03
0 1 3 4 2.083165e+01 8.206129e-04
2 4 -1 -1 1.910430e+01 7.525679e-04
2 3 -1 -1 9.917868e+00 3.906906e-04
5 
-1 -1 1 2 1.504265e+01 5.925690e-04
-1 -1 0 2 7.796571e+00 3.071272e-04
0 1 3 4 4.168202e+01 1.641963e-03
2 4 -1 -1 3.946164e+01 1.554497e-03
2 3 -1 -1 2.932994e+01 1.155383e-03
5 
-1 -1 1 2 3.497833e+01 1.377887e-03
-1 -1 0 2 1.879676e+01 7.404532e-04
0 1 3 4 3.066655e+01 1.208035e-03
2 4 -1 -1 2.310544e+01 9.101833e-04
2 3 -1 -1 9.290815e+00 3.659894e-04
5 
-1 -1 1 2 2.486986e+01 9.796884e-04
-1 -1 0 2 7.375484e+01 2.905395e-03
0 1 3 4 4.146810e+01 1.633536e-03
2 4 -1 -1 1.597354e+01 6.292391e-04
2 3 -1 -1 3.102792e+01 1.222270e-03
5 
-1 -1 1 2 1.687508e+01 6.647531e-04
-1 -1 0 2 3.565382e+01 1.404497e-03
0 1 3 4 3.006896e+01 1.184494e-03
2 4 -1 -1 2.101883e+01 8.279863e-04
2 3 -1 -1 2.115554e+01 8.333719e-04
5 
-1 -1 1 2 1.520161e+01 5.988310e-04
-1 -1 0 2 2.092382e+01 8.242436e-04
0 1 3 4 4.170654e+01 1.642929e-03
2 4 -1 -1 7.162361e+00 2.821440e-04
2 3 -1 -1 1.722860e+01 6.786794e-04
5 
-1 -1 1 2 2.679898e+01 1.055681e-03
-1 -1 0 2 3.020282e+01 1.189768e-03
0 1 3 4 2.063535e+01 8.128800e-04
2 4 -1 -1 2.904319e+01 1.144087e-03
2 3 -1 -1 1.164402e+01 4.586880e-04
5 
-1 -1 1 2 1.353047e+01 5.330006e-04
-1 -1 0 2 3.081806e+01 1.214004e-03
0 1 3 4 2.361305e+01 9.301794e-04
2 4 -1 -1 1.683307e+01 6.630982e-04
2 3 -1 -1 1.819609e+01 7.167913e-04
5 
-1 -1 1 2 4.903110e+01 1.931462e-03
-1 -1 0 2 1.581510e+01 6.229978e-04
0 1 3 4 3.675539e+01 1.447890e-03
2 4 -1 -1 8.352075e+00 3.290099e-04
2 3 -1 -1 5.614498e+01 2.211697e-03
5 
-1 -1 1 2 2.116722e+01 8.338318e-04
-1 -1 0 2 3.366715e+01 1.326236e-03
0 1 3 4 2.704769e+01 1.065479e-03
2 4 -1 -1 7.077650e+00 2.788070e-04
2 3 -1 -1 8.686540e+01 3.421854e-03
5 
-1 -1 1 2 1.474087e+01 5.806812e-04
-1 -1 0 2 9.839513e+00 3.876040e-04
0 1 3 4 1.539975e+01 6.066360e-04
2 4 -1 -1 2.006050e+01 7.902353e-04
2 3 -1 -1 1.976091e+01 7.784338e-04
5 
-1 -1 1 2 2.512434e+01 9.897130e-04
-1 -1 0 2 1.178132e+01 4.640967e-04
0 1 3 4 3.999002e+01 1.575311e-03
2 4 -1 -1 1.997168e+01 7.867363e-04
2 3 -1 -1 3.175814e+01 1.251036e-03
5 
-1 -1 1 2 9.325700e+01 3.673636e-03
-1 -1 0 2 2.232178e+01 8.793129e-04
0 1 3 4 1.951067e+01 7.685760e-04
2 4 -1 -1 1.739338e+01 6.851706e-04
2 3 -1 -1 9.993029e+01 3.936514e-03
5 
-1 -1 1 2 5.883022e+01 2.317475e-03
-1 -1 0 2 8.832253e+00 3.479254e-04
0 1 3 4 3.060821e+01 1.205737e-03
2 4 -1 -1 2.577745e+00 1.015441e-04
2 3 -1 -1 2.767715e+01 1.090275e-03
5 
-1 -1 1 2 5.797471e+01 2.283775e-03
-1 -1 0 2 2.959353e+01 1.165766e-03
0 1 3 4 2.510810e+01 9.890734e-04
2 4 -1 -1 6.309057e+00 2.485301e-04
2 3 -1 -1 1.122382e+01 4.421356e-04
5 
-1 -1 1 2 6.566170e+01 2.586585e-03
-1 -1 0 2 2.032779e+01 8.007646e-04
0 1 3 4 3.422052e+01 1.348035e-03
2 4 -1 -1 1.633705e+01 6.435587e-04
2 3 -1 -1 2.213903e+01 8.721141e-04
5 
-1 -1 1 2 2.343285e+01 9.230810e-04
-1 -1 0 2 2.335494e+01 9.200118e-04
0 1 3 4 9.277167e+00 3.654517e-04
2 4 -1 -1 1.557029e+01 6.133540e-04
2 3 -1 -1 1.431897e+01 5.640616e-04
5 
-1 -1 1 2 3.100419e+01 1.221336e-03
-1 -1 0 2 4.006525e+01 1.578274e-03
0 1 3 4 3.242813e+01 1.277428e-03
2 4 -1 -1 1.931058e+01 7.606941e-04
2 3 -1 -1 1.813566e+01 7.144108e-04
5 
-1 -1 1 2 1.330966e+01 5.243020e-04
-1 -1 0 2 8.542147e+00 3.364974e-04
0 1 3 4 3.749613e+01 1.477070e-03
2 4 -1 -1 4.682581e+00 1.844590e-04
2 3 -1 -1 2.798578e+01 1.102433e-03
5 
-1 -1 1 2 6.927356e+01 2.728866e-03
-1 -1 0 2 3.994566e+01 1.573563e-03
0 1 3 4 1.853650e+01 7.302011e-04
2 4 -1 -1 1.076022e+01 4.238731e-04
2 3 -1 -1 7.591071e+01 2.990320e-03
5 
-1 -1 1 2 9.068159e+00 3.572183e-04
-1 -1 0 2 9.258696e+00 3.647241e-04
0 1 3 4 1.427725e+01 5.624181e-04
2 4 -1 -1 1.705105e+01 6.716851e-04
2 3 -1 -1 1.348181e+01 5.310836e-04
5 
-1 -1 1 2 1.739889e+01 6.853875e-04
-1 -1 0 2 4.934390e+01 1.943784e-03
0 1 3 4 3.324623e+01 1.309655e-03
2 4 -1 -1 5.907055e+01 2.326942e-03
2 3 -1 -1 2.179455e+01 8.585440e-04
5 
-1 -1 1 2 1.831862e+01 7.216182e-04
-1 -1 0 2 1.640145e+01 6.460957e-04
0 1 3 4 2.631003e+01 1.036421e-03
2 4 -1 -1 4.738886e+01 1.866771e-03
2 3 -1 -1 7.418190e+00 2.922218e-04
5 
-1 -1 1 2 4.034159e+01 1.589160e-03
-1 -1 0 2 4.686831e+01 1.846264e-03
0 1 3 4 4.001505e+01 1.576297e-03
2 4 -1 -1 1.898266e+01 7.477763e-04
2 3 -1 -1 2.186695e+01 8.613962e-04
5 
-1 -1 1 2 8.938718e+00 3.521193e-04
-1 -1 0 2 2.039574e+01 8.034413e-04
0 1 3 4 2.688296e+01 1.058990e-03
2 4 -1 -1 2.142045e+01 8.438073e-04
2 3 -1 -1 2.486586e+01 9.795310e-04
5 
-1 -1 1 2 1.015266e+01 3.999397e-04
-1 -1 0 2 1.728618e+01 6.809476e-04
0 1 3 4 3.976272e+01 1.566357e-03
2 4 -1 -1 1.512823e+01 5.959403e-04
2 3 -1 -1 6.980164e+00 2.749668e-04
5 
-1 -1 1 2 2.789897e+01 1.099013e-03
-1 -1 0 2 4.692089e+01 1.848336e-03
0 1 3 4 2.542721e+01 1.001644e-03
2 4 -1 -1 2.279898e+01 8.981110e-04
2 3 -1 -1 8.529501e+01 3.359992e-03
5 
-1 -1 1 2 1.757186e+01 6.922013e-04
-1 -1 0 2 2.542838e+01 1.001690e-03
0 1 3 4 1.976471e+01 7.785831e-04
2 4 -1 -1 4.231672e+01 1.666966e-03
2 3 -1 -1 4.751419e+01 1.871707e-03
5 
-1 -1 1 2 4.978750e+01 1.961259e-03
-1 -1 0 2 2.021270e+01 7.962306e-04
0 1 3 4 2.765642e+01 1.089458e-03
2 4 -1 -1 2.738804e+01 1.078886e-03
2 3 -1 -1 3.898971e+01 1.535906e-03
5 
-1 -1 1 2 4.925569e+01 1.940310e-03
-1 -1 0 2 6.363897e+01 2.506905e-03
0 1 3 4 3.033120e+01 1.194825e-03
2 4 -1 -1 1.415240e+01 5.574999e-04
2 3 -1 -1 2.840069e+01 1.118777e-03
5 
-1 -1 1 2 1.051826e+01 4.143414e-04
-1 -1 0 2 3.993523e+01 1.573152e-03
0 1 3 4 2.765584e+01 1.089435e-03
2 4 -1 -1 5.529158e+01 2.178079e-03
2 3 -1 -1 7.583451e+01 2.987319e-03
5 
-1 -1 1 2 9.400755e+00 3.703202e-04
-1 -1 0 2 9.665109e+00 3.807338e-04
0 1 3 4 1.660944e+01 6.542888e-04
2 4 -1 -1 1.940779e+01 7.645234e-04
2 3 -1 -1 6.638350e+01 2.615019e-03
5 
-1 -1 1 2 1.617497e+01 6.371741e-04
-1 -1 0 2 1.989350e+01 7.836567e-04
0 1 3 4 2.333051e+01 9.190494e-04
2 4 -1 -1 2.389983e+01 9.414763e-04
2 3 -1 -1 4.704585e+00 1.853258e-04
5 
-1 -1 1 2 1.125945e+01 4.435390e-04
-1 -1 0 2 1.573070e+01 6.196732e-04
0 1 3 4 1.148742e+01 4.525191e-04
2 4 -1 -1 2.113091e+01 8.324015e-04
2 3 -1 -1 5.893241e+01 2.321501e-03
5 
-1 -1 1 2 1.120786e+01 4.415067e-04
-1 -1 0 2 5.757140e+01 2.267887e-03
0 1 3 4 1.629109e+01 6.417484e-04
2 4 -1 -1 1.487855e+01 5.861046e-04
2 3 -1 -1 1.823616e+01 7.183699e-04
5 
-1 -1 1 2 9.005372e+00 3.547450e-04
-1 -1 0 2 1.589062e+01 6.259730e-04
0 1 3 4 2.549068e+01 1.004144e-03
2 4 -1 -1 1.151059e+02 4.534321e-03
2 3 -1 -1 2.630649e+01 1.036281e-03
5 
-1 -1 1 2 1.634672e+01 6.439397e-04
-1 -1 0 2 3.337984e+00 1.314919e-04
0 1 3 4 4.645370e+01 1.829932e-03
2 4 -1 -1 5.552229e+01 2.187167e-03
2 3 -1 -1 3.552533e+01 1.399435e-03
5 
-1 -1 1 2 1.073839e+01 4.230130e-04
-1 -1 0 2 1.783265e+01 7.024745e-04
0 1 3 4 4.158268e+01 1.638050e-03
2 4 -1 -1 2.588558e+01 1.019700e-03
2 3 -1 -1 1.608948e+01 6.338063e-04
5 
-1 -1 1 2 2.474470e+01 9.747580e-04
-1 -1 0 2 4.655340e+01 1.833859e-03
0 1 3 4 2.624776e+01 1.033967e-03
2 4 -1 -1 5.378556e+00 2.118753e-04
2 3 -1 -1 8.128815e+00 3.202151e-04
5 
-1 -1 1 2 4.085918e+01 1.609549e-03
-1 -1 0 2 2.677962e+01 1.054919e-03
0 1 3 4 7.181987e+01 2.829172e-03
2 4 -1 -1 1.438562e+01 5.666869e-04
2 3 -1 -1 1.899687e+01 7.483363e-04
5 
-1 -1 1 2 1.239186e+01 4.881476e-04
-1 -1 0 2 2.802910e+01 1.104139e-03
0 1 3 4 3.044767e+01 1.199413e-03
2 4 -1 -1 2.320627e+01 9.141553e-04
2 3 -1 -1 4.404813e+01 1.735171e-03
5 
-1 -1 1 2 1.215008e+01 4.786231e-04
-1 -1 0 2 1.008415e+01 3.972409e-04
0 1 3 4 1.924907e+01 7.582710e-04
2 4 -1 -1 4.510943e+00 1.776978e-04
2 3 -1 -1 6.367892e+01 2.508478e-03
5 
-1 -1 1 2 2.809415e+01 1.106702e-03
-1 -1 0 2 1.270307e+01 5.004070e-04
0 1 3 4 2.177366e+01 8.577212e-04
2 4 -1 -1 3.692280e+01 1.454485e-03
2 3 -1 -1 2.701441e+01 1.064168e-03
5 
-1 -1 1 2 4.677247e+01 1.842489e-03
-1 -1 0 2 2.901747e+01 1.143074e-03
0 1 3 4 2.896840e+01 1.141140e-03
2 4 -1 -1 2.441448e+01 9.617498e-04
2 3 -1 -1 1.705424e+01 6.718107e-04
5 
-1 -1 1 2 1.458786e+01 5.746539e-04
-1 -1 0 2 3.392649e+01 1.336453e-03
0 1 3 4 2.689913e+01 1.059627e-03
2 4 -1 -1 4.678555e+01 1.843004e-03
2 3 -1 -1 4.089986e+01 1.611152e-03
