H 
4.000000e+01 
200 
5 
-1 -1 1 2 1.619896e+01 5.934730e-04
-1 -1 0 2 4.868882e+01 1.783787e-03
0 1 3 4 3.058485e+01 1.120521e-03
2 4 -1 -1 1.397952e+01 5.121602e-04
2 3 -1 -1 1.961138e+01 7.184918e-04
5 
-1 -1 1 2 9.739899e+00 3.568356e-04
-1 -1 0 2 1.708790e+01 6.260405e-04
0 1 3 4 3.446193e+01 1.262564e-03
2 4 -1 -1 3.516199e+01 1.288211e-03
2 3 -1 -1 2.849681e+01 1.044023e-03
5 
-1 -1 1 2 1.125793e+01 4.124508e-04
-1 -1 0 2 1.968124e+01 7.210512e-04
0 1 3 4 2.412385e+01 8.838130e-04
2 4 -1 -1 7.726729e+00 2.830801e-04
2 3 -1 -1 1.815666e+01 6.651959e-04
5 
-1 -1 1 2 3.074921e+01 1.126543e-03
-1 -1 0 2 1.486070e+01 5.444435e-04
0 1 3 4 4.044856e+01 1.481893e-03
2 4 -1 -1 1.540861e+01 5.645173e-04
2 3 -1 -1 1.036006e+01 3.795562e-04
5 
-1 -1 1 2 1.024267e+01 3.752553e-04
-1 -1 0 2 4.625037e+01 1.694451e-03
0 1 3 4 2.832712e+01 1.037806e-03
2 4 -1 -1 3.219352e+01 1.179457e-03
2 3 -1 -1 2.147289e+01 7.866911e-04
5 
-1 -1 1 2 1.271965e+01 4.660032e-04
-1 -1 0 2 1.916993e+01 7.023188e-04
0 1 3 4 2.657148e+01 9.734852e-04
2 4 -1 -1 9.431439e+00 3.455347e-04
2 3 -1 -1 2.735255e+01 1.002101e-03
5 
-1 -1 1 2 3.358841e+01 1.230561e-03
-1 -1 0 2 4.436029e+01 1.625205e-03
0 1 3 4 3.636185e+01 1.332170e-03
2 4 -1 -1 5.557515e+01 2.036078e-03
2 3 -1 -1 2.491582e+01 9.128277e-04
5 
-1 -1 1 2 1.738410e+01 6.368920e-04
-1 -1 0 2 2.216749e+01 8.121386e-04
0 1 3 4 2.734497e+01 1.001823e-03
2 4 -1 -1 3.640379e+01 1.333707e-03
2 3 -1 -1 1.280604e+01 4.691682e-04
5 
-1 -1 1 2 6.911257e+01 2.532041e-03
-1 -1 0 2 4.597950e+01 1.684527e-03
0 1 3 4 2.080199e+01 7.621114e-04
2 4 -1 -1 7.240655e+01 2.652721e-03
2 3 -1 -1 2.531586e+01 9.274839e-04
5 
-1 -1 1 2 2.206269e+01 8.082993e-04
-1 -1 0 2 2.385433e+01 8.739386e-04
0 1 3 4 2.008557e+01 7.358645e-04
2 4 -1 -1 6.181053e+01 2.264520e-03
2 3 -1 -1 2.490698e+01 9.125041e-04
5 
-1 -1 1 2 4.349920e+01 1.593657e-03
-1 -1 0 2 2.391728e+01 8.762449e-04
0 1 3 4 3.101897e+01 1.136426e-03
2 4 -1 -1 4.270541e+01 1.564576e-03
2 3 -1 -1 1.912659e+01 7.007308e-04
5 
-1 -1 1 2 1.343106e+01 4.920667e-04
-1 -1 0 2 9.039079e+00 3.311600e-04
0 1 3 4 1.352174e+01 4.953889e-04
2 4 -1 -1 2.257663e+01 8.271280e-04
2 3 -1 -1 1.691825e+01 6.198252e-04
5 
-1 -1 1 2 1.339422e+01 4.907168e-04
-1 -1 0 2 4.637364e+01 1.698967e-03
0 1 3 4 1.620650e+01 5.937491e-04
2 4 -1 -1 9.378895e+00 3.436096e-04
2 3 -1 -1 8.277493e+00 3.032582e-04
5 
-1 -1 1 2 1.108162e+01 4.059916e-04
-1 -1 0 2 2.834547e+01 1.038478e-03
0 1 3 4 5.338314e+01 1.955770e-03
2 4 -1 -1 1.681401e+01 6.160059e-04
2 3 -1 -1 2.423830e+01 8.880058e-04
5 
-1 -1 1 2 3.271315e+01 1.198495e-03
-1 -1 0 2 1.198392e+02 4.390484e-03
0 1 3 4 1.976613e+01 7.241614e-04
2 4 -1 -1 1.557565e+01 5.706371e-04
2 3 -1 -1 1.485391e+01 5.441951e-04
5 
-1 -1 1 2 2.533808e+01 9.282978e-04
-1 -1 0 2 3.992420e+01 1.462682e-03
0 1 3 4 4.717116e+01 1.728185e-03
2 4 -1 -1 4.171784e+01 1.528395e-03
2 3 -1 -1 1.195989e+01 4.381681e-04
5 
-1 -1 1 2 1.002324e+01 3.672160e-04
-1 -1 0 2 4.867040e+01 1.783112e-03
0 1 3 4 6.016700e+01 2.204307e-03
2 4 -1 -1 1.412029e+01 5.173177e-04
2 3 -1 -1 2.491303e+01 9.127257e-04
5 
-1 -1 1 2 1.087725e+01 3.985042e-04
-1 -1 0 2 3.297048e+01 1.207922e-03
0 1 3 4 2.668002e+01 9.774618e-04
2 4 -1 -1 2.611971e+01 9.569342e-04
2 3 -1 -1 6.824405e+01 2.500221e-03
5 
-1 -1 1 2 2.223756e+01 8.147060e-04
-1 -1 0 2 1.229976e+01 4.506200e-04
0 1 3 4 2.378749e+01 8.714897e-04
2 4 -1 -1 2.290588e+01 8.391905e-04
2 3 -1 -1 5.435403e+01 1.991340e-03
5 
-1 -1 1 2 1.290000e+01 4.726106e-04
-1 -1 0 2 2.532908e+01 9.279681e-04
0 1 3 4 1.042781e+02 3.820383e-03
2 4 -1 -1 2.985112e+01 1.093640e-03
2 3 -1 -1 1.269646e+01 4.651537e-04
5 
-1 -1 1 2 1.566113e+01 5.737685e-04
-1 -1 0 2 2.486427e+01 9.109393e-04
0 1 3 4 1.404350e+01 5.145044e-04
2 4 -1 -1 2.360475e+01 8.647948e-04
2 3 -1 -1 1.893380e+01 6.936675e-04
5 
-1 -1 1 2 2.078024e+01 7.613148e-04
-1 -1 0 2 3.576927e+01 1.310460e-03
0 1 3 4 2.612751e+01 9.572198e-04
2 4 -1 -1 7.003364e+00 2.565786e-04
2 3 -1 -1 1.534861e+01 5.623189e-04
5 
-1 -1 1 2 5.094279e+01 1.866364e-03
-1 -1 0 2 5.907352e+01 2.164246e-03
0 1 3 4 3.686193e+01 1.350491e-03
2 4 -1 -1 3.084051e+01 1.129888e-03
2 3 -1 -1 2.808751e+01 1.029027e-03
5 
-1 -1 1 2 1.382134e+01 5.063653e-04
-1 -1 0 2 9.457170e+01 3.464774e-03
0 1 3 4 1.938780e+01 7.103006e-04
2 4 -1 -1 4.073032e+01 1.492215e-03
2 3 -1 -1 1.740375e+01 6.376119e-04
5 
-1 -1 1 2 2.804649e+01 1.027524e-03
-1 -1 0 2 4.410552e+01 1.615871e-03
0 1 3 4 2.504996e+01 9.177423e-04
2 4 -1 -1 6.994583e+01 2.562569e-03
2 3 -1 -1 1.209163e+01 4.429947e-04
5 
-1 -1 1 2 2.422672e+01 8.875816e-04
-1 -1 0 2 2.390236e+01 8.756983e-04
0 1 3 4 3.349300e+01 1.227065e-03
2 4 -1 -1 2.508711e+01 9.191033e-04
2 3 -1 -1 2.531880e+01 9.275914e-04
5 
-1 -1 1 2 1.211326e+01 4.437873e-04
-1 -1 0 2 2.114228e+01 7.745784e-04
0 1 3 4 4.485679e+01 1.643395e-03
2 4 -1 -1 2.483904e+01 9.100149e-04
2 3 -1 -1 6.873774e+01 2.518308e-03
5 
-1 -1 1 2 3.616384e+01 1.324916e-03
-1 -1 0 2 2.285870e+01 8.374623e-04
0 1 3 4 1.031743e+02 3.779941e-03
2 4 -1 -1 5.728126e+00 2.098584e-04
2 3 -1 -1 5.047110e+01 1.849083e-03
5 
-1 -1 1 2 3.551736e+01 1.301231e-03
-1 -1 0 2 4.143448e+01 1.518013e-03
0 1 3 4 3.213990e+01 1.177493e-03
2 4 -1 -1 2.486533e+01 9.109780e-04
2 3 -1 -1 2.254468e+01 8.259576e-04
5 
-1 -1 1 2 1.419471e+01 5.200440e-04
-1 -1 0 2 2.423231e+01 8.877865e-04
0 1 3 4 4.606671e+01 1.687722e-03
2 4 -1 -1 2.389337e+01 8.753687e-04
2 3 -1 -1 1.586114e+01 5.810962e-04
5 
-1 -1 1 2 3.646275e+01 1.335867e-03
-1 -1 0 2 1.313133e+01 4.810855e-04
0 1 3 4 6.633375e+01 2.430235e-03
2 4 -1 -1 6.203229e+01 2.272644e-03
2 3 -1 -1 1.347021e+01 4.935010e-04
5 
-1 -1 1 2 1.300676e+01 4.765217e-04
-1 -1 0 2 1.742368e+01 6.383423e-04
0 1 3 4 4.591086e+01 1.682012e-03
2 4 -1 -1 1.034311e+01 3.789353e-04
2 3 -1 -1 6.182456e+01 2.265034e-03
5 
-1 -1 1 2 1.931939e+01 7.077942e-04
-1 -1 0 2 1.729245e+01 6.335343e-04
0 1 3 4 1.726399e+01 6.324916e-04
2 4 -1 -1 1.304735e+01 4.780088e-04
2 3 -1 -1 2.181714e+01 7.993032e-04
5 
-1 -1 1 2 3.898396e+01 1.428235e-03
-1 -1 0 2 1.992068e+01 7.298236e-04
0 1 3 4 2.586294e+01 9.475270e-04
2 4 -1 -1 2.569091e+01 9.412244e-04
2 3 -1 -1 7.684719e+01 2.815410e-03
5 
-1 -1 1 2 2.271548e+01 8.322151e-04
-1 -1 0 2 1.370784e+01 5.022070e-04
0 1 3 4 7.082399e+01 2.594741e-03
2 4 -1 -1 9.828508e+00 3.600819e-04
2 3 -1 -1 2.677782e+01 9.810449e-04
5 
-1 -1 1 2 3.314498e+01 1.214315e-03
-1 -1 0 2 2.960128e+01 1.084487e-03
0 1 3 4 3.435321e+01 1.258580e-03
2 4 -1 -1 2.472473e+01 9.058269e-04
2 3 -1 -1 4.123637e+01 1.510755e-03
5 
-1 -1 1 2 3.091976e+01 1.132791e-03
-1 -1 0 2 1.772043e+01 6.492139e-04
0 1 3 4 2.587751e+01 9.480606e-04
2 4 -1 -1 2.056596e+01 7.534644e-04
2 3 -1 -1 2.029749e+01 7.436286e-04
5 
-1 -1 1 2 1.629294e+01 5.969157e-04
-1 -1 0 2 3.414657e+01 1.251010e-03
0 1 3 4 3.087406e+01 1.131117e-03
2 4 -1 -1 5.462227e+01 2.001167e-03
2 3 -1 -1 3.432155e+01 1.257421e-03
5 
-1 -1 1 2 3.141141e+01 1.150804e-03
-1 -1 0 2 5.405785e+01 1.980489e-03
0 1 3 4 5.952832e+01 2.180908e-03
2 4 -1 -1 1.722302e+01 6.309908e-04
2 3 -1 -1 8.477300e+01 3.105784e-03
5 
-1 -1 1 2 3.089712e+01 1.131962e-03
-1 -1 0 2 1.701997e+01 6.235516e-04
0 1 3 4 3.535659e+01 1.295341e-03
2 4 -1 -1 2.094116e+01 7.672104e-04
2 3 -1 -1 2.159131e+01 7.910293e-04
5 
-1 -1 1 2 1.303237e+01 4.774600e-04
-1 -1 0 2 3.863430e+01 1.415424e-03
0 1 3 4 5.088855e+01 1.864377e-03
2 4 -1 -1 2.059856e+01 7.546587e-04
2 3 -1 -1 3.246340e+01 1.189345e-03
5 
-1 -1 1 2 1.913096e+01 7.008908e-04
-1 -1 0 2 5.035838e+01 1.844953e-03
0 1 3 4 1.905118e+01 6.979682e-04
2 4 -1 -1 1.731979e+01 6.345359e-04
2 3 -1 -1 2.464377e+01 9.028609e-04
5 
-1 -1 1 2 2.089398e+01 7.654818e-04
-1 -1 0 2 2.205109e+01 8.078742e-04
0 1 3 4 3.027311e+01 1.109100e-03
2 4 -1 -1 1.457166e+01 5.338543e-04
2 3 -1 -1 3.878183e+01 1.420830e-03
5 
-1 -1 1 2 1.938194e+01 7.100859e-04
-1 -1 0 2 4.135566e+01 1.515125e-03
0 1 3 4 3.680455e+01 1.348389e-03
2 4 -1 -1 1.617849e+01 5.927229e-04
2 3 -1 -1 2.457152e+01 9.002140e-04
5 
-1 -1 1 2 3.258643e+01 1.193852e-03
-1 -1 0 2 2.279507e+01 8.351311e-04
0 1 3 4 1.364671e+01 4.999672e-04
2 4 -1 -1 2.163412e+01 7.925978e-04
2 3 -1 -1 2.467710e+01 9.040819e-04
5 
-1 -1 1 2 7.658667e+00 2.805866e-04
-1 -1 0 2 9.733805e+00 3.566123e-04
0 1 3 4 2.322750e+01 8.509736e-04
2 4 -1 -1 1.411178e+01 5.170058e-04
2 3 -1 -1 1.933206e+01 7.082584e-04
5 
-1 -1 1 2 1.696243e+01 6.214437e-04
-1 -1 0 2 3.456764e+01 1.266436e-03
0 1 3 4 1.417876e+01 5.194596e-04
2 4 -1 -1 3.865380e+01 1.416139e-03
2 3 -1 -1 2.117086e+01 7.756258e-04
5 
-1 -1 1 2 1.078262e+01 3.950371e-04
-1 -1 0 2 1.616025e+01 5.920547e-04
0 1 3 4 4.482217e+01 1.642126e-03
2 4 -1 -1 1.803957e+01 6.609064e-04
2 3 -1 -1 2.793190e+01 1.023326e-03
5 
-1 -1 1 2 1.105499e+01 4.050160e-04
-1 -1 0 2 1.071524e+02 3.925686e-03
0 1 3 4 1.729502e+01 6.336286e-04
2 4 -1 -1 1.039376e+01 3.807907e-04
2 3 -1 -1 2.021668e+01 7.406679e-04
5 
-1 -1 1 2 6.857668e+00 2.512408e-04
-1 -1 0 2 1.122725e+01 4.113268e-04
0 1 3 4 4.516713e+01 1.654764e-03
2 4 -1 -1 2.019716e+01 7.399529e-04
2 3 -1 -1 1.859712e+01 6.813329e-04
5 
-1 -1 1 2 1.005636e+01 3.684295e-04
-1 -1 0 2 1.055766e+01 3.867955e-04
0 1 3 4 2.929785e+01 1.073370e-03
2 4 -1 -1 3.078522e+01 1.127862e-03
2 3 -1 -1 4.085814e+01 1.496898e-03
5 
-1 -1 1 2 4.647881e+00 1.702820e-04
-1 -1 0 2 1.657542e+01 6.072648e-04
0 1 3 4 1.199977e+01 4.396291e-04
2 4 -1 -1 1.743910e+01 6.389070e-04
2 3 -1 -1 3.682969e+01 1.349310e-03
5 
-1 -1 1 2 2.422070e+01 8.873612e-04
-1 -1 0 2 2.161221e+01 7.917953e-04
0 1 3 4 2.551771e+01 9.348790e-04
2 4 -1 -1 1.368802e+01 5.014806e-04
2 3 -1 -1 4.060020e+00 1.487448e-04
5 
-1 -1 1 2 4.133640e+01 1.514420e-03
-1 -1 0 2 1.534308e+01 5.621164e-04
0 1 3 4 3.991108e+01 1.462201e-03
2 4 -1 -1 6.064423e+01 2.221791e-03
2 3 -1 -1 3.190227e+01 1.168787e-03
5 
-1 -1 1 2 4.264663e+00 1.562422e-04
-1 -1 0 2 3.733617e+01 1.367866e-03
0 1 3 4 3.660323e+01 1.341013e-03
2 4 -1 -1 3.707781e+01 1.358400e-03
2 3 -1 -1 2.936044e+01 1.075663e-03
5 
-1 -1 1 2 1.729824e+01 6.337466e-04
-1 -1 0 2 8.667194e+00 3.175354e-04
0 1 3 4 3.012256e+01 1.103584e-03
2 4 -1 -1 4.827081e+01 1.768472e-03
2 3 -1 -1 1.273999e+01 4.667483e-04
5 
-1 -1 1 2 1.192302e+01 4.368175e-04
-1 -1 0 2 1.289762e+01 4.725234e-04
0 1 3 4 1.394661e+01 5.109546e-04
2 4 -1 -1 2.377402e+01 8.709964e-04
2 3 -1 -1 3.085483e+01 1.130412e-03
5 
-1 -1 1 2 5.995869e+01 2.196675e-03
-1 -1 0 2 5.427056e+01 1.988282e-03
0 1 3 4 3.918668e+01 1.435662e-03
2 4 -1 -1 3.669296e+01 1.344301e-03
2 3 -1 -1 8.152001e+01 2.986606e-03
5 
-1 -1 1 2 1.554961e+01 5.696829e-04
-1 -1 0 2 1.299580e+01 4.761202e-04
0 1 3 4 3.103711e+01 1.137090e-03
2 4 -1 -1 2.271371e+01 8.321503e-04
2 3 -1 -1 3.219225e+01 1.179411e-03
5 
-1 -1 1 2 1.167631e+01 4.277787e-04
-1 -1 0 2 2.230017e+01 8.169997e-04
0 1 3 4 3.077882e+01 1.127628e-03
2 4 -1 -1 1.735916e+01 6.359783e-04
2 3 -1 -1 1.337020e+01 4.898371e-04
5 
-1 -1 1 2 1.666364e+01 6.104970e-04
-1 -1 0 2 3.526621e+00 1.292030e-04
0 1 3 4 4.947131e+01 1.812454e-03
2 4 -1 -1 2.161284e+01 7.918181e-04
2 3 -1 -1 1.258863e+01 4.612031e-04
5 
-1 -1 1 2 2.129202e+01 7.800644e-04
-1 -1 0 2 2.866724e+01 1.050267e-03
0 1 3 4 2.623334e+01 9.610969e-04
2 4 -1 -1 1.316162e+01 4.821954e-04
2 3 -1 -1 1.694739e+01 6.208926e-04
5 
-1 -1 1 2 6.635607e+00 2.431052e-04
-1 -1 0 2 1.158194e+01 4.243213e-04
0 1 3 4 2.147520e+01 7.867757e-04
2 4 -1 -1 2.289722e+01 8.388734e-04
2 3 -1 -1 3.825488e+01 1.401524e-03
5 
-1 -1 1 2 8.779737e+00 3.216586e-04
-1 -1 0 2 3.909900e+01 1.432449e-03
0 1 3 4 5.477427e+01 2.006736e-03
2 4 -1 -1 2.335823e+01 8.557630e-04
2 3 -1 -1 2.902547e+01 1.063391e-03
5 
-1 -1 1 2 3.990824e+01 1.462097e-03
-1 -1 0 2 1.155147e+01 4.232053e-04
0 1 3 4 3.961641e+01 1.451406e-03
2 4 -1 -1 9.552641e+00 3.499751e-04
2 3 -1 -1 1.622908e+01 5.945764e-04
5 
-1 -1 1 2 3.739367e+01 1.369972e-03
-1 -1 0 2 2.490242e+01 9.123370e-04
0 1 3 4 2.111365e+01 7.735297e-04
2 4 -1 -1 2.494688e+01 9.139656e-04
2 3 -1 -1 1.108155e+01 4.059890e-04
5 
-1 -1 1 2 1.936617e+01 7.095081e-04
-1 -1 0 2 2.222774e+01 8.143459e-04
0 1 3 4 2.423667e+01 8.879461e-04
2 4 -1 -1 7.032200e+01 2.576350e-03
2 3 -1 -1 3.589949e+01 1.315231e-03
5 
-1 -1 1 2 9.982821e+00 3.657354e-04
-1 -1 0 2 3.714393e+01 1.360823e-03
0 1 3 4 3.010521e+01 1.102949e-03
2 4 -1 -1 1.079936e+01 3.956505e-04
2 3 -1 -1 2.922270e+01 1.070617e-03
5 
-1 -1 1 2 1.784738e+01 6.538650e-04
-1 -1 0 2 2.637381e+01 9.662434e-04
0 1 3 4 3.519605e+01 1.289459e-03
2 4 -1 -1 7.907620e+00 2.897073e-04
2 3 -1 -1 2.029485e+01 7.435319e-04
5 
-1 -1 1 2 1.383873e+01 5.070021e-04
-1 -1 0 2 5.498539e+01 2.014471e-03
0 1 3 4 6.647111e+01 2.435267e-03
2 4 -1 -1 7.726426e+00 2.830690e-04
2 3 -1 -1 2.555977e+01 9.364199e-04
5 
-1 -1 1 2 2.019751e+01 7.399657e-04
-1 -1 0 2 5.810624e+00 2.128808e-04
0 1 3 4 1.570953e+01 5.755417e-04
2 4 -1 -1 4.720343e+01 1.729367e-03
2 3 -1 -1 3.322781e+01 1.217350e-03
5 
-1 -1 1 2 1.135817e+01 4.161234e-04
-1 -1 0 2 7.106958e+00 2.603739e-04
0 1 3 4 5.814632e+01 2.130276e-03
2 4 -1 -1 3.569190e+01 1.307626e-03
2 3 -1 -1 3.663788e+01 1.342283e-03
5 
-1 -1 1 2 3.665087e+01 1.342759e-03
-1 -1 0 2 1.378707e+01 5.051095e-04
0 1 3 4 2.493860e+01 9.136625e-04
2 4 -1 -1 6.377472e+01 2.336481e-03
2 3 -1 -1 4.947061e+01 1.812429e-03
5 
-1 -1 1 2 1.160033e+01 4.249952e-04
-1 -1 0 2 5.382465e+01 1.971945e-03
0 1 3 4 3.814673e+01 1.397562e-03
2 4 -1 -1 1.827725e+01 6.696141e-04
2 3 -1 -1 1.785414e+01 6.541127e-04
5 
-1 -1 1 2 1.871143e+01 6.855207e-04
-1 -1 0 2 4.980639e+01 1.824731e-03
0 1 3 4 3.506989e+01 1.284837e-03
2 4 -1 -1 4.344837e+01 1.591795e-03
2 3 -1 -1 3.790555e+01 1.388726e-03
5 
-1 -1 1 2 3.309757e+01 1.212578e-03
-1 -1 0 2 7.014182e+01 2.569749e-03
0 1 3 4 4.156601e+01 1.522832e-03
2 4 -1 -1 2.233680e+01 8.183416e-04
2 3 -1 -1 3.293409e+01 1.206589e-03
5 
-1 -1 1 2 2.063891e+01 7.561368e-04
-1 -1 0 2 7.622380e+00 2.792571e-04
0 1 3 4 2.269649e+01 8.315192e-04
2 4 -1 -1 3.466685e+01 1.270071e-03
2 3 -1 -1 1.197848e+01 4.388492e-04
5 
-1 -1 1 2 1.800756e+01 6.597334e-04
-1 -1 0 2 2.550808e+01 9.345263e-04
0 1 3 4 3.026934e+01 1.108962e-03
2 4 -1 -1 1.681516e+01 6.160483e-04
2 3 -1 -1 5.348096e+01 1.959354e-03
5 
-1 -1 1 2 2.918628e+01 1.069283e-03
-1 -1 0 2 2.547625e+01 9.333600e-04
0 1 3 4 3.704817e+01 1.357314e-03
2 4 -1 -1 1.196076e+01 4.381999e-04
2 3 -1 -1 8.260294e+01 3.026280e-03
5 
-1 -1 1 2 4.108339e+01 1.505151e-03
-1 -1 0 2 2.521007e+01 9.236082e-04
0 1 3 4 6.318406e+01 2.314841e-03
2 4 -1 -1 1.230962e+02 4.509809e-03
2 3 -1 -1 1.576549e+01 5.775921e-04
5 
-1 -1 1 2 3.080187e+01 1.128472e-03
-1 -1 0 2 4.113053e+01 1.506878e-03
0 1 3 4 3.471957e+01 1.272003e-03
2 4 -1 -1 1.008061e+01 3.693180e-04
2 3 -1 -1 2.374430e+01 8.699076e-04
5 
-1 -1 1 2 1.540996e+01 5.645667e-04
-1 -1 0 2 5.838212e+01 2.138915e-03
0 1 3 4 6.494325e+01 2.379292e-03
2 4 -1 -1 1.150558e+01 4.215240e-04
2 3 -1 -1 1.447972e+01 5.304859e-04
5 
-1 -1 1 2 1.701784e+01 6.234737e-04
-1 -1 0 2 8.771921e+00 3.213723e-04
0 1 3 4 3.426212e+01 1.255243e-03
2 4 -1 -1 2.180454e+01 7.988414e-04
2 3 -1 -1 1.267490e+01 4.643636e-04
5 
-1 -1 1 2 1.503175e+01 5.507104e-04
-1 -1 0 2 2.181781e+01 7.993277e-04
0 1 3 4 3.649879e+01 1.337187e-03
2 4 -1 -1 2.181432e+01 7.991999e-04
2 3 -1 -1 4.116166e+01 1.508018e-03
5 
-1 -1 1 2 3.984547e+01 1.459798e-03
-1 -1 0 2 1.615220e+01 5.917597e-04
0 1 3 4 2.965626e+01 1.086501e-03
2 4 -1 -1 1.496653e+01 5.483210e-04
2 3 -1 -1 1.182138e+01 4.330936e-04
5 
-1 -1 1 2 5.702135e+00 2.089061e-04
-1 -1 0 2 4.055097e+00 1.485644e-04
0 1 3 4 2.509275e+01 9.193098e-04
2 4 -1 -1 1.329510e+01 4.870856e-04
2 3 -1 -1 3.392399e+01 1.242856e-03
5 
-1 -1 1 2 1.616113e+01 5.920868e-04
-1 -1 0 2 2.708105e+01 9.921543e-04
0 1 3 4 1.296898e+01 4.751378e-04
2 4 -1 -1 1.986814e+01 7.278987e-04
2 3 -1 -1 8.756033e+00 3.207902e-04
5 
-1 -1 1 2 5.182292e+01 1.898609e-03
-1 -1 0 2 5.553690e+01 2.034676e-03
0 1 3 4 6.470864e+01 2.370697e-03
2 4 -1 -1 1.820388e+01 6.669261e-04
2 3 -1 -1 2.991495e+01 1.095978e-03
5 
-1 -1 1 2 3.108322e+01 1.138780e-03
-1 -1 0 2 2.819110e+01 1.032822e-03
0 1 3 4 4.742645e+01 1.737538e-03
2 4 -1 -1 3.082500e+01 1.129319e-03
2 3 -1 -1 2.973761e+01 1.089481e-03
5 
-1 -1 1 2 2.951291e+01 1.081249e-03
-1 -1 0 2 7.519076e+00 2.754724e-04
0 1 3 4 2.297671e+01 8.417857e-04
2 4 -1 -1 3.482734e+01 1.275951e-03
2 3 -1 -1 2.943737e+01 1.078482e-03
5 
-1 -1 1 2 9.445231e+00 3.460400e-04
-1 -1 0 2 2.524624e+01 9.249331e-04
0 1 3 4 3.205183e+01 1.174266e-03
2 4 -1 -1 2.356502e+01 8.633393e-04
2 3 -1 -1 3.021472e+01 1.106961e-03
5 
-1 -1 1 2 1.955217e+01 7.163224e-04
-1 -1 0 2 1.067400e+01 3.910578e-04
0 1 3 4 2.018579e+01 7.395362e-04
2 4 -1 -1 1.365800e+01 5.003811e-04
2 3 -1 -1 5.116632e+01 1.874553e-03
5 
-1 -1 1 2 3.522681e+01 1.290586e-03
-1 -1 0 2 8.477765e+00 3.105954e-04
0 1 3 4 5.357117e+01 1.962659e-03
2 4 -1 -1 2.629884e+01 9.634966e-04
2 3 -1 -1 1.321432e+01 4.841261e-04
5 
-1 -1 1 2 4.557234e+01 1.669610e-03
-1 -1 0 2 3.626192e+01 1.328509e-03
0 1 3 4 3.408273e+01 1.248671e-03
2 4 -1 -1 4.024576e+01 1.474463e-03
2 3 -1 -1 2.303013e+01 8.437428e-04
5 
-1 -1 1 2 1.609627e+01 5.897107e-04
-1 -1 0 2 2.454113e+01 8.991004e-04
0 1 3 4 3.101278e+01 1.136199e-03
2 4 -1 -1 2.374591e+01 8.699666e-04
2 3 -1 -1 3.612521e+01 1.323500e-03
5 
-1 -1 1 2 2.731471e+01 1.000715e-03
-1 -1 0 2 8.002133e+00 2.931699e-04
0 1 3 4 2.212759e+01 8.106769e-04
2 4 -1 -1 1.769199e+01 6.481721e-04
2 3 -1 -1 1.535279e+01 5.624723e-04
5 
-1 -1 1 2 7.415215e+01 2.716673e-03
-1 -1 0 2 2.382871e+01 8.729998e-04
0 1 3 4 1.780763e+01 6.524088e-04
2 4 -1 -1 5.198699e+01 1.904620e-03
2 3 -1 -1 1.438061e+01 5.268547e-04
5 
-1 -1 1 2 3.053301e+01 1.118622e-03
-1 -1 0 2 2.183657e+01 8.000148e-04
0 1 3 4 2.227084e+01 8.159252e-04
2 4 -1 -1 9.300052e+00 3.407211e-04
2 3 -1 -1 2.848844e+01 1.043716e-03
5 
-1 -1 1 2 2.444527e+01 8.955887e-04
-1 -1 0 2 2.053682e+01 7.523967e-04
0 1 3 4 1.934288e+01 7.086550e-04
2 4 -1 -1 7.758484e+01 2.842435e-03
2 3 -1 -1 3.038917e+01 1.113352e-03
5 
-1 -1 1 2 2.597774e+01 9.517329e-04
-1 -1 0 2 2.057576e+01 7.538233e-04
0 1 3 4 2.689215e+01 9.852334e-04
2 4 -1 -1 1.586534e+01 5.812501e-04
2 3 -1 -1 2.228826e+01 8.165634e-04
5 
-1 -1 1 2 1.750363e+01 6.412715e-04
-1 -1 0 2 8.954626e+00 3.280659e-04
0 1 3 4 2.002760e+01 7.337408e-04
2 4 -1 -1 3.196886e+01 1.171226e-03
2 3 -1 -1 6.844615e+00 2.507626e-04
5 
-1 -1 1 2 2.097553e+01 7.684696e-04
-1 -1 0 2 1.191024e+01 4.363491e-04
0 1 3 4 2.886345e+01 1.057455e-03
2 4 -1 -1 9.398532e+01 3.443291e-03
2 3 -1 -1 2.057277e+01 7.537139e-04
5 
-1 -1 1 2 1.592295e+01 5.833609e-04
-1 -1 0 2 2.312662e+01 8.472780e-04
0 1 3 4 2.263144e+01 8.291362e-04
2 4 -1 -1 2.908194e+01 1.065460e-03
2 3 -1 -1 2.431049e+01 8.906507e-04
5 
-1 -1 1 2 2.791050e+01 1.022542e-03
-1 -1 0 2 1.767588e+01 6.475818e-04
0 1 3 4 3.380104e+01 1.238351e-03
2 4 -1 -1 1.138505e+01 4.171081e-04
2 3 -1 -1 1.940832e+01 7.110525e-04
5 
-1 -1 1 2 2.040381e+01 7.475238e-04
-1 -1 0 2 1.841315e+01 6.745929e-04
0 1 3 4 1.689096e+01 6.188251e-04
2 4 -1 -1 2.425686e+01 8.886860e-04
2 3 -1 -1 1.776399e+01 6.508098e-04
5 
-1 -1 1 2 1.227341e+01 4.496546e-04
-1 -1 0 2 2.232162e+01 8.177854e-04
0 1 3 4 2.487216e+01 9.112283e-04
2 4 -1 -1 4.388915e+01 1.607944e-03
2 3 -1 -1 1.354370e+01 4.961936e-04
5 
-1 -1 1 2 4.976389e+01 1.823174e-03
-1 -1 0 2 2.573364e+01 9.427899e-04
0 1 3 4 4.618857e+01 1.692186e-03
2 4 -1 -1 1.898950e+01 6.957083e-04
2 3 -1 -1 2.015038e+01 7.382390e-04
5 
-1 -1 1 2 4.745441e+01 1.738562e-03
-1 -1 0 2 5.867729e+01 2.149729e-03
0 1 3 4 1.305815e+01 4.784045e-04
2 4 -1 -1 1.340403e+01 4.910763e-04
2 3 -1 -1 2.446519e+01 8.963184e-04
5 
-1 -1 1 2 1.076708e+01 3.944677e-04
-1 -1 0 2 1.363213e+01 4.994333e-04
0 1 3 4 1.758413e+01 6.442206e-04
2 4 -1 -1 2.362134e+01 8.654028e-04
2 3 -1 -1 1.617866e+01 5.927290e-04
5 
-1 -1 1 2 5.342165e+01 1.957181e-03
-1 -1 0 2 1.532778e+01 5.615559e-04
0 1 3 4 3.396766e+01 1.244455e-03
2 4 -1 -1 8.660014e+00 3.172724e-04
2 3 -1 -1 2.091416e+01 7.662210e-04
5 
-1 -1 1 2 3.056149e+01 1.119665e-03
-1 -1 0 2 2.561781e+01 9.385462e-04
0 1 3 4 2.558387e+01 9.373027e-04
2 4 -1 -1 7.776851e+00 2.849164e-04
2 3 -1 -1 1.646037e+01 6.030498e-04
5 
-1 -1 1 2 4.348000e+00 1.592954e-04
-1 -1 0 2 1.267145e+01 4.642373e-04
0 1 3 4 1.874355e+01 6.866978e-04
2 4 -1 -1 1.566463e+01 5.738968e-04
2 3 -1 -1 2.167422e+01 7.940672e-04
5 
-1 -1 1 2 2.454486e+01 8.992372e-04
-1 -1 0 2 3.677422e+01 1.347278e-03
0 1 3 4 2.172505e+01 7.959293e-04
2 4 -1 -1 1.062093e+01 3.891135e-04
2 3 -1 -1 2.883834e+01 1.056535e-03
5 
-1 -1 1 2 4.753457e+01 1.741499e-03
-1 -1 0 2 2.069968e+01 7.583632e-04
0 1 3 4 2.951062e+01 1.081165e-03
2 4 -1 -1 1.634500e+01 5.988232e-04
2 3 -1 -1 3.306926e+01 1.211541e-03
5 
-1 -1 1 2 2.766859e+01 1.013680e-03
-1 -1 0 2 2.127896e+01 7.795863e-04
0 1 3 4 2.800652e+01 1.026060e-03
2 4 -1 -1 6.442085e+01 2.360153e-03
2 3 -1 -1 4.219006e+01 1.545695e-03
5 
-1 -1 1 2 5.201675e+01 1.905710e-03
-1 -1 0 2 1.274941e+01 4.670936e-04
0 1 3 4 2.426287e+01 8.889060e-04
2 4 -1 -1 3.710642e+01 1.359449e-03
2 3 -1 -1 1.576544e+01 5.775901e-04
5 
-1 -1 1 2 4.627454e+01 1.695336e-03
-1 -1 0 2 1.734313e+01 6.353911e-04
0 1 3 4 3.492395e+01 1.279490e-03
2 4 -1 -1 2.546623e+01 9.329929e-04
2 3 -1 -1 1.812698e+01 6.641087e-04
5 
-1 -1 1 2 9.629487e+00 3.527905e-04
-1 -1 0 2 2.715063e+01 9.947035e-04
0 1 3 4 3.163087e+01 1.158844e-03
2 4 -1 -1 6.877707e+00 2.519750e-04
2 3 -1 -1 1.221292e+01 4.474383e-04
5 
-1 -1 1 2 2.367344e+01 8.673113e-04
-1 -1 0 2 1.364298e+01 4.998306e-04
0 1 3 4 1.760082e+01 6.448321e-04
2 4 -1 -1 2.581437e+01 9.457473e-04
2 3 -1 -1 4.217394e+01 1.545104e-03
5 
-1 -1 1 2 2.076700e+01 7.608296e-04
-1 -1 0 2 8.310221e+00 3.044572e-04
0 1 3 4 2.276346e+01 8.339729e-04
2 4 -1 -1 1.174292e+01 4.302193e-04
2 3 -1 -1 5.785091e+01 2.119453e-03
5 
-1 -1 1 2 8.731738e+00 3.199001e-04
-1 -1 0 2 3.016425e+01 1.105112e-03
0 1 3 4 1.912927e+01 7.008291e-04
2 4 -1 -1 2.351479e+01 8.614989e-04
2 3 -1 -1 5.405921e+01 1.980539e-03
5 
-1 -1 1 2 1.054018e+01 3.861552e-04
-1 -1 0 2 1.576971e+01 5.777465e-04
0 1 3 4 3.923294e+01 1.437357e-03
2 4 -1 -1 3.806526e+01 1.394577e-03
2 3 -1 -1 2.375107e+01 8.701556e-04
5 
-1 -1 1 2 9.935895e+00 3.640162e-04
-1 -1 0 2 4.074862e+01 1.492886e-03
0 1 3 4 2.336776e+01 8.561125e-04
2 4 -1 -1 3.162531e+01 1.158640e-03
2 3 -1 -1 5.444720e+01 1.994754e-03
5 
-1 -1 1 2 5.290318e+00 1.938186e-04
-1 -1 0 2 2.959285e+01 1.084178e-03
0 1 3 4 6.311108e+01 2.312168e-03
2 4 -1 -1 1.022103e+01 3.744624e-04
2 3 -1 -1 1.541520e+01 5.647588e-04
5 
-1 -1 1 2 2.128195e+01 7.796956e-04
-1 -1 0 2 3.030083e+01 1.110116e-03
0 1 3 4 2.975701e+01 1.090192e-03
2 4 -1 -1 3.928914e+01 1.439415e-03
2 3 -1 -1 1.215859e+01 4.454480e-04
5 
-1 -1 1 2 1.702430e+01 6.237104e-04
-1 -1 0 2 2.827498e+01 1.035895e-03
0 1 3 4 2.842960e+01 1.041560e-03
2 4 -1 -1 3.949962e+01 1.447127e-03
2 3 -1 -1 3.777199e+01 1.383833e-03
5 
-1 -1 1 2 1.664010e+01 6.096346e-04
-1 -1 0 2 2.645196e+01 9.691065e-04
0 1 3 4 2.183276e+01 7.998755e-04
2 4 -1 -1 1.214990e+01 4.451295e-04
2 3 -1 -1 2.206563e+01 8.084068e-04
5 
-1 -1 1 2 4.903362e+01 1.796419e-03
-1 -1 0 2 1.863321e+01 6.826553e-04
0 1 3 4 1.634999e+01 5.990059e-04
2 4 -1 -1 2.364114e+01 8.661280e-04
2 3 -1 -1 7.749757e+00 2.839238e-04
5 
-1 -1 1 2 1.779143e+01 6.518151e-04
-1 -1 0 2 2.443917e+01 8.953649e-04
0 1 3 4 4.463215e+01 1.635164e-03
2 4 -1 -1 2.402750e+01 8.802831e-04
2 3 -1 -1 4.226503e+01 1.548442e-03
5 
-1 -1 1 2 7.665710e+00 2.808446e-04
-1 -1 0 2 1.295049e+01 4.744605e-04
0 1 3 4 2.426793e+01 8.890915e-04
2 4 -1 -1 9.417563e+01 3.450263e-03
2 3 -1 -1 2.226645e+01 8.157643e-04
5 
-1 -1 1 2 9.489877e+00 3.476756e-04
-1 -1 0 2 3.051563e+01 1.117985e-03
0 1 3 4 5.039787e+01 1.846400e-03
2 4 -1 -1 5.379921e+01 1.971013e-03
2 3 -1 -1 1.688493e+01 6.186044e-04
5 
-1 -1 1 2 1.370646e+01 5.021564e-04
-1 -1 0 2 7.485740e+01 2.742511e-03
0 1 3 4 8.362191e+01 3.063612e-03
2 4 -1 -1 2.474702e+01 9.066435e-04
2 3 -1 -1 3.496183e+00 1.280878e-04
5 
-1 -1 1 2 4.680558e+01 1.714791e-03
-1 -1 0 2 5.952683e+01 2.180853e-03
0 1 3 4 2.547999e+01 9.334971e-04
2 4 -1 -1 4.779781e+01 1.751143e-03
2 3 -1 -1 3.995843e+01 1.463936e-03
5 
-1 -1 1 2 2.412761e+01 8.839505e-04
-1 -1 0 2 1.481038e+01 5.426002e-04
0 1 3 4 3.186033e+01 1.167250e-03
2 4 -1 -1 5.725213e+01 2.097516e-03
2 3 -1 -1 3.767130e+01 1.380143e-03
5 
-1 -1 1 2 8.188515e+00 2.999983e-04
-1 -1 0 2 1.868547e+01 6.845698e-04
0 1 3 4 1.561661e+01 5.721374e-04
2 4 -1 -1 8.147683e+00 2.985024e-04
2 3 -1 -1 2.064956e+01 7.565269e-04
5 
-1 -1 1 2 1.992432e+01 7.299570e-04
-1 -1 0 2 1.212964e+01 4.443874e-04
0 1 3 4 2.748935e+01 1.007113e-03
2 4 -1 -1 1.995520e+01 7.310881e-04
2 3 -1 -1 2.621356e+01 9.603725e-04
5 
-1 -1 1 2 2.728766e+01 9.997235e-04
-1 -1 0 2 3.222840e+01 1.180735e-03
0 1 3 4 1.492175e+01 5.466803e-04
2 4 -1 -1 1.843824e+01 6.755120e-04
2 3 -1 -1 2.006124e+01 7.349729e-04
5 
-1 -1 1 2 1.750691e+01 6.413916e-04
-1 -1 0 2 1.020144e+01 3.737449e-04
0 1 3 4 3.186456e+01 1.167405e-03
2 4 -1 -1 1.258561e+01 4.610925e-04
2 3 -1 -1 6.663108e+01 2.441128e-03
5 
-1 -1 1 2 1.475472e+01 5.405611e-04
-1 -1 0 2 1.497359e+01 5.485794e-04
0 1 3 4 3.231236e+01 1.183811e-03
2 4 -1 -1 1.248508e+01 4.574094e-04
2 3 -1 -1 8.687622e+00 3.182838e-04
5 
-1 -1 1 2 7.189926e+00 2.634135e-04
-1 -1 0 2 2.367195e+01 8.672569e-04
0 1 3 4 2.773064e+01 1.015953e-03
2 4 -1 -1 1.908608e+01 6.992465e-04
2 3 -1 -1 2.737173e+01 1.002804e-03
5 
-1 -1 1 2 1.152765e+01 4.223324e-04
-1 -1 0 2 3.336421e+01 1.222347e-03
0 1 3 4 2.054550e+01 7.527146e-04
2 4 -1 -1 2.048682e+01 7.505650e-04
2 3 -1 -1 6.837257e+01 2.504930e-03
5 
-1 -1 1 2 1.440346e+01 5.276918e-04
-1 -1 0 2 1.319895e+01 4.835632e-04
0 1 3 4 2.665586e+01 9.765769e-04
2 4 -1 -1 8.573849e+00 3.141156e-04
2 3 -1 -1 3.087589e+01 1.131184e-03
5 
-1 -1 1 2 6.056343e+00 2.218831e-04
-1 -1 0 2 9.756112e+00 3.574296e-04
0 1 3 4 4.031506e+01 1.477002e-03
2 4 -1 -1 1.460926e+01 5.352319e-04
2 3 -1 -1 1.619422e+01 5.932992e-04
5 
-1 -1 1 2 9.683347e+00 3.547637e-04
-1 -1 0 2 8.443094e+00 3.093252e-04
0 1 3 4 2.883152e+01 1.056285e-03
2 4 -1 -1 2.840121e+01 1.040520e-03
2 3 -1 -1 3.015721e+01 1.104854e-03
5 
-1 -1 1 2 1.273205e+01 4.664573e-04
-1 -1 0 2 3.634605e+01 1.331591e-03
0 1 3 4 2.204562e+01 8.076738e-04
2 4 -1 -1 2.211485e+01 8.102100e-04
2 3 -1 -1 2.337727e+01 8.564609e-04
5 
-1 -1 1 2 1.381874e+01 5.062698e-04
-1 -1 0 2 2.031604e+01 7.443080e-04
0 1 3 4 4.235971e+01 1.551910e-03
2 4 -1 -1 1.733686e+01 6.351615e-04
2 3 -1 -1 2.364681e+01 8.663357e-04
5 
-1 -1 1 2 9.863590e+00 3.613672e-04
-1 -1 0 2 2.769436e+01 1.014624e-03
0 1 3 4 2.315737e+01 8.484042e-04
2 4 -1 -1 1.887668e+01 6.915749e-04
2 3 -1 -1 2.007986e+01 7.356552e-04
5 
-1 -1 1 2 1.392649e+01 5.102174e-04
-1 -1 0 2 2.878996e+01 1.054763e-03
0 1 3 4 5.985924e+01 2.193032e-03
2 4 -1 -1 2.399198e+01 8.789815e-04
2 3 -1 -1 2.271874e+01 8.323345e-04
5 
-1 -1 1 2 1.373668e+01 5.032637e-04
-1 -1 0 2 6.462833e+00 2.367754e-04
0 1 3 4 6.462578e+01 2.367661e-03
2 4 -1 -1 2.133472e+01 7.816288e-04
2 3 -1 -1 1.413018e+01 5.176801e-04
5 
-1 -1 1 2 1.852516e+01 6.786965e-04
-1 -1 0 2 8.896687e+00 3.259432e-04
0 1 3 4 2.052308e+01 7.518932e-04
2 4 -1 -1 9.796586e+00 3.589124e-04
2 3 -1 -1 3.812643e+01 1.396818e-03
5 
-1 -1 1 2 3.522318e+01 1.290453e-03
-1 -1 0 2 1.015055e+01 3.718803e-04
0 1 3 4 2.587119e+01 9.478292e-04
2 4 -1 -1 4.530922e+01 1.659970e-03
2 3 -1 -1 1.845011e+01 6.759468e-04
5 
-1 -1 1 2 4.209803e+01 1.542324e-03
-1 -1 0 2 1.918353e+01 7.028170e-04
0 1 3 4 2.035191e+01 7.456223e-04
2 4 -1 -1 6.660908e+00 2.440322e-04
2 3 -1 -1 1.451586e+01 5.318099e-04
5 
-1 -1 1 2 8.743016e+00 3.203133e-04
-1 -1 0 2 7.371947e+01 2.700822e-03
0 1 3 4 3.438901e+01 1.259892e-03
2 4 -1 -1 4.737936e+01 1.735813e-03
2 3 -1 -1 2.522388e+01 9.241141e-04
5 
-1 -1 1 2 9.823220e+00 3.598881e-04
-1 -1 0 2 6.534300e+01 2.393937e-03
0 1 3 4 4.916044e+01 1.801065e-03
2 4 -1 -1 2.994823e+01 1.097198e-03
2 3 -1 -1 7.645689e+01 2.801111e-03
5 
-1 -1 1 2 2.936223e+01 1.075729e-03
-1 -1 0 2 6.112639e+00 2.239455e-04
0 1 3 4 8.986382e+00 3.292293e-04
2 4 -1 -1 2.842532e+01 1.041403e-03
2 3 -1 -1 7.264794e+01 2.661564e-03
5 
-1 -1 1 2 1.115748e+01 4.087707e-04
-1 -1 0 2 1.624807e+01 5.952722e-04
0 1 3 4 2.204431e+01 8.076259e-04
2 4 -1 -1 3.241035e+01 1.187401e-03
2 3 -1 -1 2.998966e+01 1.098715e-03
5 
-1 -1 1 2 2.790000e+01 1.022158e-03
-1 -1 0 2 2.108121e+01 7.723411e-04
0 1 3 4 2.471241e+01 9.053756e-04
2 4 -1 -1 1.840578e+01 6.743228e-04
2 3 -1 -1 2.951232e+01 1.081227e-03
5 
-1 -1 1 2 1.481467e+01 5.427571e-04
-1 -1 0 2 4.471232e+01 1.638102e-03
0 1 3 4 1.733057e+01 6.349309e-04
2 4 -1 -1 2.002488e+01 7.336410e-04
2 3 -1 -1 1.390004e+01 5.092485e-04
5 
-1 -1 1 2 5.272596e+01 1.931693e-03
-1 -1 0 2 1.946498e+01 7.131283e-04
0 1 3 4 3.145510e+01 1.152404e-03
2 4 -1 -1 4.490477e+01 1.645152e-03
2 3 -1 -1 4.241189e+01 1.553822e-03
5 
-1 -1 1 2 2.649825e+01 9.708024e-04
-1 -1 0 2 2.610071e+01 9.562379e-04
0 1 3 4 2.914000e+01 1.067587e-03
2 4 -1 -1 6.683453e+01 2.448582e-03
2 3 -1 -1 2.689846e+01 9.854648e-04
5 
-1 -1 1 2 2.912395e+01 1.066999e-03
-1 -1 0 2 2.313614e+01 8.476268e-04
0 1 3 4 3.621287e+01 1.326712e-03
2 4 -1 -1 3.105597e+01 1.137781e-03
2 3 -1 -1 6.560145e+00 2.403406e-04
5 
-1 -1 1 2 3.430947e+01 1.256978e-03
-1 -1 0 2 3.985407e+00 1.460113e-04
0 1 3 4 6.494362e+01 2.379305e-03
2 4 -1 -1 3.066101e+01 1.123311e-03
2 3 -1 -1 6.019669e+00 2.205395e-04
5 
-1 -1 1 2 2.200715e+01 8.062645e-04
-1 -1 0 2 7.343491e+01 2.690396e-03
0 1 3 4 2.281326e+01 8.357975e-04
2 4 -1 -1 1.228989e+01 4.502583e-04
2 3 -1 -1 3.053726e+01 1.118778e-03
5 
-1 -1 1 2 1.515372e+01 5.551791e-04
-1 -1 0 2 7.507560e+01 2.750505e-03
0 1 3 4 2.321072e+01 8.503589e-04
2 4 -1 -1 1.604405e+01 5.877974e-04
2 3 -1 -1 9.382596e+00 3.437452e-04
5 
-1 -1 1 2 5.177796e+01 1.896962e-03
-1 -1 0 2 1.371646e+01 5.025226e-04
0 1 3 4 2.992977e+01 1.096521e-03
2 4 -1 -1 5.097728e+00 1.867628e-04
2 3 -1 -1 2.791627e+01 1.022754e-03
5 
-1 -1 1 2 1.600557e+01 5.863876e-04
-1 -1 0 2 2.800826e+01 1.026124e-03
0 1 3 4 4.164751e+01 1.525818e-03
2 4 -1 -1 2.271086e+01 8.320459e-04
2 3 -1 -1 5.382485e+01 1.971953e-03
5 
-1 -1 1 2 5.967320e+01 2.186216e-03
-1 -1 0 2 5.764099e+01 2.111763e-03
0 1 3 4 2.358907e+01 8.642205e-04
2 4 -1 -1 1.305853e+01 4.784185e-04
2 3 -1 -1 1.354587e+01 4.962728e-04
5 
-1 -1 1 2 2.503034e+01 9.170233e-04
-1 -1 0 2 2.490869e+01 9.125664e-04
0 1 3 4 3.536822e+01 1.295767e-03
2 4 -1 -1 1.579809e+01 5.787863e-04
2 3 -1 -1 1.907533e+01 6.988527e-04
5 
-1 -1 1 2 1.517458e+01 5.559431e-04
-1 -1 0 2 2.745364e+01 1.005805e-03
0 1 3 4 1.915507e+01 7.017743e-04
2 4 -1 -1 3.082993e+01 1.129500e-03
2 3 -1 -1 6.199953e+00 2.271444e-04
5 
-1 -1 1 2 3.261263e+01 1.194812e-03
-1 -1 0 2 2.232044e+01 8.177424e-04
0 1 3 4 3.737054e+01 1.369125e-03
2 4 -1 -1 9.326012e+00 3.416722e-04
2 3 -1 -1 3.251137e+01 1.191102e-03
5 
-1 -1 1 2 1.262613e+01 4.625770e-04
-1 -1 0 2 1.463201e+01 5.360653e-04
0 1 3 4 5.048985e+01 1.849770e-03
2 4 -1 -1 3.426884e+01 1.255490e-03
2 3 -1 -1 1.813301e+01 6.643295e-04
5 
-1 -1 1 2 3.357657e+01 1.230127e-03
-1 -1 0 2 1.884740e+01 6.905025e-04
0 1 3 4 1.671594e+01 6.124132e-04
2 4 -1 -1 1.414535e+01 5.182359e-04
2 3 -1 -1 5.912672e+00 2.166195e-04
5 
-1 -1 1 2 4.773990e+00 1.749022e-04
-1 -1 0 2 2.183464e+01 7.999444e-04
0 1 3 4 2.052591e+01 7.519971e-04
2 4 -1 -1 5.021181e+01 1.839584e-03
2 3 -1 -1 1.259804e+01 4.615477e-04
5 
-1 -1 1 2 1.330972e+01 4.876211e-04
-1 -1 0 2 1.475230e+01 5.404722e-04
0 1 3 4 6.018342e+01 2.204908e-03
2 4 -1 -1 4.259915e+01 1.560683e-03
2 3 -1 -1 3.821168e+01 1.399941e-03
5 
-1 -1 1 2 2.877221e+01 1.054113e-03
-1 -1 0 2 9.687590e+00 3.549191e-04
0 1 3 4 1.075815e+01 3.941408e-04
2 4 -1 -1 1.099693e+01 4.028887e-04
2 3 -1 -1 1.726750e+01 6.326202e-04
5 
-1 -1 1 2 8.244762e+01 3.020590e-03
-1 -1 0 2 2.796767e+01 1.024637e-03
0 1 3 4 3.366833e+01 1.233489e-03
2 4 -1 -1 3.276996e+01 1.200576e-03
2 3 -1 -1 8.062672e+00 2.953879e-04
5 
-1 -1 1 2 3.810074e+01 1.395877e-03
-1 -1 0 2 9.733561e+00 3.566034e-04
0 1 3 4 3.034420e+01 1.111705e-03
2 4 -1 -1 1.942137e+01 7.115305e-04
2 3 -1 -1 1.367290e+01 5.009268e-04
5 
-1 -1 1 2 5.259835e+00 1.927018e-04
-1 -1 0 2 7.878568e+00 2.886429e-04
0 1 3 4 2.386127e+01 8.741930e-04
2 4 -1 -1 4.603514e+01 1.686565e-03
2 3 -1 -1 1.217465e+01 4.460364e-04
5 
-1 -1 1 2 1.211463e+01 4.438372e-04
-1 -1 0 2 1.728496e+01 6.332601e-04
0 1 3 4 4.430099e+01 1.623032e-03
2 4 -1 -1 1.718534e+01 6.296102e-04
2 3 -1 -1 4.466485e+01 1.636363e-03
5 
-1 -1 1 2 3.988390e+01 1.461205e-03
-1 -1 0 2 2.206730e+01 8.084679e-04
0 1 3 4 2.532947e+01 9.279823e-04
2 4 -1 -1 1.581112e+01 5.792635e-04
2 3 -1 -1 1.947022e+01 7.133204e-04
5 
-1 -1 1 2 1.524737e+01 5.586099e-04
-1 -1 0 2 1.350121e+01 4.946367e-04
0 1 3 4 2.604823e+01 9.543152e-04
2 4 -1 -1 1.418774e+01 5.197888e-04
2 3 -1 -1 7.709573e+01 2.824516e-03
5 
-1 -1 1 2 9.738890e+00 3.567986e-04
-1 -1 0 2 1.325701e+01 4.856903e-04
0 1 3 4 6.533778e+01 2.393746e-03
2 4 -1 -1 4.252919e+00 1.558120e-04
2 3 -1 -1 2.557361e+01 9.369269e-04
5 
-1 -1 1 2 3.200222e+01 1.172449e-03
-1 -1 0 2 2.440486e+01 8.941079e-04
0 1 3 4 7.094000e+01 2.598991e-03
2 4 -1 -1 2.168808e+01 7.945748e-04
2 3 -1 -1 1.733556e+01 6.351139e-04
5 
-1 -1 1 2 6.643985e+00 2.434122e-04
-1 -1 0 2 2.066571e+01 7.571188e-04
0 1 3 4 4.818233e+01 1.765231e-03
2 4 -1 -1 3.206221e+01 1.174646e-03
2 3 -1 -1 1.141635e+01 4.182550e-04
5 
-1 -1 1 2 3.134541e+01 1.148385e-03
-1 -1 0 2 2.946811e+01 1.079608e-03
0 1 3 4 1.461081e+01 5.352887e-04
2 4 -1 -1 5.255487e+01 1.925425e-03
2 3 -1 -1 1.355521e+01 4.966151e-04
5 
-1 -1 1 2 1.671448e+01 6.123597e-04
-1 -1 0 2 1.368763e+01 5.014664e-04
0 1 3 4 3.448679e+01 1.263474e-03
2 4 -1 -1 2.116379e+01 7.753667e-04
2 3 -1 -1 2.798466e+01 1.025259e-03
5 
-1 -1 1 2 4.006984e+01 1.468018e-03
-1 -1 0 2 1.359553e+01 4.980924e-04
0 1 3 4 2.041971e+01 7.481061e-04
2 4 -1 -1 1.636839e+01 5.996801e-04
2 3 -1 -1 3.083557e+01 1.129706e-03
5 
-1 -1 1 2 5.221130e+00 1.912838e-04
-1 -1 0 2 2.312401e+01 8.471823e-04
0 1 3 4 1.962067e+01 7.188323e-04
2 4 -1 -1 1.374183e+01 5.034523e-04
2 3 -1 -1 1.237469e+01 4.533651e-04
5 
-1 -1 1 2 3.047735e+01 1.116583e-03
-1 -1 0 2 2.456246e+01 8.998818e-04
0 1 3 4 1.904823e+01 6.978601e-04
2 4 -1 -1 2.139661e+01 7.838965e-04
2 3 -1 -1 5.934863e+01 2.174325e-03
5 
-1 -1 1 2 2.455708e+01 8.996848e-04
-1 -1 0 2 1.872257e+01 6.859291e-04
0 1 3 4 3.058257e+01 1.120437e-03
2 4 -1 -1 3.222113e+01 1.180468e-03
2 3 -1 -1 1.614778e+01 5.915976e-04
5 
-1 -1 1 2 4.591713e+01 1.682242e-03
-1 -1 0 2 3.014475e+01 1.104397e-03
0 1 3 4 4.336089e+01 1.588590e-03
2 4 -1 -1 2.857682e+01 1.046954e-03
2 3 -1 -1 1.365144e+01 5.001406e-04
5 
-1 -1 1 2 1.359127e+01 4.979363e-04
-1 -1 0 2 1.514904e+01 5.550075e-04
0 1 3 4 2.277413e+01 8.343638e-04
2 4 -1 -1 1.876100e+01 6.873368e-04
2 3 -1 -1 7.251925e+00 2.656850e-04
5 
-1 -1 1 2 3.209668e+01 1.175909e-03
-1 -1 0 2 1.387201e+01 5.082216e-04
0 1 3 4 3.868194e+01 1.417170e-03
2 4 -1 -1 4.587793e+01 1.680806e-03
2 3 -1 -1 6.593896e+01 2.415771e-03
5 
-1 -1 1 2 3.565705e+00 1.306349e-04
-1 -1 0 2 1.418584e+01 5.197192e-04
0 1 3 4 2.739966e+01 1.003827e-03
2 4 -1 -1 3.644461e+01 1.335202e-03
2 3 -1 -1 4.183461e+01 1.532672e-03
5 
-1 -1 1 2 1.092697e+01 4.003257e-04
-1 -1 0 2 2.259073e+01 8.276446e-04
0 1 3 4 3.156777e+01 1.156532e-03
2 4 -1 -1 1.561610e+01 5.721187e-04
2 3 -1 -1 7.383489e+00 2.705050e-04
5 
-1 -1 1 2 7.397959e+01 2.710351e-03
-1 -1 0 2 2.520319e+01 9.233560e-04
0 1 3 4 4.130282e+01 1.513190e-03
2 4 -1 -1 3.798237e+01 1.391540e-03
2 3 -1 -1 1.205697e+01 4.417251e-04
5 
-1 -1 1 2 3.548607e+01 1.300085e-03
-1 -1 0 2 4.670905e+01 1.711255e-03
0 1 3 4 1.984453e+01 7.270335e-04
2 4 -1 -1 1.730309e+01 6.339241e-04
2 3 -1 -1 7.637784e+00 2.798215e-04
5 
-1 -1 1 2 1.468200e+01 5.378967e-04
-1 -1 0 2 2.856251e+01 1.046430e-03
0 1 3 4 3.526557e+01 1.292006e-03
2 4 -1 -1 1.236789e+01 4.531161e-04
2 3 -1 -1 4.804884e+01 1.760340e-03
5 
-1 -1 1 2 1.695824e+01 6.212903e-04
-1 -1 0 2 3.033853e+01 1.111497e-03
0 1 3 4 2.104081e+01 7.708612e-04
2 4 -1 -1 6.028445e+00 2.208610e-04
2 3 -1 -1 3.193804e+01 1.170097e-03
5 
-1 -1 1 2 2.770654e+01 1.015070e-03
-1 -1 0 2 1.973792e+01 7.231277e-04
0 1 3 4 2.966258e+01 1.086732e-03
2 4 -1 -1 6.234193e+00 2.283989e-04
2 3 -1 -1 4.856562e+01 1.779273e-03
