H 
4.000000e+01 
200 
5 
-1 -1 1 2 4.632208e+00 5.669859e-04
-1 -1 0 2 2.500000e-05 3.060019e-09
0 1 3 4 2.500000e-05 3.060019e-09
2 4 -1 -1 8.951763e+00 1.095703e-03
2 3 -1 -1 1.876910e+01 2.297353e-03
5 
-1 -1 1 2 9.342711e+00 1.143555e-03
-1 -1 0 2 4.389901e+00 5.373273e-04
0 1 3 4 2.500000e-05 3.060019e-09
2 4 -1 -1 5.977578e+00 7.316601e-04
2 3 -1 -1 8.545819e+00 1.046015e-03
5 
-1 -1 1 2 2.500000e-05 3.060019e-09
-1 -1 0 2 1.425615e+00 1.744964e-04
0 1 3 4 1.141323e+01 1.396988e-03
2 4 -1 -1 1.287031e+01 1.575336e-03
2 3 -1 -1 2.500000e-05 3.060019e-09
5 
-1 -1 1 2 7.322753e+00 8.963106e-04
-1 -1 0 2 1.223740e+00 1.497868e-04
0 1 3 4 1.956241e+01 2.394454e-03
2 4 -1 -1 5.552085e+00 6.795795e-04
2 3 -1 -1 7.531350e-01 9.218430e-05
5 
-1 -1 1 2 2.492255e+01 3.050539e-03
-1 -1 0 2 8.767782e+00 1.073183e-03
0 1 3 4 1.173327e+01 1.436162e-03
2 4 -1 -1 5.030403e+00 6.157252e-04
2 3 -1 -1 1.743844e+01 2.134479e-03
5 
-1 -1 1 2 1.353288e+01 1.656435e-03
-1 -1 0 2 1.762189e+00 2.156933e-04
0 1 3 4 1.606824e+01 1.966765e-03
2 4 -1 -1 4.729519e-01 5.788967e-05
2 3 -1 -1 1.109729e+00 1.358317e-04
5 
-1 -1 1 2 1.377289e+01 1.685813e-03
-1 -1 0 2 4.109078e+00 5.029543e-04
0 1 3 4 9.263005e+00 1.133799e-03
2 4 -1 -1 2.240538e+00 2.742436e-04
2 3 -1 -1 1.085803e+01 1.329031e-03
5 
-1 -1 1 2 7.142626e-01 8.742629e-05
-1 -1 0 2 5.048359e+00 6.179230e-04
0 1 3 4 1.037249e+01 1.269601e-03
2 4 -1 -1 2.500000e-05 3.060019e-09
2 3 -1 -1 1.195117e+01 1.462832e-03
5 
-1 -1 1 2 6.991738e+00 8.557941e-04
-1 -1 0 2 1.459652e+01 1.786625e-03
0 1 3 4 1.413194e+01 1.729760e-03
2 4 -1 -1 1.703379e+01 2.084949e-03
2 3 -1 -1 5.136311e+00 6.286884e-04
5 
-1 -1 1 2 2.500000e-05 3.060019e-09
-1 -1 0 2 5.796068e+00 7.094432e-04
0 1 3 4 3.963291e+00 4.851099e-04
2 4 -1 -1 7.617462e+00 9.323832e-04
2 3 -1 -1 5.087488e+00 6.227125e-04
5 
-1 -1 1 2 1.794498e+01 2.196479e-03
-1 -1 0 2 3.038748e-01 3.719451e-05
0 1 3 4 2.500000e-05 3.060019e-09
2 4 -1 -1 2.500000e-05 3.060019e-09
2 3 -1 -1 2.500000e-05 3.060019e-09
5 
-1 -1 1 2 8.050497e+00 9.853870e-04
-1 -1 0 2 1.146102e+01 1.402837e-03
0 1 3 4 2.500000e-05 3.060019e-09
2 4 -1 -1 7.347212e+00 8.993044e-04
2 3 -1 -1 1.196888e+01 1.465001e-03
5 
-1 -1 1 2 7.836328e+00 9.591726e-04
-1 -1 0 2 4.548808e+00 5.567775e-04
0 1 3 4 1.248069e+01 1.527646e-03
2 4 -1 -1 2.500000e-05 3.060019e-09
2 3 -1 -1 1.926685e+00 2.358277e-04
5 
-1 -1 1 2 8.394191e+00 1.027455e-03
-1 -1 0 2 1.887006e+01 2.309709e-03
0 1 3 4 1.450905e+01 1.775918e-03
2 4 -1 -1 2.500000e-05 3.060019e-09
2 3 -1 -1 1.392206e+01 1.704071e-03
5 
-1 -1 1 2 1.481198e+01 1.812998e-03
-1 -1 0 2 2.297614e+01 2.812297e-03
0 1 3 4 2.500000e-05 3.060019e-09
2 4 -1 -1 4.876004e+00 5.968267e-04
2 3 -1 -1 1.280565e+01 1.567421e-03
5 
-1 -1 1 2 3.627056e+00 4.439545e-04
-1 -1 0 2 1.205951e+01 1.476094e-03
0 1 3 4 1.656939e+01 2.028106e-03
2 4 -1 -1 2.500000e-05 3.060019e-09
2 3 -1 -1 2.058251e+01 2.519315e-03
5 
-1 -1 1 2 2.500000e-05 3.060019e-09
-1 -1 0 2 2.414370e+01 2.955208e-03
0 1 3 4 7.262788e+00 8.889709e-04
2 4 -1 -1 2.500000e-05 3.060019e-09
2 3 -1 -1 1.604875e+01 1.964380e-03
5 
-1 -1 1 2 2.500000e-05 3.060019e-09
-1 -1 0 2 1.051594e+01 1.287159e-03
0 1 3 4 2.500000e-05 3.060019e-09
2 4 -1 -1 9.018057e+00 1.103817e-03
2 3 -1 -1 9.636939e+00 1.179569e-03
5 
-1 -1 1 2 1.902932e+01 2.329203e-03
-1 -1 0 2 1.515426e+01 1.854893e-03
0 1 3 4 1.445702e+01 1.769551e-03
2 4 -1 -1 6.143588e+00 7.519799e-04
2 3 -1 -1 2.500000e-05 3.060019e-09
5 
-1 -1 1 2 1.319453e+01 1.615021e-03
-1 -1 0 2 7.765107e+00 9.504551e-04
0 1 3 4 7.122839e+00 8.718410e-04
2 4 -1 -1 2.500000e-05 3.060019e-09
2 3 -1 -1 1.040945e+01 1.274124e-03
5 
-1 -1 1 2 9.369973e+00 1.146892e-03
-1 -1 0 2 1.153193e+01 1.411517e-03
0 1 3 4 4.828054e+00 5.909576e-04
2 4 -1 -1 1.667914e+01 2.041540e-03
2 3 -1 -1 7.480451e+00 9.156130e-04
5 
-1 -1 1 2 2.500000e-05 3.060019e-09
-1 -1 0 2 2.500000e-05 3.060019e-09
0 1 3 4 1.573606e+01 1.926106e-03
2 4 -1 -1 2.500000e-05 3.060019e-09
2 3 -1 -1 1.090938e+01 1.335316e-03
5 
-1 -1 1 2 2.500000e-05 3.060019e-09
-1 -1 0 2 7.939749e+00 9.718313e-04
0 1 3 4 1.078862e+01 1.320535e-03
2 4 -1 -1 7.910539e+00 9.682560e-04
2 3 -1 -1 1.568263e+01 1.919566e-03
5 
-1 -1 1 2 2.113501e+01 2.586942e-03
-1 -1 0 2 1.651235e+01 2.021125e-03
0 1 3 4 2.361284e+01 2.890230e-03
2 4 -1 -1 1.358435e+01 1.662735e-03
2 3 -1 -1 8.490683e+00 1.039266e-03
5 
-1 -1 1 2 4.767723e+00 5.835730e-04
-1 -1 0 2 1.616005e+01 1.978003e-03
0 1 3 4 1.886242e+01 2.308774e-03
2 4 -1 -1 1.426334e+01 1.745844e-03
2 3 -1 -1 2.500000e-05 3.060019e-09
5 
-1 -1 1 2 1.515250e+01 1.854677e-03
-1 -1 0 2 9.952975e+00 1.218252e-03
0 1 3 4 6.371231e+00 7.798436e-04
2 4 -1 -1 1.045660e+01 1.279896e-03
2 3 -1 -1 2.500000e-05 3.060019e-09
5 
-1 -1 1 2 1.410772e+01 1.726796e-03
-1 -1 0 2 1.243756e+00 1.522367e-04
0 1 3 4 2.500000e-05 3.060019e-09
2 4 -1 -1 1.584800e+01 1.939808e-03
2 3 -1 -1 7.483781e+00 9.160206e-04
5 
-1 -1 1 2 1.044271e+01 1.278196e-03
-1 -1 0 2 2.788792e-01 3.413502e-05
0 1 3 4 1.988812e+01 2.434322e-03
2 4 -1 -1 7.190649e+00 8.801410e-04
2 3 -1 -1 9.283484e+00 1.136306e-03
5 
-1 -1 1 2 2.500000e-05 3.060019e-09
-1 -1 0 2 8.891456e+00 1.088321e-03
0 1 3 4 4.307815e+00 5.272799e-04
2 4 -1 -1 1.385453e+01 1.695805e-03
2 3 -1 -1 6.232599e+00 7.628749e-04
5 
-1 -1 1 2 1.746250e+01 2.137424e-03
-1 -1 0 2 1.013490e+01 1.240519e-03
0 1 3 4 1.658129e+01 2.029563e-03
2 4 -1 -1 2.500000e-05 3.060019e-09
2 3 -1 -1 3.931982e+00 4.812777e-04
5 
-1 -1 1 2 4.157105e+00 5.088329e-04
-1 -1 0 2 2.397082e+01 2.934047e-03
0 1 3 4 6.994367e-02 8.561159e-06
2 4 -1 -1 1.154083e-02 1.412607e-06
2 3 -1 -1 1.736061e+01 2.124952e-03
5 
-1 -1 1 2 1.352346e+01 1.655282e-03
-1 -1 0 2 1.071592e+01 1.311637e-03
0 1 3 4 1.751389e+01 2.143714e-03
2 4 -1 -1 4.671978e-01 5.718537e-05
2 3 -1 -1 2.711523e+01 3.318924e-03
5 
-1 -1 1 2 2.945667e+01 3.605519e-03
-1 -1 0 2 2.500000e-05 3.060019e-09
0 1 3 4 2.500000e-05 3.060019e-09
2 4 -1 -1 4.400631e+00 5.386406e-04
2 3 -1 -1 1.403352e+01 1.717714e-03
5 
-1 -1 1 2 1.875597e+01 2.295745e-03
-1 -1 0 2 2.126410e+01 2.602743e-03
0 1 3 4 1.140072e+01 1.395457e-03
2 4 -1 -1 1.792714e+01 2.194295e-03
2 3 -1 -1 1.660073e+01 2.031942e-03
5 
-1 -1 1 2 1.106797e+01 1.354728e-03
-1 -1 0 2 4.836454e+00 5.919857e-04
0 1 3 4 1.820674e+00 2.228519e-04
2 4 -1 -1 2.130183e+01 2.607361e-03
2 3 -1 -1 1.890630e+00 2.314146e-04
5 
-1 -1 1 2 4.818591e+00 5.897993e-04
-1 -1 0 2 1.591072e+01 1.947484e-03
0 1 3 4 2.462473e+01 3.014086e-03
2 4 -1 -1 1.740067e+01 2.129855e-03
2 3 -1 -1 8.262121e+00 1.011290e-03
5 
-1 -1 1 2 6.965841e+00 8.526243e-04
-1 -1 0 2 2.500000e-05 3.060019e-09
0 1 3 4 6.078808e+00 7.440508e-04
2 4 -1 -1 5.491942e-02 6.722179e-06
2 3 -1 -1 7.978946e+00 9.766291e-04
5 
-1 -1 1 2 2.260251e+01 2.766565e-03
-1 -1 0 2 4.567152e+00 5.590230e-04
0 1 3 4 8.518954e+00 1.042727e-03
2 4 -1 -1 2.500000e-05 3.060019e-09
2 3 -1 -1 1.618405e+01 1.980940e-03
5 
-1 -1 1 2 9.716053e-01 1.189252e-04
-1 -1 0 2 5.890402e+00 7.209897e-04
0 1 3 4 3.577221e+00 4.378547e-04
2 4 -1 -1 5.446767e+00 6.666885e-04
2 3 -1 -1 2.500000e-05 3.060019e-09
5 
-1 -1 1 2 2.500000e-05 3.060019e-09
-1 -1 0 2 1.050340e+01 1.285625e-03
0 1 3 4 3.943779e+00 4.827216e-04
2 4 -1 -1 7.531450e+00 9.218553e-04
2 3 -1 -1 2.500000e-05 3.060019e-09
5 
-1 -1 1 2 9.330654e+00 1.142079e-03
-1 -1 0 2 6.476587e+00 7.927393e-04
0 1 3 4 8.851086e+00 1.083380e-03
2 4 -1 -1 1.304607e+00 1.596849e-04
2 3 -1 -1 4.067744e+00 4.978949e-04
5 
-1 -1 1 2 4.143986e+00 5.072271e-04
-1 -1 0 2 2.500000e-05 3.060019e-09
0 1 3 4 2.435335e+01 2.980869e-03
2 4 -1 -1 5.137401e-02 6.288218e-06
2 3 -1 -1 8.277314e+00 1.013150e-03
5 
-1 -1 1 2 9.983993e+00 1.222048e-03
-1 -1 0 2 4.190661e+00 5.129401e-04
0 1 3 4 1.722541e+01 2.108403e-03
2 4 -1 -1 1.693940e+01 2.073396e-03
2 3 -1 -1 1.245849e+01 1.524928e-03
5 
-1 -1 1 2 2.177834e+00 2.665686e-04
-1 -1 0 2 2.307156e+00 2.823977e-04
0 1 3 4 2.386066e+01 2.920563e-03
2 4 -1 -1 1.732971e+01 2.121170e-03
2 3 -1 -1 1.286124e+01 1.574226e-03
5 
-1 -1 1 2 1.783039e+01 2.182454e-03
-1 -1 0 2 2.500000e-05 3.060019e-09
0 1 3 4 1.039831e+01 1.272761e-03
2 4 -1 -1 1.894043e+00 2.318323e-04
2 3 -1 -1 2.500000e-05 3.060019e-09
5 
-1 -1 1 2 8.306275e+00 1.016694e-03
-1 -1 0 2 1.999256e+01 2.447104e-03
0 1 3 4 2.793529e+01 3.419301e-03
2 4 -1 -1 2.500000e-05 3.060019e-09
2 3 -1 -1 2.200929e+01 2.693954e-03
5 
-1 -1 1 2 2.500000e-05 3.060019e-09
-1 -1 0 2 2.405993e+01 2.944954e-03
0 1 3 4 8.850394e+00 1.083295e-03
2 4 -1 -1 6.886849e+00 8.429556e-04
2 3 -1 -1 7.512891e+00 9.195837e-04
5 
-1 -1 1 2 8.029557e+00 9.828239e-04
-1 -1 0 2 3.619993e+00 4.430899e-04
0 1 3 4 2.500000e-05 3.060019e-09
2 4 -1 -1 2.061444e+01 2.523223e-03
2 3 -1 -1 1.245593e+01 1.524616e-03
5 
-1 -1 1 2 1.558045e+01 1.907059e-03
-1 -1 0 2 1.693914e+01 2.073364e-03
0 1 3 4 7.442289e+00 9.109419e-04
2 4 -1 -1 2.500000e-05 3.060019e-09
2 3 -1 -1 5.052864e+00 6.184745e-04
5 
-1 -1 1 2 1.862042e+00 2.279154e-04
-1 -1 0 2 2.796572e+00 3.423026e-04
0 1 3 4 1.070450e+01 1.310238e-03
2 4 -1 -1 1.078156e+01 1.319671e-03
2 3 -1 -1 8.929143e+00 1.092934e-03
5 
-1 -1 1 2 2.500000e-05 3.060019e-09
-1 -1 0 2 2.500000e-05 3.060019e-09
0 1 3 4 1.663939e+01 2.036674e-03
2 4 -1 -1 1.195251e+01 1.462996e-03
2 3 -1 -1 2.105280e+01 2.576879e-03
5 
-1 -1 1 2 1.168685e+01 1.430480e-03
-1 -1 0 2 2.500000e-05 3.060019e-09
0 1 3 4 1.558659e+01 1.907811e-03
2 4 -1 -1 3.612025e+00 4.421146e-04
2 3 -1 -1 2.112344e+01 2.585526e-03
5 
-1 -1 1 2 1.177947e+01 1.441817e-03
-1 -1 0 2 1.062148e+01 1.300078e-03
0 1 3 4 2.500000e-05 3.060019e-09
2 4 -1 -1 1.343860e+01 1.644895e-03
2 3 -1 -1 1.117210e+01 1.367474e-03
5 
-1 -1 1 2 5.094913e+00 6.236212e-04
-1 -1 0 2 2.500000e-05 3.060019e-09
0 1 3 4 5.099398e+00 6.241702e-04
2 4 -1 -1 2.974460e+01 3.640762e-03
2 3 -1 -1 2.313265e+01 2.831454e-03
5 
-1 -1 1 2 1.780658e+01 2.179539e-03
-1 -1 0 2 1.115664e-01 1.365582e-05
0 1 3 4 7.169258e+00 8.775227e-04
2 4 -1 -1 5.779511e+00 7.074166e-04
2 3 -1 -1 2.500000e-05 3.060019e-09
5 
-1 -1 1 2 1.690379e+01 2.069037e-03
-1 -1 0 2 2.500000e-05 3.060019e-09
0 1 3 4 2.500000e-05 3.060019e-09
2 4 -1 -1 2.500000e-05 3.060019e-09
2 3 -1 -1 2.500000e-05 3.060019e-09
5 
-1 -1 1 2 5.744832e+00 7.031719e-04
-1 -1 0 2 1.366940e+01 1.673145e-03
0 1 3 4 2.500000e-05 3.060019e-09
2 4 -1 -1 2.500000e-05 3.060019e-09
2 3 -1 -1 2.500000e-05 3.060019e-09
5 
-1 -1 1 2 2.500000e-05 3.060019e-09
-1 -1 0 2 6.046921e+00 7.401478e-04
0 1 3 4 2.500000e-05 3.060019e-09
2 4 -1 -1 2.500000e-05 3.060019e-09
2 3 -1 -1 2.500000e-05 3.060019e-09
5 
-1 -1 1 2 1.539380e+01 1.884213e-03
-1 -1 0 2 7.706138e+00 9.432372e-04
0 1 3 4 2.175977e+01 2.663412e-03
2 4 -1 -1 2.071655e+01 2.535721e-03
2 3 -1 -1 2.500000e-05 3.060019e-09
5 
-1 -1 1 2 1.621493e+01 1.984720e-03
-1 -1 0 2 1.533909e+01 1.877516e-03
0 1 3 4 6.617784e+00 8.100218e-04
2 4 -1 -1 1.412307e+00 1.728675e-04
2 3 -1 -1 2.500000e-05 3.060019e-09
5 
-1 -1 1 2 7.252330e+00 8.876908e-04
-1 -1 0 2 3.934635e+00 4.816023e-04
0 1 3 4 2.500000e-05 3.060019e-09
2 4 -1 -1 2.234621e+01 2.735193e-03
2 3 -1 -1 2.500000e-05 3.060019e-09
5 
-1 -1 1 2 2.029446e+00 2.484057e-04
-1 -1 0 2 3.659635e+00 4.479422e-04
0 1 3 4 1.434402e+01 1.755719e-03
2 4 -1 -1 3.837503e+00 4.697133e-04
2 3 -1 -1 2.500000e-05 3.060019e-09
5 
-1 -1 1 2 2.414659e+01 2.955561e-03
-1 -1 0 2 2.500000e-05 3.060019e-09
0 1 3 4 1.004123e+01 1.229054e-03
2 4 -1 -1 2.500000e-05 3.060019e-09
2 3 -1 -1 2.500000e-05 3.060019e-09
5 
-1 -1 1 2 8.952642e-01 1.095810e-04
-1 -1 0 2 9.999180e+00 1.223907e-03
0 1 3 4 2.402643e+01 2.940853e-03
2 4 -1 -1 9.767664e+00 1.195570e-03
2 3 -1 -1 1.018870e+01 1.247105e-03
5 
-1 -1 1 2 2.909788e+00 3.561602e-04
-1 -1 0 2 1.301727e+01 1.593324e-03
0 1 3 4 2.500000e-05 3.060019e-09
2 4 -1 -1 1.232755e+01 1.508902e-03
2 3 -1 -1 8.806804e+00 1.077960e-03
5 
-1 -1 1 2 2.349300e+01 2.875561e-03
-1 -1 0 2 1.311143e+01 1.604849e-03
0 1 3 4 1.204601e+00 1.474441e-04
2 4 -1 -1 1.442645e+00 1.765809e-04
2 3 -1 -1 8.314981e+00 1.017760e-03
5 
-1 -1 1 2 8.757607e+00 1.071938e-03
-1 -1 0 2 9.503536e+00 1.163240e-03
0 1 3 4 1.342330e+01 1.643022e-03
2 4 -1 -1 7.498958e+00 9.178783e-04
2 3 -1 -1 2.367874e+01 2.898297e-03
5 
-1 -1 1 2 2.500000e-05 3.060019e-09
-1 -1 0 2 3.000417e+00 3.672533e-04
0 1 3 4 6.832746e+00 8.363333e-04
2 4 -1 -1 1.318442e+01 1.613783e-03
2 3 -1 -1 9.103790e+00 1.114311e-03
5 
-1 -1 1 2 2.500000e-05 3.060019e-09
-1 -1 0 2 8.913941e+00 1.091073e-03
0 1 3 4 5.287096e+00 6.471446e-04
2 4 -1 -1 1.579881e+01 1.933787e-03
2 3 -1 -1 5.993739e+00 7.336383e-04
5 
-1 -1 1 2 1.779816e+01 2.178508e-03
-1 -1 0 2 3.683612e+00 4.508770e-04
0 1 3 4 3.347325e+00 4.097152e-04
2 4 -1 -1 1.951100e+01 2.388162e-03
2 3 -1 -1 2.500000e-05 3.060019e-09
5 
-1 -1 1 2 2.226049e+01 2.724701e-03
-1 -1 0 2 1.168169e+01 1.429847e-03
0 1 3 4 6.751982e+00 8.264478e-04
2 4 -1 -1 1.421887e+00 1.740400e-04
2 3 -1 -1 1.536847e+01 1.881112e-03
5 
-1 -1 1 2 1.076449e+01 1.317582e-03
-1 -1 0 2 6.448462e+00 7.892968e-04
0 1 3 4 9.871898e+00 1.208328e-03
2 4 -1 -1 1.101461e+01 1.348197e-03
2 3 -1 -1 5.807540e+00 7.108473e-04
5 
-1 -1 1 2 2.500000e-05 3.060019e-09
-1 -1 0 2 4.249743e+00 5.201718e-04
0 1 3 4 3.230142e+00 3.953719e-04
2 4 -1 -1 1.818069e+00 2.225330e-04
2 3 -1 -1 6.864311e+00 8.401970e-04
5 
-1 -1 1 2 7.066393e+00 8.649319e-04
-1 -1 0 2 2.500000e-05 3.060019e-09
0 1 3 4 9.742827e+00 1.192530e-03
2 4 -1 -1 1.030811e+01 1.261721e-03
2 3 -1 -1 1.102932e+01 1.349997e-03
5 
-1 -1 1 2 1.914317e+01 2.343138e-03
-1 -1 0 2 2.500000e-05 3.060019e-09
0 1 3 4 1.932757e+01 2.365710e-03
2 4 -1 -1 2.522367e+00 3.087397e-04
2 3 -1 -1 1.568931e+01 1.920384e-03
5 
-1 -1 1 2 1.176821e+01 1.440438e-03
-1 -1 0 2 6.617957e+00 8.100430e-04
0 1 3 4 9.260520e+00 1.133495e-03
2 4 -1 -1 4.057852e+00 4.966842e-04
2 3 -1 -1 2.500000e-05 3.060019e-09
5 
-1 -1 1 2 6.265663e+00 7.669220e-04
-1 -1 0 2 7.578953e+00 9.276696e-04
0 1 3 4 2.500000e-05 3.060019e-09
2 4 -1 -1 2.268019e+00 2.776073e-04
2 3 -1 -1 2.500000e-05 3.060019e-09
5 
-1 -1 1 2 6.094680e+00 7.459935e-04
-1 -1 0 2 1.850373e+01 2.264871e-03
0 1 3 4 1.362058e+00 1.667170e-04
2 4 -1 -1 6.045489e+00 7.399725e-04
2 3 -1 -1 7.306203e+00 8.942848e-04
5 
-1 -1 1 2 2.500000e-05 3.060019e-09
-1 -1 0 2 1.341098e+00 1.641515e-04
0 1 3 4 9.635114e+00 1.179345e-03
2 4 -1 -1 6.549233e+00 8.016312e-04
2 3 -1 -1 1.100229e+01 1.346689e-03
5 
-1 -1 1 2 8.245261e+00 1.009226e-03
-1 -1 0 2 1.591522e+01 1.948035e-03
0 1 3 4 1.532141e+00 1.875352e-04
2 4 -1 -1 1.943544e+00 2.378912e-04
2 3 -1 -1 1.120569e+01 1.371585e-03
5 
-1 -1 1 2 1.128379e+00 1.381144e-04
-1 -1 0 2 1.144495e+01 1.400871e-03
0 1 3 4 5.704883e+00 6.982821e-04
2 4 -1 -1 1.730814e+01 2.118530e-03
2 3 -1 -1 1.039257e+01 1.272058e-03
5 
-1 -1 1 2 1.347382e+01 1.649206e-03
-1 -1 0 2 2.066112e+00 2.528937e-04
0 1 3 4 3.239560e+00 3.965246e-04
2 4 -1 -1 1.823888e-01 2.232452e-05
2 3 -1 -1 8.058648e+00 9.863847e-04
5 
-1 -1 1 2 3.347262e+00 4.097075e-04
-1 -1 0 2 4.921056e+00 6.023410e-04
0 1 3 4 2.500000e-05 3.060019e-09
2 4 -1 -1 3.839603e+00 4.699704e-04
2 3 -1 -1 2.143553e+00 2.623726e-04
5 
-1 -1 1 2 7.529581e+00 9.216265e-04
-1 -1 0 2 7.473376e+00 9.147470e-04
0 1 3 4 2.500000e-05 3.060019e-09
2 4 -1 -1 2.500000e-05 3.060019e-09
2 3 -1 -1 6.614930e+00 8.096726e-04
5 
-1 -1 1 2 9.089347e+00 1.112543e-03
-1 -1 0 2 1.327520e+01 1.624894e-03
0 1 3 4 4.866105e+00 5.956150e-04
2 4 -1 -1 2.500000e-05 3.060019e-09
2 3 -1 -1 1.436396e+01 1.758159e-03
5 
-1 -1 1 2 8.223024e+00 1.006505e-03
-1 -1 0 2 1.767696e+01 2.163673e-03
0 1 3 4 1.047166e+01 1.281739e-03
2 4 -1 -1 2.500000e-05 3.060019e-09
2 3 -1 -1 1.013975e+01 1.241113e-03
5 
-1 -1 1 2 1.037789e+01 1.270262e-03
-1 -1 0 2 1.662028e+01 2.034335e-03
0 1 3 4 2.245428e+01 2.748421e-03
2 4 -1 -1 2.500000e-05 3.060019e-09
2 3 -1 -1 1.138430e+01 1.393448e-03
5 
-1 -1 1 2 7.670706e+00 9.389004e-04
-1 -1 0 2 1.162810e+01 1.423288e-03
0 1 3 4 2.107049e+01 2.579044e-03
2 4 -1 -1 1.702468e+00 2.083834e-04
2 3 -1 -1 2.500000e-05 3.060019e-09
5 
-1 -1 1 2 1.042203e+01 1.275664e-03
-1 -1 0 2 5.079095e+00 6.216851e-04
0 1 3 4 2.500000e-05 3.060019e-09
2 4 -1 -1 2.500000e-05 3.060019e-09
2 3 -1 -1 1.833921e+01 2.244733e-03
5 
-1 -1 1 2 2.080128e+01 2.546092e-03
-1 -1 0 2 5.175353e+00 6.334672e-04
0 1 3 4 2.818505e+00 3.449871e-04
2 4 -1 -1 1.487478e+01 1.820684e-03
2 3 -1 -1 6.463306e+00 7.911137e-04
5 
-1 -1 1 2 1.550768e+01 1.898152e-03
-1 -1 0 2 6.595381e+00 8.072797e-04
0 1 3 4 3.078127e+00 3.767651e-04
2 4 -1 -1 6.285143e+00 7.693063e-04
2 3 -1 -1 8.619555e+00 1.055040e-03
5 
-1 -1 1 2 1.433923e+01 1.755133e-03
-1 -1 0 2 9.035936e+00 1.106005e-03
0 1 3 4 2.500000e-05 3.060019e-09
2 4 -1 -1 1.394988e+01 1.707476e-03
2 3 -1 -1 1.534936e+01 1.878773e-03
5 
-1 -1 1 2 2.500000e-05 3.060019e-09
-1 -1 0 2 1.171514e+01 1.433943e-03
0 1 3 4 5.582134e+00 6.832575e-04
2 4 -1 -1 2.392409e+00 2.928326e-04
2 3 -1 -1 2.500000e-05 3.060019e-09
5 
-1 -1 1 2 5.095602e+00 6.237056e-04
-1 -1 0 2 2.500000e-05 3.060019e-09
0 1 3 4 7.043148e+00 8.620867e-04
2 4 -1 -1 2.500000e-05 3.060019e-09
2 3 -1 -1 9.654234e+00 1.181686e-03
5 
-1 -1 1 2 2.364202e+01 2.893801e-03
-1 -1 0 2 1.036949e+01 1.269234e-03
0 1 3 4 2.719477e+01 3.328660e-03
2 4 -1 -1 8.632850e+00 1.056668e-03
2 3 -1 -1 1.662115e+00 2.034442e-04
5 
-1 -1 1 2 1.784460e+01 2.184193e-03
-1 -1 0 2 2.176569e+01 2.664138e-03
0 1 3 4 1.037408e+01 1.269795e-03
2 4 -1 -1 2.500000e-05 3.060019e-09
2 3 -1 -1 2.500000e-05 3.060019e-09
5 
-1 -1 1 2 6.779648e+00 8.298341e-04
-1 -1 0 2 2.225741e+01 2.724324e-03
0 1 3 4 2.667869e+01 3.265493e-03
2 4 -1 -1 1.307952e+01 1.600943e-03
2 3 -1 -1 1.467195e+01 1.795858e-03
5 
-1 -1 1 2 1.717497e+01 2.102230e-03
-1 -1 0 2 2.500000e-05 3.060019e-09
0 1 3 4 2.500000e-05 3.060019e-09
2 4 -1 -1 1.414707e+01 1.731612e-03
2 3 -1 -1 1.103494e+01 1.350686e-03
5 
-1 -1 1 2 6.504662e+00 7.961756e-04
-1 -1 0 2 1.191278e+01 1.458133e-03
0 1 3 4 2.500000e-05 3.060019e-09
2 4 -1 -1 9.368802e-01 1.146749e-04
2 3 -1 -1 1.413660e+01 1.730331e-03
5 
-1 -1 1 2 1.387162e+01 1.697897e-03
-1 -1 0 2 2.500000e-05 3.060019e-09
0 1 3 4 2.500000e-05 3.060019e-09
2 4 -1 -1 1.181434e+01 1.446085e-03
2 3 -1 -1 5.656212e+00 6.923247e-04
5 
-1 -1 1 2 1.396027e+01 1.708748e-03
-1 -1 0 2 4.378553e+00 5.359383e-04
0 1 3 4 2.027648e+01 2.481857e-03
2 4 -1 -1 2.500000e-05 3.060019e-09
2 3 -1 -1 1.868884e+01 2.287529e-03
5 
-1 -1 1 2 3.908611e+00 4.784169e-04
-1 -1 0 2 1.189458e+00 1.455906e-04
0 1 3 4 6.777057e+00 8.295170e-04
2 4 -1 -1 2.908776e+00 3.560364e-04
2 3 -1 -1 2.500000e-05 3.060019e-09
5 
-1 -1 1 2 1.095055e+01 1.340356e-03
-1 -1 0 2 6.755493e+00 8.268775e-04
0 1 3 4 4.084029e+00 4.998882e-04
2 4 -1 -1 5.495316e+00 6.726309e-04
2 3 -1 -1 6.946756e+00 8.502883e-04
5 
-1 -1 1 2 9.176322e+00 1.123189e-03
-1 -1 0 2 2.500000e-05 3.060019e-09
0 1 3 4 2.088106e+01 2.555857e-03
2 4 -1 -1 3.594154e+00 4.399272e-04
2 3 -1 -1 2.500000e-05 3.060019e-09
5 
-1 -1 1 2 1.652165e+01 2.022262e-03
-1 -1 0 2 3.966612e+00 4.855164e-04
0 1 3 4 1.007191e+01 1.232809e-03
2 4 -1 -1 2.500000e-05 3.060019e-09
2 3 -1 -1 9.344728e+00 1.143802e-03
5 
-1 -1 1 2 2.500000e-05 3.060019e-09
-1 -1 0 2 8.934400e+00 1.093577e-03
0 1 3 4 1.284544e+01 1.572292e-03
2 4 -1 -1 2.500000e-05 3.060019e-09
2 3 -1 -1 2.500000e-05 3.060019e-09
5 
-1 -1 1 2 1.842072e+00 2.254710e-04
-1 -1 0 2 2.500000e-05 3.060019e-09
0 1 3 4 4.744713e+00 5.807565e-04
2 4 -1 -1 5.685644e+00 6.959272e-04
2 3 -1 -1 1.706645e+01 2.088947e-03
5 
-1 -1 1 2 2.500000e-05 3.060019e-09
-1 -1 0 2 2.500000e-05 3.060019e-09
0 1 3 4 2.390783e+01 2.926337e-03
2 4 -1 -1 2.500000e-05 3.060019e-09
2 3 -1 -1 2.500000e-05 3.060019e-09
5 
-1 -1 1 2 1.301800e+01 1.593413e-03
-1 -1 0 2 2.500000e-05 3.060019e-09
0 1 3 4 1.230523e+01 1.506169e-03
2 4 -1 -1 5.518421e-01 6.754590e-05
2 3 -1 -1 1.920138e+01 2.350264e-03
5 
-1 -1 1 2 7.363175e+00 9.012582e-04
-1 -1 0 2 6.480033e+00 7.931611e-04
0 1 3 4 1.331106e+01 1.629283e-03
2 4 -1 -1 2.500000e-05 3.060019e-09
2 3 -1 -1 4.430640e+00 5.423137e-04
5 
-1 -1 1 2 8.284636e+00 1.014046e-03
-1 -1 0 2 9.388166e+00 1.149119e-03
0 1 3 4 2.679765e-01 3.280053e-05
2 4 -1 -1 2.893863e+01 3.542110e-03
2 3 -1 -1 1.159120e+01 1.418772e-03
5 
-1 -1 1 2 5.998194e+00 7.341835e-04
-1 -1 0 2 1.114972e+01 1.364734e-03
0 1 3 4 1.055884e+01 1.292410e-03
2 4 -1 -1 3.100970e+00 3.795611e-04
2 3 -1 -1 1.209145e+01 1.480003e-03
5 
-1 -1 1 2 1.114110e+01 1.363679e-03
-1 -1 0 2 2.500000e-05 3.060019e-09
0 1 3 4 3.507345e+00 4.293017e-04
2 4 -1 -1 5.315369e+00 6.506053e-04
2 3 -1 -1 2.968233e+00 3.633141e-04
5 
-1 -1 1 2 1.076180e+01 1.317253e-03
-1 -1 0 2 1.238386e+01 1.515795e-03
0 1 3 4 7.394285e+00 9.050661e-04
2 4 -1 -1 7.312380e+00 8.950410e-04
2 3 -1 -1 3.840646e+00 4.700981e-04
5 
-1 -1 1 2 3.299988e+00 4.039211e-04
-1 -1 0 2 2.500000e-05 3.060019e-09
0 1 3 4 2.717763e+00 3.326563e-04
2 4 -1 -1 7.107387e-01 8.699496e-05
2 3 -1 -1 4.888680e+00 5.983782e-04
5 
-1 -1 1 2 1.256085e+01 1.537458e-03
-1 -1 0 2 1.225775e+01 1.500358e-03
0 1 3 4 2.500000e-05 3.060019e-09
2 4 -1 -1 2.500000e-05 3.060019e-09
2 3 -1 -1 1.476662e+01 1.807446e-03
5 
-1 -1 1 2 8.354418e+00 1.022587e-03
-1 -1 0 2 5.606571e+00 6.862486e-04
0 1 3 4 1.054372e+01 1.290560e-03
2 4 -1 -1 2.500000e-05 3.060019e-09
2 3 -1 -1 7.384849e+00 9.039112e-04
5 
-1 -1 1 2 2.209869e+01 2.704896e-03
-1 -1 0 2 2.756290e+01 3.373720e-03
0 1 3 4 2.500000e-05 3.060019e-09
2 4 -1 -1 2.500000e-05 3.060019e-09
2 3 -1 -1 1.814896e+01 2.221447e-03
5 
-1 -1 1 2 1.528002e+01 1.870286e-03
-1 -1 0 2 1.587497e+01 1.943109e-03
0 1 3 4 2.500000e-05 3.060019e-09
2 4 -1 -1 2.002542e+01 2.451127e-03
2 3 -1 -1 2.500000e-05 3.060019e-09
5 
-1 -1 1 2 1.110251e+01 1.358956e-03
-1 -1 0 2 5.609961e+00 6.866635e-04
0 1 3 4 1.625928e+01 1.990148e-03
2 4 -1 -1 3.523330e-01 4.312583e-05
2 3 -1 -1 1.895766e+01 2.320432e-03
5 
-1 -1 1 2 1.664660e+01 2.037557e-03
-1 -1 0 2 1.184075e+01 1.449317e-03
0 1 3 4 2.500000e-05 3.060019e-09
2 4 -1 -1 4.211401e+00 5.154788e-04
2 3 -1 -1 1.916073e+01 2.345288e-03
5 
-1 -1 1 2 1.438007e+01 1.760132e-03
-1 -1 0 2 7.968763e+00 9.753827e-04
0 1 3 4 1.624623e+01 1.988551e-03
2 4 -1 -1 8.142732e+00 9.966767e-04
2 3 -1 -1 2.500000e-05 3.060019e-09
5 
-1 -1 1 2 1.774183e+01 2.171614e-03
-1 -1 0 2 1.328230e+00 1.625764e-04
0 1 3 4 1.126558e+01 1.378916e-03
2 4 -1 -1 3.661707e+00 4.481957e-04
2 3 -1 -1 1.160210e+01 1.420106e-03
5 
-1 -1 1 2 2.500000e-05 3.060019e-09
-1 -1 0 2 1.050180e+01 1.285429e-03
0 1 3 4 1.058585e+01 1.295716e-03
2 4 -1 -1 1.455398e+01 1.781419e-03
2 3 -1 -1 1.749655e+01 2.141592e-03
5 
-1 -1 1 2 6.321288e+00 7.737306e-04
-1 -1 0 2 3.961573e+00 4.848996e-04
0 1 3 4 1.120050e+01 1.370950e-03
2 4 -1 -1 6.950212e-01 8.507112e-05
2 3 -1 -1 2.080364e+00 2.546382e-04
5 
-1 -1 1 2 2.168690e+00 2.654493e-04
-1 -1 0 2 2.500000e-05 3.060019e-09
0 1 3 4 1.073817e+01 1.314361e-03
2 4 -1 -1 3.150223e+00 3.855897e-04
2 3 -1 -1 2.500000e-05 3.060019e-09
5 
-1 -1 1 2 1.150417e+01 1.408119e-03
-1 -1 0 2 1.347774e+01 1.649686e-03
0 1 3 4 1.693760e+01 2.073176e-03
2 4 -1 -1 2.500000e-05 3.060019e-09
2 3 -1 -1 2.500000e-05 3.060019e-09
5 
-1 -1 1 2 1.115084e+01 1.364871e-03
-1 -1 0 2 6.353997e+00 7.777341e-04
0 1 3 4 5.896027e+00 7.216782e-04
2 4 -1 -1 1.135106e+01 1.389378e-03
2 3 -1 -1 1.508387e+00 1.846278e-04
5 
-1 -1 1 2 2.500000e-05 3.060019e-09
-1 -1 0 2 2.192079e+01 2.683122e-03
0 1 3 4 2.500000e-05 3.060019e-09
2 4 -1 -1 2.625407e+01 3.213518e-03
2 3 -1 -1 1.051413e+01 1.286937e-03
5 
-1 -1 1 2 8.986566e+00 1.099963e-03
-1 -1 0 2 2.500000e-05 3.060019e-09
0 1 3 4 4.878114e+00 5.970849e-04
2 4 -1 -1 2.500000e-05 3.060019e-09
2 3 -1 -1 2.500000e-05 3.060019e-09
5 
-1 -1 1 2 9.464441e+00 1.158455e-03
-1 -1 0 2 1.138833e+01 1.393940e-03
0 1 3 4 9.255008e+00 1.132820e-03
2 4 -1 -1 2.500000e-05 3.060019e-09
2 3 -1 -1 2.500000e-05 3.060019e-09
5 
-1 -1 1 2 8.220982e+00 1.006255e-03
-1 -1 0 2 2.500000e-05 3.060019e-09
0 1 3 4 2.500000e-05 3.060019e-09
2 4 -1 -1 2.500000e-05 3.060019e-09
2 3 -1 -1 1.283666e+01 1.571217e-03
5 
-1 -1 1 2 7.478517e+00 9.153762e-04
-1 -1 0 2 4.440223e+00 5.434867e-04
0 1 3 4 2.500000e-05 3.060019e-09
2 4 -1 -1 5.267813e+00 6.447844e-04
2 3 -1 -1 1.406705e+01 1.721818e-03
5 
-1 -1 1 2 1.305845e+01 1.598364e-03
-1 -1 0 2 6.362193e+00 7.787374e-04
0 1 3 4 8.465817e+00 1.036223e-03
2 4 -1 -1 8.271496e+00 1.012437e-03
2 3 -1 -1 1.614867e+01 1.976609e-03
5 
-1 -1 1 2 2.500000e-05 3.060019e-09
-1 -1 0 2 6.844012e+00 8.377123e-04
0 1 3 4 2.500000e-05 3.060019e-09
2 4 -1 -1 2.500000e-05 3.060019e-09
2 3 -1 -1 2.231101e+01 2.730884e-03
5 
-1 -1 1 2 2.943205e+00 3.602505e-04
-1 -1 0 2 3.136761e+00 3.839420e-04
0 1 3 4 2.447845e+01 2.996181e-03
2 4 -1 -1 2.500000e-05 3.060019e-09
2 3 -1 -1 2.500000e-05 3.060019e-09
5 
-1 -1 1 2 1.083917e+01 1.326723e-03
-1 -1 0 2 1.885228e+01 2.307534e-03
0 1 3 4 5.376820e-01 6.581269e-05
2 4 -1 -1 8.163329e+00 9.991977e-04
2 3 -1 -1 1.423878e+01 1.742838e-03
5 
-1 -1 1 2 1.206485e+01 1.476747e-03
-1 -1 0 2 7.160157e+00 8.764087e-04
0 1 3 4 2.327199e+00 2.848510e-04
2 4 -1 -1 4.503973e+00 5.512898e-04
2 3 -1 -1 2.375306e+01 2.907393e-03
5 
-1 -1 1 2 9.848621e+00 1.205479e-03
-1 -1 0 2 1.102884e+01 1.349938e-03
0 1 3 4 1.140385e+01 1.395840e-03
2 4 -1 -1 1.029375e+01 1.259963e-03
2 3 -1 -1 1.057257e+01 1.294091e-03
5 
-1 -1 1 2 1.113607e+00 1.363064e-04
-1 -1 0 2 2.260312e+01 2.766639e-03
0 1 3 4 1.295037e+01 1.585135e-03
2 4 -1 -1 2.269349e+01 2.777700e-03
2 3 -1 -1 3.477775e+00 4.256823e-04
5 
-1 -1 1 2 1.784656e+01 2.184433e-03
-1 -1 0 2 2.500000e-05 3.060019e-09
0 1 3 4 2.062653e+01 2.524703e-03
2 4 -1 -1 2.263453e+01 2.770483e-03
2 3 -1 -1 6.799703e+00 8.322889e-04
5 
-1 -1 1 2 2.500000e-05 3.060019e-09
-1 -1 0 2 4.668325e+00 5.714066e-04
0 1 3 4 2.340711e+01 2.865048e-03
2 4 -1 -1 2.016779e+01 2.468553e-03
2 3 -1 -1 1.325647e+01 1.622602e-03
5 
-1 -1 1 2 2.500000e-05 3.060019e-09
-1 -1 0 2 4.319296e+00 5.286851e-04
0 1 3 4 6.141941e+00 7.517783e-04
2 4 -1 -1 1.226761e+01 1.501566e-03
2 3 -1 -1 1.663449e+01 2.036075e-03
5 
-1 -1 1 2 1.640889e+01 2.008461e-03
-1 -1 0 2 3.302449e+00 4.042223e-04
0 1 3 4 1.577623e+01 1.931023e-03
2 4 -1 -1 4.580155e+00 5.606145e-04
2 3 -1 -1 5.488617e-01 6.718109e-05
5 
-1 -1 1 2 1.030586e+01 1.261445e-03
-1 -1 0 2 3.692795e+00 4.520009e-04
0 1 3 4 2.500000e-05 3.060019e-09
2 4 -1 -1 1.491708e+01 1.825863e-03
2 3 -1 -1 3.579293e-02 4.381082e-06
5 
-1 -1 1 2 8.209803e+00 1.004886e-03
-1 -1 0 2 1.246933e+01 1.526255e-03
0 1 3 4 1.311095e+01 1.604791e-03
2 4 -1 -1 1.765561e+01 2.161061e-03
2 3 -1 -1 3.292271e+00 4.029765e-04
5 
-1 -1 1 2 9.704800e-01 1.187875e-04
-1 -1 0 2 2.153385e+01 2.635760e-03
0 1 3 4 2.500000e-05 3.060019e-09
2 4 -1 -1 2.500000e-05 3.060019e-09
2 3 -1 -1 2.500000e-05 3.060019e-09
5 
-1 -1 1 2 3.516745e+00 4.304523e-04
-1 -1 0 2 2.500000e-05 3.060019e-09
0 1 3 4 2.500000e-05 3.060019e-09
2 4 -1 -1 8.216289e+00 1.005680e-03
2 3 -1 -1 1.219382e+01 1.492533e-03
5 
-1 -1 1 2 5.477613e-01 6.704641e-05
-1 -1 0 2 3.136091e+01 3.838600e-03
0 1 3 4 1.176968e+01 1.440617e-03
2 4 -1 -1 2.231839e+01 2.731788e-03
2 3 -1 -1 1.811921e+01 2.217805e-03
5 
-1 -1 1 2 5.387365e-01 6.594177e-05
-1 -1 0 2 6.133373e+00 7.507296e-04
0 1 3 4 2.500000e-05 3.060019e-09
2 4 -1 -1 2.500000e-05 3.060019e-09
2 3 -1 -1 1.240152e+01 1.517955e-03
5 
-1 -1 1 2 1.707632e+00 2.090154e-04
-1 -1 0 2 2.887476e+01 3.534293e-03
0 1 3 4 4.136382e+00 5.062963e-04
2 4 -1 -1 1.346029e+01 1.647550e-03
2 3 -1 -1 2.021313e+01 2.474102e-03
5 
-1 -1 1 2 2.096780e+01 2.566475e-03
-1 -1 0 2 1.861152e+01 2.278064e-03
0 1 3 4 1.245905e+00 1.524997e-04
2 4 -1 -1 1.878402e+01 2.299179e-03
2 3 -1 -1 1.671411e+00 2.045819e-04
5 
-1 -1 1 2 4.399711e+00 5.385280e-04
-1 -1 0 2 5.303671e+00 6.491735e-04
0 1 3 4 8.746639e+00 1.070595e-03
2 4 -1 -1 7.602184e+00 9.305131e-04
2 3 -1 -1 8.503957e+00 1.040891e-03
5 
-1 -1 1 2 4.045047e+00 4.951168e-04
-1 -1 0 2 6.455299e+00 7.901335e-04
0 1 3 4 1.122894e+01 1.374431e-03
2 4 -1 -1 2.500000e-05 3.060019e-09
2 3 -1 -1 6.999038e+00 8.566877e-04
5 
-1 -1 1 2 6.949395e+00 8.506112e-04
-1 -1 0 2 7.643173e+00 9.355302e-04
0 1 3 4 2.815670e+00 3.446402e-04
2 4 -1 -1 6.878628e+00 8.419494e-04
2 3 -1 -1 7.383946e+00 9.038006e-04
5 
-1 -1 1 2 2.500000e-05 3.060019e-09
-1 -1 0 2 3.506343e-01 4.291791e-05
0 1 3 4 1.290884e+01 1.580052e-03
2 4 -1 -1 1.668343e+01 2.042065e-03
2 3 -1 -1 8.623032e+00 1.055466e-03
5 
-1 -1 1 2 1.688025e+01 2.066155e-03
-1 -1 0 2 1.427288e+01 1.747012e-03
0 1 3 4 7.043926e+00 8.621820e-04
2 4 -1 -1 1.694677e+01 2.074297e-03
2 3 -1 -1 2.352989e+00 2.880077e-04
5 
-1 -1 1 2 2.307372e+00 2.824242e-04
-1 -1 0 2 1.321635e+01 1.617691e-03
0 1 3 4 3.085629e+01 3.776834e-03
2 4 -1 -1 6.956175e+00 8.514412e-04
2 3 -1 -1 2.554568e+00 3.126811e-04
5 
-1 -1 1 2 3.186374e+00 3.900146e-04
-1 -1 0 2 1.302437e+01 1.594193e-03
0 1 3 4 3.941472e+00 4.824393e-04
2 4 -1 -1 2.500000e-05 3.060019e-09
2 3 -1 -1 3.697846e+00 4.526192e-04
5 
-1 -1 1 2 2.500000e-05 3.060019e-09
-1 -1 0 2 5.658507e+00 6.926056e-04
0 1 3 4 2.500000e-05 3.060019e-09
2 4 -1 -1 2.500000e-05 3.060019e-09
2 3 -1 -1 2.500000e-05 3.060019e-09
5 
-1 -1 1 2 1.615533e+01 1.977424e-03
-1 -1 0 2 8.779125e+00 1.074572e-03
0 1 3 4 4.471780e+00 5.473493e-04
2 4 -1 -1 2.500000e-05 3.060019e-09
2 3 -1 -1 1.160786e+01 1.420812e-03
5 
-1 -1 1 2 2.500000e-05 3.060019e-09
-1 -1 0 2 2.500000e-05 3.060019e-09
0 1 3 4 2.500000e-05 3.060019e-09
2 4 -1 -1 5.889943e+00 7.209335e-04
2 3 -1 -1 2.111037e+01 2.583925e-03
5 
-1 -1 1 2 8.483971e+00 1.038445e-03
-1 -1 0 2 1.232022e+01 1.508005e-03
0 1 3 4 1.157566e+01 1.416869e-03
2 4 -1 -1 7.190392e+00 8.801095e-04
2 3 -1 -1 7.533471e+00 9.221027e-04
5 
-1 -1 1 2 2.292372e+01 2.805881e-03
-1 -1 0 2 1.522413e+01 1.863445e-03
0 1 3 4 2.098775e+01 2.568917e-03
2 4 -1 -1 3.377812e+00 4.134468e-04
2 3 -1 -1 4.604654e+00 5.636131e-04
5 
-1 -1 1 2 2.500000e-05 3.060019e-09
-1 -1 0 2 3.995143e+00 4.890086e-04
0 1 3 4 1.508548e+01 1.846474e-03
2 4 -1 -1 2.500000e-05 3.060019e-09
2 3 -1 -1 2.500000e-05 3.060019e-09
5 
-1 -1 1 2 2.500000e-05 3.060019e-09
-1 -1 0 2 2.044062e+01 2.501948e-03
0 1 3 4 2.500000e-05 3.060019e-09
2 4 -1 -1 1.252975e+01 1.533651e-03
2 3 -1 -1 2.500000e-05 3.060019e-09
5 
-1 -1 1 2 1.346254e+01 1.647825e-03
-1 -1 0 2 1.334289e+01 1.633180e-03
0 1 3 4 1.546685e+01 1.893154e-03
2 4 -1 -1 1.073273e+00 1.313695e-04
2 3 -1 -1 1.269054e+01 1.553332e-03
5 
-1 -1 1 2 6.265043e+00 7.668461e-04
-1 -1 0 2 2.500000e-05 3.060019e-09
0 1 3 4 1.118570e+01 1.369138e-03
2 4 -1 -1 9.505971e+00 1.163538e-03
2 3 -1 -1 7.181766e+00 8.790537e-04
5 
-1 -1 1 2 7.453094e+00 9.122644e-04
-1 -1 0 2 5.621360e+00 6.880588e-04
0 1 3 4 5.991324e-01 7.333426e-05
2 4 -1 -1 5.465658e+00 6.690008e-04
2 3 -1 -1 4.366061e+00 5.344092e-04
5 
-1 -1 1 2 2.500000e-05 3.060019e-09
-1 -1 0 2 2.500000e-05 3.060019e-09
0 1 3 4 4.604298e+00 5.635696e-04
2 4 -1 -1 1.289215e+00 1.578009e-04
2 3 -1 -1 3.597844e+00 4.403788e-04
5 
-1 -1 1 2 2.500000e-05 3.060019e-09
-1 -1 0 2 1.196512e+01 1.464540e-03
0 1 3 4 4.726913e+00 5.785778e-04
2 4 -1 -1 1.868122e+01 2.286596e-03
2 3 -1 -1 2.500000e-05 3.060019e-09
5 
-1 -1 1 2 2.500000e-05 3.060019e-09
-1 -1 0 2 1.381265e+01 1.690679e-03
0 1 3 4 1.346944e-01 1.648670e-05
2 4 -1 -1 1.601711e+01 1.960507e-03
2 3 -1 -1 2.500000e-05 3.060019e-09
5 
-1 -1 1 2 3.544829e+00 4.338898e-04
-1 -1 0 2 6.218268e+00 7.611208e-04
0 1 3 4 2.500000e-05 3.060019e-09
2 4 -1 -1 1.377113e+01 1.685597e-03
2 3 -1 -1 3.104143e+00 3.799494e-04
5 
-1 -1 1 2 1.898468e+01 2.323740e-03
-1 -1 0 2 1.314039e+01 1.608394e-03
0 1 3 4 2.500000e-05 3.060019e-09
2 4 -1 -1 2.523357e+01 3.088608e-03
2 3 -1 -1 5.636614e+00 6.899259e-04
5 
-1 -1 1 2 1.313284e+01 1.607470e-03
-1 -1 0 2 2.500000e-05 3.060019e-09
0 1 3 4 2.500000e-05 3.060019e-09
2 4 -1 -1 7.256956e+00 8.882570e-04
2 3 -1 -1 1.016304e+01 1.243964e-03
5 
-1 -1 1 2 2.500000e-05 3.060019e-09
-1 -1 0 2 1.821790e+01 2.229885e-03
0 1 3 4 6.668356e+00 8.162119e-04
2 4 -1 -1 2.225073e+01 2.723506e-03
2 3 -1 -1 1.221399e+01 1.495002e-03
5 
-1 -1 1 2 2.500000e-05 3.060019e-09
-1 -1 0 2 9.899068e+00 1.211654e-03
0 1 3 4 5.945917e+00 7.277848e-04
2 4 -1 -1 2.500000e-05 3.060019e-09
2 3 -1 -1 7.254159e+00 8.879147e-04
5 
-1 -1 1 2 1.157012e+01 1.416192e-03
-1 -1 0 2 1.599493e+01 1.957792e-03
0 1 3 4 1.275522e+01 1.561249e-03
2 4 -1 -1 3.781540e-01 4.628634e-05
2 3 -1 -1 1.863741e-01 2.281233e-05
5 
-1 -1 1 2 2.500000e-05 3.060019e-09
-1 -1 0 2 2.500000e-05 3.060019e-09
0 1 3 4 9.363441e+00 1.146092e-03
2 4 -1 -1 3.230380e+00 3.954010e-04
2 3 -1 -1 3.283988e+00 4.019627e-04
5 
-1 -1 1 2 4.305385e+00 5.269824e-04
-1 -1 0 2 5.195904e+00 6.359827e-04
0 1 3 4 1.733371e+01 2.121659e-03
2 4 -1 -1 1.565496e+01 1.916179e-03
2 3 -1 -1 5.539277e+00 6.780118e-04
5 
-1 -1 1 2 1.156802e+00 1.415934e-04
-1 -1 0 2 1.258784e+01 1.540762e-03
0 1 3 4 3.491667e+00 4.273827e-04
2 4 -1 -1 4.543117e+00 5.560811e-04
2 3 -1 -1 1.594221e+01 1.951339e-03
5 
-1 -1 1 2 2.725491e-01 3.336022e-05
-1 -1 0 2 1.432806e+01 1.753766e-03
0 1 3 4 1.049056e+01 1.284053e-03
2 4 -1 -1 4.579776e+00 5.605681e-04
2 3 -1 -1 2.500000e-05 3.060019e-09
5 
-1 -1 1 2 4.009902e+00 4.908151e-04
-1 -1 0 2 2.500000e-05 3.060019e-09
0 1 3 4 2.500000e-05 3.060019e-09
2 4 -1 -1 5.849477e+00 7.159804e-04
2 3 -1 -1 8.300639e+00 1.016005e-03
5 
-1 -1 1 2 1.128036e+01 1.380725e-03
-1 -1 0 2 2.500000e-05 3.060019e-09
0 1 3 4 8.286985e+00 1.014333e-03
2 4 -1 -1 1.229440e+01 1.504844e-03
2 3 -1 -1 9.445298e+00 1.156112e-03
5 
-1 -1 1 2 1.033642e+01 1.265186e-03
-1 -1 0 2 2.500000e-05 3.060019e-09
0 1 3 4 2.500510e+01 3.060644e-03
2 4 -1 -1 6.181533e+00 7.566244e-04
2 3 -1 -1 2.500000e-05 3.060019e-09
5 
-1 -1 1 2 2.500000e-05 3.060019e-09
-1 -1 0 2 1.586388e+01 1.941751e-03
0 1 3 4 1.142353e+01 1.398249e-03
2 4 -1 -1 1.430949e+01 1.751493e-03
2 3 -1 -1 5.102279e+00 6.245228e-04
5 
-1 -1 1 2 1.193086e+01 1.460347e-03
-1 -1 0 2 2.500000e-05 3.060019e-09
0 1 3 4 1.543762e+00 1.889576e-04
2 4 -1 -1 9.481194e-02 1.160505e-05
2 3 -1 -1 2.500000e-05 3.060019e-09
5 
-1 -1 1 2 2.500000e-05 3.060019e-09
-1 -1 0 2 3.265810e+00 3.997376e-04
0 1 3 4 5.992985e+00 7.335460e-04
2 4 -1 -1 1.510934e+01 1.849395e-03
2 3 -1 -1 1.723530e+01 2.109613e-03
5 
-1 -1 1 2 1.192258e+01 1.459333e-03
-1 -1 0 2 9.224116e+00 1.129039e-03
0 1 3 4 9.999474e+00 1.223943e-03
2 4 -1 -1 1.474658e+01 1.804993e-03
2 3 -1 -1 2.097098e+00 2.566864e-04
5 
-1 -1 1 2 9.073888e+00 1.110651e-03
-1 -1 0 2 2.324485e+01 2.845188e-03
0 1 3 4 2.500000e-05 3.060019e-09
2 4 -1 -1 1.911160e+01 2.339275e-03
2 3 -1 -1 1.700589e+01 2.081534e-03
5 
-1 -1 1 2 7.522924e+00 9.208117e-04
-1 -1 0 2 3.629830e+00 4.442940e-04
0 1 3 4 2.434462e+01 2.979801e-03
2 4 -1 -1 1.173645e+01 1.436550e-03
2 3 -1 -1 8.163516e+00 9.992207e-04
5 
-1 -1 1 2 1.756459e+01 2.149919e-03
-1 -1 0 2 1.508852e+01 1.846847e-03
0 1 3 4 1.769525e+01 2.165912e-03
2 4 -1 -1 1.927297e+00 2.359026e-04
2 3 -1 -1 1.777279e+01 2.175404e-03
5 
-1 -1 1 2 1.268475e+01 1.552623e-03
-1 -1 0 2 1.563498e+00 1.913733e-04
0 1 3 4 7.815538e+00 9.566279e-04
2 4 -1 -1 2.500000e-05 3.060019e-09
2 3 -1 -1 7.505714e+00 9.187052e-04
5 
-1 -1 1 2 1.099439e+01 1.345721e-03
-1 -1 0 2 9.551869e+00 1.169156e-03
0 1 3 4 2.245079e+01 2.747994e-03
2 4 -1 -1 1.412220e+01 1.728568e-03
2 3 -1 -1 6.300253e+00 7.711558e-04
5 
-1 -1 1 2 9.630858e+00 1.178824e-03
-1 -1 0 2 2.055414e+01 2.515843e-03
0 1 3 4 1.392970e+01 1.705006e-03
2 4 -1 -1 8.615207e+00 1.054508e-03
2 3 -1 -1 4.851220e+00 5.937930e-04
5 
-1 -1 1 2 1.267230e+01 1.551099e-03
-1 -1 0 2 1.579574e-01 1.933410e-05
0 1 3 4 2.500000e-05 3.060019e-09
2 4 -1 -1 2.500000e-05 3.060019e-09
2 3 -1 -1 1.297011e+01 1.587551e-03
5 
-1 -1 1 2 2.500000e-05 3.060019e-09
-1 -1 0 2 1.582924e+01 1.937511e-03
0 1 3 4 1.162536e+01 1.422953e-03
2 4 -1 -1 5.201986e+00 6.367271e-04
2 3 -1 -1 7.303684e+00 8.939766e-04
5 
-1 -1 1 2 1.098860e+01 1.345013e-03
-1 -1 0 2 5.731063e+00 7.014865e-04
0 1 3 4 1.126045e+01 1.378288e-03
2 4 -1 -1 2.159640e+00 2.643415e-04
2 3 -1 -1 2.718729e+01 3.327746e-03
5 
-1 -1 1 2 1.931703e+01 2.364420e-03
-1 -1 0 2 9.371393e+00 1.147066e-03
0 1 3 4 2.500000e-05 3.060019e-09
2 4 -1 -1 2.500000e-05 3.060019e-09
2 3 -1 -1 2.500000e-05 3.060019e-09
5 
-1 -1 1 2 5.095438e-01 6.236856e-05
-1 -1 0 2 6.540897e+00 8.006108e-04
0 1 3 4 1.105414e+01 1.353035e-03
2 4 -1 -1 1.285561e+01 1.573537e-03
2 3 -1 -1 7.047267e+00 8.625909e-04
