H 
4.000000e+01 
200 
5 
-1 -1 1 2 1.161702e+01 1.041046e-03
-1 -1 0 2 1.443743e+01 1.293793e-03
0 1 3 4 6.749918e+00 6.048862e-04
2 4 -1 -1 7.035960e+00 6.305195e-04
2 3 -1 -1 9.144446e+00 8.194690e-04
5 
-1 -1 1 2 6.484928e+00 5.811394e-04
-1 -1 0 2 7.600037e+00 6.810686e-04
0 1 3 4 1.423215e+01 1.275398e-03
2 4 -1 -1 6.484148e+00 5.810695e-04
2 3 -1 -1 9.366428e+00 8.393617e-04
5 
-1 -1 1 2 5.967735e+00 5.347917e-04
-1 -1 0 2 1.477879e+01 1.324385e-03
0 1 3 4 2.706806e+01 2.425673e-03
2 4 -1 -1 1.128506e+01 1.011298e-03
2 3 -1 -1 1.677503e+00 1.503275e-04
5 
-1 -1 1 2 1.065821e+01 9.551232e-04
-1 -1 0 2 4.791233e+00 4.293608e-04
0 1 3 4 1.911628e+01 1.713083e-03
2 4 -1 -1 2.766958e+00 2.479577e-04
2 3 -1 -1 7.667293e+00 6.870956e-04
5 
-1 -1 1 2 2.667776e+00 2.390697e-04
-1 -1 0 2 1.885636e+00 1.689791e-04
0 1 3 4 3.666720e+01 3.285889e-03
2 4 -1 -1 1.518934e+01 1.361175e-03
2 3 -1 -1 1.487764e+01 1.333242e-03
5 
-1 -1 1 2 7.528627e+00 6.746693e-04
-1 -1 0 2 8.754455e+00 7.845204e-04
0 1 3 4 2.166908e+01 1.941850e-03
2 4 -1 -1 4.433253e+00 3.972809e-04
2 3 -1 -1 7.043915e+00 6.312324e-04
5 
-1 -1 1 2 5.658805e+00 5.071073e-04
-1 -1 0 2 2.384790e+01 2.137102e-03
0 1 3 4 9.899197e+00 8.871052e-04
2 4 -1 -1 8.974799e+00 8.042663e-04
2 3 -1 -1 1.073136e+01 9.616783e-04
5 
-1 -1 1 2 6.671104e+00 5.978233e-04
-1 -1 0 2 6.402827e+00 5.737820e-04
0 1 3 4 1.794290e+01 1.607932e-03
2 4 -1 -1 9.678828e+00 8.673570e-04
2 3 -1 -1 1.304363e+01 1.168890e-03
5 
-1 -1 1 2 8.009845e+00 7.177931e-04
-1 -1 0 2 3.600554e+00 3.226595e-04
0 1 3 4 1.992166e+01 1.785257e-03
2 4 -1 -1 2.445897e+00 2.191862e-04
2 3 -1 -1 1.275392e+01 1.142928e-03
5 
-1 -1 1 2 4.659133e+00 4.175228e-04
-1 -1 0 2 8.654468e+00 7.755602e-04
0 1 3 4 2.335374e+01 2.092819e-03
2 4 -1 -1 9.268537e+00 8.305893e-04
2 3 -1 -1 7.352242e+00 6.588627e-04
5 
-1 -1 1 2 3.889004e+00 3.485086e-04
-1 -1 0 2 7.236849e+00 6.485220e-04
0 1 3 4 1.190361e+01 1.066728e-03
2 4 -1 -1 7.785459e+00 6.976849e-04
2 3 -1 -1 8.383982e+00 7.513209e-04
5 
-1 -1 1 2 5.693333e+00 5.102015e-04
-1 -1 0 2 1.042969e+01 9.346445e-04
0 1 3 4 2.435182e+01 2.182260e-03
2 4 -1 -1 7.102539e+00 6.364859e-04
2 3 -1 -1 5.529596e+00 4.955284e-04
5 
-1 -1 1 2 1.576732e+01 1.412970e-03
-1 -1 0 2 2.144170e+00 1.921473e-04
0 1 3 4 1.911974e+01 1.713394e-03
2 4 -1 -1 1.404528e+01 1.258652e-03
2 3 -1 -1 1.467854e+01 1.315400e-03
5 
-1 -1 1 2 1.167145e+01 1.045924e-03
-1 -1 0 2 7.363723e+00 6.598916e-04
0 1 3 4 9.701125e+00 8.693552e-04
2 4 -1 -1 4.034724e+00 3.615672e-04
2 3 -1 -1 2.636982e+00 2.363101e-04
5 
-1 -1 1 2 5.330603e+00 4.776959e-04
-1 -1 0 2 1.093010e+01 9.794880e-04
0 1 3 4 1.656585e+01 1.484530e-03
2 4 -1 -1 2.293862e+01 2.055618e-03
2 3 -1 -1 9.939005e+00 8.906725e-04
5 
-1 -1 1 2 1.297858e+01 1.163061e-03
-1 -1 0 2 1.030980e+01 9.239009e-04
0 1 3 4 2.555981e+01 2.290513e-03
2 4 -1 -1 5.453367e+00 4.886972e-04
2 3 -1 -1 1.154380e+01 1.034484e-03
5 
-1 -1 1 2 4.723258e+00 4.232693e-04
-1 -1 0 2 7.508130e+00 6.728324e-04
0 1 3 4 1.409106e+01 1.262754e-03
2 4 -1 -1 1.202660e+01 1.077750e-03
2 3 -1 -1 1.326738e+01 1.188941e-03
5 
-1 -1 1 2 2.033731e+00 1.822505e-04
-1 -1 0 2 2.923507e+00 2.619867e-04
0 1 3 4 1.981322e+01 1.775539e-03
2 4 -1 -1 3.925798e+00 3.518059e-04
2 3 -1 -1 8.960717e+00 8.030044e-04
5 
-1 -1 1 2 2.855023e+00 2.558496e-04
-1 -1 0 2 7.148207e+00 6.405784e-04
0 1 3 4 1.556452e+01 1.394796e-03
2 4 -1 -1 7.180156e+00 6.434414e-04
2 3 -1 -1 1.519156e+01 1.361374e-03
5 
-1 -1 1 2 4.605618e+00 4.127271e-04
-1 -1 0 2 3.916485e+00 3.509713e-04
0 1 3 4 2.589714e+01 2.320742e-03
2 4 -1 -1 5.044544e+00 4.520610e-04
2 3 -1 -1 5.096155e+00 4.566861e-04
5 
-1 -1 1 2 7.185502e+00 6.439205e-04
-1 -1 0 2 7.377119e+00 6.610920e-04
0 1 3 4 2.021251e+01 1.811321e-03
2 4 -1 -1 1.265166e+01 1.133764e-03
2 3 -1 -1 4.079979e+00 3.656227e-04
5 
-1 -1 1 2 9.354982e+00 8.383360e-04
-1 -1 0 2 7.209768e+00 6.460951e-04
0 1 3 4 1.358982e+01 1.217836e-03
2 4 -1 -1 2.374055e+01 2.127482e-03
2 3 -1 -1 5.107016e+00 4.576594e-04
5 
-1 -1 1 2 6.960559e+00 6.237625e-04
-1 -1 0 2 4.276324e+00 3.832178e-04
0 1 3 4 1.324288e+01 1.186745e-03
2 4 -1 -1 5.169553e+00 4.632635e-04
2 3 -1 -1 6.880980e+00 6.166311e-04
5 
-1 -1 1 2 6.711083e+00 6.014060e-04
-1 -1 0 2 4.089115e+01 3.664413e-03
0 1 3 4 1.607490e+01 1.440534e-03
2 4 -1 -1 4.131959e+00 3.702808e-04
2 3 -1 -1 7.803156e+00 6.992709e-04
5 
-1 -1 1 2 6.123059e+00 5.487110e-04
-1 -1 0 2 4.656016e+00 4.172435e-04
0 1 3 4 1.292948e+01 1.158660e-03
2 4 -1 -1 1.423664e+01 1.275800e-03
2 3 -1 -1 4.089351e+00 3.664625e-04
5 
-1 -1 1 2 1.228354e+01 1.100775e-03
-1 -1 0 2 9.235477e+00 8.276267e-04
0 1 3 4 1.542804e+01 1.382566e-03
2 4 -1 -1 6.997152e+00 6.270418e-04
2 3 -1 -1 5.333231e+00 4.779314e-04
5 
-1 -1 1 2 1.406666e+01 1.260567e-03
-1 -1 0 2 1.209281e+01 1.083683e-03
0 1 3 4 2.465300e+01 2.209250e-03
2 4 -1 -1 4.055376e+00 3.634179e-04
2 3 -1 -1 5.943440e+00 5.326145e-04
5 
-1 -1 1 2 6.449824e+00 5.779935e-04
-1 -1 0 2 3.781501e+00 3.388749e-04
0 1 3 4 2.246209e+01 2.012915e-03
2 4 -1 -1 1.749236e+01 1.567558e-03
2 3 -1 -1 6.843754e+00 6.132952e-04
5 
-1 -1 1 2 4.486223e+00 4.020277e-04
-1 -1 0 2 1.082175e+01 9.697784e-04
0 1 3 4 1.668335e+01 1.495059e-03
2 4 -1 -1 7.580200e+00 6.792909e-04
2 3 -1 -1 6.067679e+00 5.437481e-04
5 
-1 -1 1 2 7.195973e+00 6.448589e-04
-1 -1 0 2 1.722834e+00 1.543898e-04
0 1 3 4 1.015634e+01 9.101486e-04
2 4 -1 -1 8.481547e+00 7.600641e-04
2 3 -1 -1 5.131092e+00 4.598170e-04
5 
-1 -1 1 2 5.264098e+00 4.717361e-04
-1 -1 0 2 1.609517e+01 1.442350e-03
0 1 3 4 1.200402e+01 1.075726e-03
2 4 -1 -1 9.236867e+00 8.277513e-04
2 3 -1 -1 1.911561e+01 1.713024e-03
5 
-1 -1 1 2 5.677489e+00 5.087816e-04
-1 -1 0 2 6.915881e+00 6.197588e-04
0 1 3 4 1.211409e+01 1.085591e-03
2 4 -1 -1 7.184337e+00 6.438161e-04
2 3 -1 -1 6.963713e+00 6.240452e-04
5 
-1 -1 1 2 1.256194e+01 1.125724e-03
-1 -1 0 2 6.371673e+00 5.709902e-04
0 1 3 4 1.645671e+01 1.474749e-03
2 4 -1 -1 2.441047e+01 2.187517e-03
2 3 -1 -1 3.663202e+01 3.282736e-03
5 
-1 -1 1 2 1.814326e+01 1.625888e-03
-1 -1 0 2 1.117625e+01 1.001547e-03
0 1 3 4 2.914633e+01 2.611915e-03
2 4 -1 -1 2.925588e+00 2.621732e-04
2 3 -1 -1 1.047377e+01 9.385950e-04
5 
-1 -1 1 2 4.187279e+00 3.752382e-04
-1 -1 0 2 4.586546e+00 4.110181e-04
0 1 3 4 2.479674e+01 2.222131e-03
2 4 -1 -1 9.974470e+00 8.938507e-04
2 3 -1 -1 4.974975e+00 4.458267e-04
5 
-1 -1 1 2 3.291694e+00 2.949814e-04
-1 -1 0 2 5.364988e+00 4.807772e-04
0 1 3 4 1.039004e+01 9.310914e-04
2 4 -1 -1 6.941865e+00 6.220873e-04
2 3 -1 -1 1.516685e+00 1.359160e-04
5 
-1 -1 1 2 7.475215e+00 6.698828e-04
-1 -1 0 2 1.269441e+01 1.137595e-03
0 1 3 4 1.409833e+01 1.263406e-03
2 4 -1 -1 4.273970e+00 3.830069e-04
2 3 -1 -1 1.205673e+01 1.080450e-03
5 
-1 -1 1 2 7.514635e+00 6.734154e-04
-1 -1 0 2 1.113603e+01 9.979426e-04
0 1 3 4 2.794640e+01 2.504384e-03
2 4 -1 -1 2.382539e+01 2.135085e-03
2 3 -1 -1 1.140300e+01 1.021866e-03
5 
-1 -1 1 2 8.128438e+00 7.284207e-04
-1 -1 0 2 6.884486e+00 6.169453e-04
0 1 3 4 1.872937e+01 1.678411e-03
2 4 -1 -1 1.240794e+01 1.111923e-03
2 3 -1 -1 2.099601e+00 1.881533e-04
5 
-1 -1 1 2 1.340388e+01 1.201174e-03
-1 -1 0 2 2.841046e+00 2.545971e-04
0 1 3 4 1.153316e+01 1.033531e-03
2 4 -1 -1 8.555711e+00 7.667102e-04
2 3 -1 -1 1.471517e+01 1.318683e-03
5 
-1 -1 1 2 5.857702e+00 5.249312e-04
-1 -1 0 2 7.123638e+00 6.383767e-04
0 1 3 4 1.864724e+01 1.671051e-03
2 4 -1 -1 2.720797e+00 2.438211e-04
2 3 -1 -1 1.596061e+01 1.430292e-03
5 
-1 -1 1 2 1.221884e+01 1.094977e-03
-1 -1 0 2 3.277481e+01 2.937077e-03
0 1 3 4 2.737019e+01 2.452749e-03
2 4 -1 -1 4.951131e+00 4.436899e-04
2 3 -1 -1 5.352937e+00 4.796973e-04
5 
-1 -1 1 2 6.235650e+00 5.588007e-04
-1 -1 0 2 6.545630e+00 5.865791e-04
0 1 3 4 1.766253e+01 1.582807e-03
2 4 -1 -1 2.366910e+00 2.121080e-04
2 3 -1 -1 1.535399e+00 1.375930e-04
5 
-1 -1 1 2 9.350612e+00 8.379443e-04
-1 -1 0 2 6.974959e+00 6.250529e-04
0 1 3 4 1.764039e+01 1.580823e-03
2 4 -1 -1 2.319173e+01 2.078300e-03
2 3 -1 -1 1.393467e+01 1.248739e-03
5 
-1 -1 1 2 1.852842e+01 1.660403e-03
-1 -1 0 2 2.817759e+00 2.525102e-04
0 1 3 4 1.837645e+01 1.646785e-03
2 4 -1 -1 4.530340e+00 4.059812e-04
2 3 -1 -1 8.636231e+00 7.739260e-04
5 
-1 -1 1 2 6.456199e+00 5.785649e-04
-1 -1 0 2 4.664305e+00 4.179863e-04
0 1 3 4 9.224686e+00 8.266596e-04
2 4 -1 -1 6.697093e+00 6.001523e-04
2 3 -1 -1 5.897775e+00 5.285223e-04
5 
-1 -1 1 2 1.653898e+01 1.482122e-03
-1 -1 0 2 1.111162e+01 9.957552e-04
0 1 3 4 2.570705e+01 2.303708e-03
2 4 -1 -1 5.850846e+00 5.243169e-04
2 3 -1 -1 5.299445e+00 4.749037e-04
5 
-1 -1 1 2 1.020661e+01 9.146539e-04
-1 -1 0 2 1.808569e+01 1.620728e-03
0 1 3 4 7.395177e+00 6.627103e-04
2 4 -1 -1 5.427229e+00 4.863549e-04
2 3 -1 -1 8.834998e+00 7.917382e-04
5 
-1 -1 1 2 2.973300e+00 2.664489e-04
-1 -1 0 2 1.050414e+01 9.413161e-04
0 1 3 4 1.329259e+01 1.191200e-03
2 4 -1 -1 6.443696e+00 5.774444e-04
2 3 -1 -1 7.027109e+00 6.297263e-04
5 
-1 -1 1 2 9.842851e+00 8.820558e-04
-1 -1 0 2 7.717645e+00 6.916079e-04
0 1 3 4 1.371079e+01 1.228677e-03
2 4 -1 -1 4.205818e+00 3.768995e-04
2 3 -1 -1 7.219041e+00 6.469260e-04
5 
-1 -1 1 2 1.072007e+01 9.606668e-04
-1 -1 0 2 1.269719e+01 1.137844e-03
0 1 3 4 2.390673e+01 2.142374e-03
2 4 -1 -1 4.624848e+00 4.144505e-04
2 3 -1 -1 9.236896e+00 8.277539e-04
5 
-1 -1 1 2 3.501908e+00 3.138194e-04
-1 -1 0 2 2.710536e+00 2.429016e-04
0 1 3 4 1.293576e+01 1.159223e-03
2 4 -1 -1 5.602341e+00 5.020474e-04
2 3 -1 -1 4.772040e+00 4.276408e-04
5 
-1 -1 1 2 2.367946e+01 2.122008e-03
-1 -1 0 2 1.047840e+01 9.390101e-04
0 1 3 4 3.114642e+01 2.791151e-03
2 4 -1 -1 2.579842e+00 2.311895e-04
2 3 -1 -1 6.502734e+00 5.827351e-04
5 
-1 -1 1 2 6.076053e+00 5.444985e-04
-1 -1 0 2 9.926057e+00 8.895122e-04
0 1 3 4 2.388269e+01 2.140220e-03
2 4 -1 -1 8.768893e+00 7.858143e-04
2 3 -1 -1 4.831284e+00 4.329500e-04
5 
-1 -1 1 2 3.868161e+00 3.466409e-04
-1 -1 0 2 7.461274e+00 6.686335e-04
0 1 3 4 2.365641e+01 2.119942e-03
2 4 -1 -1 8.752662e+00 7.843598e-04
2 3 -1 -1 1.107572e+01 9.925382e-04
5 
-1 -1 1 2 1.058950e+01 9.489660e-04
-1 -1 0 2 6.502021e+00 5.826711e-04
0 1 3 4 8.164342e+00 7.316382e-04
2 4 -1 -1 1.264844e+01 1.133476e-03
2 3 -1 -1 7.464219e+00 6.688974e-04
5 
-1 -1 1 2 9.158400e+00 8.207195e-04
-1 -1 0 2 5.578973e+00 4.999533e-04
0 1 3 4 9.848747e+00 8.825842e-04
2 4 -1 -1 6.010572e+00 5.386305e-04
2 3 -1 -1 2.496026e+00 2.236785e-04
5 
-1 -1 1 2 1.054633e+01 9.450971e-04
-1 -1 0 2 1.178828e+01 1.056394e-03
0 1 3 4 1.261538e+01 1.130513e-03
2 4 -1 -1 7.401973e+00 6.633193e-04
2 3 -1 -1 4.821279e+00 4.320534e-04
5 
-1 -1 1 2 2.024930e+01 1.814618e-03
-1 -1 0 2 3.757014e+00 3.366805e-04
0 1 3 4 1.149665e+01 1.030259e-03
2 4 -1 -1 5.923625e+00 5.308389e-04
2 3 -1 -1 5.712672e+00 5.119346e-04
5 
-1 -1 1 2 1.766100e+01 1.582670e-03
-1 -1 0 2 2.464106e+01 2.208180e-03
0 1 3 4 1.127544e+01 1.010435e-03
2 4 -1 -1 8.348243e+00 7.481182e-04
2 3 -1 -1 3.609655e+00 3.234751e-04
5 
-1 -1 1 2 8.068634e+00 7.230614e-04
-1 -1 0 2 1.139540e+01 1.021186e-03
0 1 3 4 1.462289e+01 1.310413e-03
2 4 -1 -1 2.991139e+01 2.680475e-03
2 3 -1 -1 5.914811e+00 5.300490e-04
5 
-1 -1 1 2 4.371261e+00 3.917256e-04
-1 -1 0 2 2.829348e+01 2.535488e-03
0 1 3 4 1.338953e+01 1.199888e-03
2 4 -1 -1 6.715583e+00 6.018092e-04
2 3 -1 -1 4.238761e+00 3.798517e-04
5 
-1 -1 1 2 6.660155e+00 5.968422e-04
-1 -1 0 2 2.217995e+01 1.987630e-03
0 1 3 4 1.584137e+01 1.419606e-03
2 4 -1 -1 5.256655e+00 4.710691e-04
2 3 -1 -1 6.537985e+00 5.858940e-04
5 
-1 -1 1 2 3.233668e+00 2.897815e-04
-1 -1 0 2 1.619647e+01 1.451428e-03
0 1 3 4 1.447350e+01 1.297027e-03
2 4 -1 -1 1.644248e+01 1.473474e-03
2 3 -1 -1 1.563300e+01 1.400933e-03
5 
-1 -1 1 2 7.672007e+00 6.875181e-04
-1 -1 0 2 2.372562e+00 2.126145e-04
0 1 3 4 1.909532e+01 1.711206e-03
2 4 -1 -1 2.014975e+01 1.805696e-03
2 3 -1 -1 2.159315e+01 1.935046e-03
5 
-1 -1 1 2 8.200495e+00 7.348780e-04
-1 -1 0 2 1.396617e+01 1.251562e-03
0 1 3 4 2.413209e+01 2.162570e-03
2 4 -1 -1 2.284093e+01 2.046864e-03
2 3 -1 -1 1.688198e+00 1.512859e-04
5 
-1 -1 1 2 7.962575e+00 7.135570e-04
-1 -1 0 2 2.469517e+01 2.213029e-03
0 1 3 4 1.994165e+01 1.787048e-03
2 4 -1 -1 2.796005e+00 2.505608e-04
2 3 -1 -1 1.980423e+00 1.774733e-04
5 
-1 -1 1 2 3.543936e+00 3.175858e-04
-1 -1 0 2 5.392343e+00 4.832286e-04
0 1 3 4 3.738264e+01 3.350002e-03
2 4 -1 -1 8.131125e+00 7.286614e-04
2 3 -1 -1 9.759039e+00 8.745451e-04
5 
-1 -1 1 2 1.203819e+01 1.078788e-03
-1 -1 0 2 1.241557e+01 1.112607e-03
0 1 3 4 2.199314e+01 1.970890e-03
2 4 -1 -1 4.719897e+00 4.229682e-04
2 3 -1 -1 7.852995e+00 7.037371e-04
5 
-1 -1 1 2 2.098385e+01 1.880444e-03
-1 -1 0 2 4.288297e+00 3.842908e-04
0 1 3 4 3.341290e+01 2.994259e-03
2 4 -1 -1 4.360681e+00 3.907774e-04
2 3 -1 -1 1.541500e+01 1.381397e-03
5 
-1 -1 1 2 1.702386e+01 1.525574e-03
-1 -1 0 2 2.705582e+01 2.424576e-03
0 1 3 4 1.862864e+01 1.669385e-03
2 4 -1 -1 1.697043e+00 1.520786e-04
2 3 -1 -1 1.212062e+01 1.086176e-03
5 
-1 -1 1 2 2.756919e+00 2.470581e-04
-1 -1 0 2 4.661255e+00 4.177130e-04
0 1 3 4 2.792345e+01 2.502328e-03
2 4 -1 -1 1.046408e+01 9.377265e-04
2 3 -1 -1 8.410515e+00 7.536987e-04
5 
-1 -1 1 2 2.003493e+00 1.795407e-04
-1 -1 0 2 4.969105e+00 4.453007e-04
0 1 3 4 3.143359e+01 2.816885e-03
2 4 -1 -1 9.994917e+00 8.956831e-04
2 3 -1 -1 1.449072e+01 1.298569e-03
5 
-1 -1 1 2 5.432830e+00 4.868568e-04
-1 -1 0 2 5.244038e+01 4.699384e-03
0 1 3 4 2.631553e+01 2.358236e-03
2 4 -1 -1 8.179547e+00 7.330008e-04
2 3 -1 -1 5.748180e+00 5.151165e-04
5 
-1 -1 1 2 1.559502e+01 1.397529e-03
-1 -1 0 2 1.274399e+01 1.142038e-03
0 1 3 4 3.347253e+01 2.999602e-03
2 4 -1 -1 1.345337e+01 1.205608e-03
2 3 -1 -1 4.606169e+00 4.127765e-04
5 
-1 -1 1 2 3.970426e+00 3.558052e-04
-1 -1 0 2 5.046968e+00 4.522782e-04
0 1 3 4 2.478441e+01 2.221026e-03
2 4 -1 -1 3.843667e+00 3.444458e-04
2 3 -1 -1 9.674008e+00 8.669251e-04
5 
-1 -1 1 2 4.134430e+00 3.705022e-04
-1 -1 0 2 1.138439e+01 1.020199e-03
0 1 3 4 1.883169e+01 1.687580e-03
2 4 -1 -1 9.932933e+00 8.901284e-04
2 3 -1 -1 1.003125e+01 8.989393e-04
5 
-1 -1 1 2 6.536920e+00 5.857985e-04
-1 -1 0 2 3.715553e+00 3.329650e-04
0 1 3 4 1.220794e+01 1.094000e-03
2 4 -1 -1 6.570912e+00 5.888447e-04
2 3 -1 -1 9.404012e+00 8.427297e-04
5 
-1 -1 1 2 7.978201e+00 7.149573e-04
-1 -1 0 2 7.045546e+00 6.313785e-04
0 1 3 4 9.764670e+00 8.750497e-04
2 4 -1 -1 1.968342e+00 1.763907e-04
2 3 -1 -1 7.340981e+00 6.578536e-04
5 
-1 -1 1 2 3.690764e+00 3.307436e-04
-1 -1 0 2 1.762901e+01 1.579803e-03
0 1 3 4 2.635977e+01 2.362201e-03
2 4 -1 -1 2.347664e+01 2.103832e-03
2 3 -1 -1 1.567253e+01 1.404475e-03
5 
-1 -1 1 2 5.608768e+00 5.026233e-04
-1 -1 0 2 1.684042e+01 1.509135e-03
0 1 3 4 1.440241e+01 1.290656e-03
2 4 -1 -1 3.714224e+00 3.328459e-04
2 3 -1 -1 1.065753e+01 9.550625e-04
5 
-1 -1 1 2 1.467397e+01 1.314991e-03
-1 -1 0 2 7.015365e+00 6.286739e-04
0 1 3 4 1.784156e+01 1.598851e-03
2 4 -1 -1 3.075538e+00 2.756108e-04
2 3 -1 -1 5.761021e+00 5.162673e-04
5 
-1 -1 1 2 8.490465e+00 7.608633e-04
-1 -1 0 2 1.056970e+01 9.471917e-04
0 1 3 4 1.586589e+01 1.421803e-03
2 4 -1 -1 1.291529e+01 1.157389e-03
2 3 -1 -1 1.703567e+00 1.526632e-04
5 
-1 -1 1 2 1.907040e+01 1.708972e-03
-1 -1 0 2 5.062175e+00 4.536410e-04
0 1 3 4 2.085036e+01 1.868481e-03
2 4 -1 -1 7.804025e+00 6.993487e-04
2 3 -1 -1 1.083656e+01 9.711055e-04
5 
-1 -1 1 2 9.770817e+00 8.756005e-04
-1 -1 0 2 4.905057e+00 4.395611e-04
0 1 3 4 2.146584e+01 1.923636e-03
2 4 -1 -1 1.222346e+01 1.095391e-03
2 3 -1 -1 3.354776e+00 3.006344e-04
5 
-1 -1 1 2 9.263121e+00 8.301040e-04
-1 -1 0 2 1.427962e+01 1.279651e-03
0 1 3 4 9.499404e+00 8.512782e-04
2 4 -1 -1 9.778873e+00 8.763225e-04
2 3 -1 -1 3.634751e+00 3.257240e-04
5 
-1 -1 1 2 9.355796e+00 8.384089e-04
-1 -1 0 2 1.736653e+01 1.556282e-03
0 1 3 4 2.254119e+01 2.020003e-03
2 4 -1 -1 7.408158e+00 6.638735e-04
2 3 -1 -1 1.873439e+01 1.678861e-03
5 
-1 -1 1 2 7.976821e+00 7.148336e-04
-1 -1 0 2 7.814735e+00 7.003086e-04
0 1 3 4 6.276138e+00 5.624289e-04
2 4 -1 -1 7.224991e+00 6.474593e-04
2 3 -1 -1 1.043311e+01 9.349515e-04
5 
-1 -1 1 2 7.736695e+00 6.933151e-04
-1 -1 0 2 6.880300e+00 6.165702e-04
0 1 3 4 2.649935e+01 2.374708e-03
2 4 -1 -1 4.361772e+00 3.908752e-04
2 3 -1 -1 8.963854e+00 8.032855e-04
5 
-1 -1 1 2 3.566813e+00 3.196358e-04
-1 -1 0 2 3.940153e+00 3.530923e-04
0 1 3 4 1.630865e+01 1.461481e-03
2 4 -1 -1 2.074322e+00 1.858880e-04
2 3 -1 -1 2.530363e+00 2.267555e-04
5 
-1 -1 1 2 2.660611e+01 2.384276e-03
-1 -1 0 2 3.661536e+00 3.281244e-04
0 1 3 4 1.597831e+01 1.431878e-03
2 4 -1 -1 2.558919e+00 2.293146e-04
2 3 -1 -1 1.159544e+01 1.039112e-03
5 
-1 -1 1 2 5.700507e+00 5.108444e-04
-1 -1 0 2 2.405258e+00 2.155444e-04
0 1 3 4 2.394930e+01 2.146189e-03
2 4 -1 -1 5.522833e+00 4.949223e-04
2 3 -1 -1 9.844270e+00 8.821829e-04
5 
-1 -1 1 2 8.484347e+00 7.603150e-04
-1 -1 0 2 1.770003e+01 1.586168e-03
0 1 3 4 1.585273e+01 1.420624e-03
2 4 -1 -1 2.894290e+00 2.593685e-04
2 3 -1 -1 3.249783e+01 2.912255e-03
5 
-1 -1 1 2 1.837535e+00 1.646686e-04
-1 -1 0 2 1.577834e+01 1.413958e-03
0 1 3 4 1.637279e+01 1.467229e-03
2 4 -1 -1 3.424876e+00 3.069163e-04
2 3 -1 -1 6.398216e+00 5.733688e-04
5 
-1 -1 1 2 4.258433e+00 3.816146e-04
-1 -1 0 2 1.949785e+01 1.747277e-03
0 1 3 4 1.152988e+01 1.033237e-03
2 4 -1 -1 4.265635e+00 3.822600e-04
2 3 -1 -1 4.122449e+00 3.694286e-04
5 
-1 -1 1 2 1.029606e+01 9.226696e-04
-1 -1 0 2 7.121310e+00 6.381680e-04
0 1 3 4 1.885514e+01 1.689681e-03
2 4 -1 -1 1.389842e+01 1.245491e-03
2 3 -1 -1 2.181050e+01 1.954523e-03
5 
-1 -1 1 2 1.199195e+01 1.074645e-03
-1 -1 0 2 3.167377e+00 2.838409e-04
0 1 3 4 1.527368e+01 1.368733e-03
2 4 -1 -1 1.180036e+01 1.057475e-03
2 3 -1 -1 8.163083e+00 7.315253e-04
5 
-1 -1 1 2 7.423084e+00 6.652112e-04
-1 -1 0 2 8.874037e+00 7.952367e-04
0 1 3 4 1.140417e+01 1.021971e-03
2 4 -1 -1 1.165956e+01 1.044858e-03
2 3 -1 -1 3.836210e+00 3.437776e-04
5 
-1 -1 1 2 3.871557e+01 3.469451e-03
-1 -1 0 2 5.685222e+00 5.094747e-04
0 1 3 4 3.291741e+01 2.949856e-03
2 4 -1 -1 1.412954e+01 1.266203e-03
2 3 -1 -1 1.690878e+01 1.515261e-03
5 
-1 -1 1 2 1.386728e+01 1.242701e-03
-1 -1 0 2 2.312662e+00 2.072465e-04
0 1 3 4 1.956627e+01 1.753409e-03
2 4 -1 -1 5.037072e+00 4.513914e-04
2 3 -1 -1 1.313652e+01 1.177214e-03
5 
-1 -1 1 2 1.061975e+01 9.516769e-04
-1 -1 0 2 8.235909e+00 7.380516e-04
0 1 3 4 7.029573e+00 6.299471e-04
2 4 -1 -1 6.352439e+00 5.692665e-04
2 3 -1 -1 1.461682e+01 1.309869e-03
5 
-1 -1 1 2 1.038598e+01 9.307278e-04
-1 -1 0 2 1.379353e+01 1.236091e-03
0 1 3 4 3.415300e+01 3.060582e-03
2 4 -1 -1 1.161617e+01 1.040969e-03
2 3 -1 -1 5.410848e+00 4.848869e-04
5 
-1 -1 1 2 2.435144e+00 2.182226e-04
-1 -1 0 2 8.872076e+00 7.950609e-04
0 1 3 4 1.865699e+01 1.671924e-03
2 4 -1 -1 8.711376e+00 7.806600e-04
2 3 -1 -1 1.833560e+01 1.643124e-03
5 
-1 -1 1 2 6.203746e+00 5.559416e-04
-1 -1 0 2 6.973456e+00 6.249183e-04
0 1 3 4 1.634472e+01 1.464713e-03
2 4 -1 -1 1.669441e+01 1.496050e-03
2 3 -1 -1 8.799908e+00 7.885936e-04
5 
-1 -1 1 2 1.199851e+01 1.075233e-03
-1 -1 0 2 8.551689e+00 7.663498e-04
0 1 3 4 1.481757e+01 1.327859e-03
2 4 -1 -1 8.684758e+00 7.782746e-04
2 3 -1 -1 3.279546e+00 2.938928e-04
5 
-1 -1 1 2 1.220583e+01 1.093811e-03
-1 -1 0 2 5.805451e+00 5.202489e-04
0 1 3 4 1.677073e+01 1.502890e-03
2 4 -1 -1 6.501558e+00 5.826297e-04
2 3 -1 -1 9.326806e+00 8.358110e-04
5 
-1 -1 1 2 6.641005e+00 5.951261e-04
-1 -1 0 2 7.006817e+00 6.279079e-04
0 1 3 4 1.731954e+01 1.552071e-03
2 4 -1 -1 6.242635e+00 5.594265e-04
2 3 -1 -1 8.556958e+00 7.668219e-04
5 
-1 -1 1 2 8.083452e+00 7.243893e-04
-1 -1 0 2 1.009161e+01 9.043477e-04
0 1 3 4 1.235060e+01 1.106785e-03
2 4 -1 -1 1.152486e+01 1.032787e-03
2 3 -1 -1 6.257158e+00 5.607280e-04
5 
-1 -1 1 2 1.402303e+01 1.256658e-03
-1 -1 0 2 5.692803e+00 5.101540e-04
0 1 3 4 2.366006e+01 2.120269e-03
2 4 -1 -1 5.235498e+00 4.691732e-04
2 3 -1 -1 1.525662e+01 1.367205e-03
5 
-1 -1 1 2 9.685149e+00 8.679235e-04
-1 -1 0 2 6.898678e+00 6.182171e-04
0 1 3 4 1.666261e+01 1.493201e-03
2 4 -1 -1 1.279935e+01 1.146999e-03
2 3 -1 -1 9.608508e+00 8.610554e-04
5 
-1 -1 1 2 4.397226e+00 3.940524e-04
-1 -1 0 2 5.961736e+00 5.342541e-04
0 1 3 4 2.480053e+01 2.222471e-03
2 4 -1 -1 7.390548e+00 6.622955e-04
2 3 -1 -1 3.206389e+01 2.873369e-03
5 
-1 -1 1 2 2.717667e+00 2.435406e-04
-1 -1 0 2 8.064218e+00 7.226656e-04
0 1 3 4 1.696155e+01 1.519990e-03
2 4 -1 -1 3.630353e+00 3.253299e-04
2 3 -1 -1 4.957402e+00 4.442519e-04
5 
-1 -1 1 2 1.304167e+01 1.168715e-03
-1 -1 0 2 1.392221e+01 1.247623e-03
0 1 3 4 2.683388e+01 2.404687e-03
2 4 -1 -1 3.589129e+00 3.216357e-04
2 3 -1 -1 6.566922e+00 5.884872e-04
5 
-1 -1 1 2 3.804103e+00 3.409003e-04
-1 -1 0 2 6.377783e+00 5.715377e-04
0 1 3 4 2.102270e+01 1.883925e-03
2 4 -1 -1 1.501258e+01 1.345335e-03
2 3 -1 -1 7.209825e+00 6.461002e-04
5 
-1 -1 1 2 1.369477e+01 1.227241e-03
-1 -1 0 2 4.367765e+00 3.914122e-04
0 1 3 4 2.021554e+01 1.811592e-03
2 4 -1 -1 5.949036e+00 5.331160e-04
2 3 -1 -1 9.734128e+00 8.723127e-04
5 
-1 -1 1 2 1.055997e+01 9.463195e-04
-1 -1 0 2 1.052078e+01 9.428072e-04
0 1 3 4 1.311421e+01 1.175214e-03
2 4 -1 -1 2.543143e+01 2.279009e-03
2 3 -1 -1 6.358728e+00 5.698301e-04
5 
-1 -1 1 2 5.937006e+00 5.320379e-04
-1 -1 0 2 6.342638e+00 5.683882e-04
0 1 3 4 2.398019e+01 2.148958e-03
2 4 -1 -1 9.775302e+00 8.760024e-04
2 3 -1 -1 3.340854e+00 2.993868e-04
5 
-1 -1 1 2 4.500584e+00 4.033147e-04
-1 -1 0 2 1.423232e+01 1.275413e-03
0 1 3 4 1.585730e+01 1.421034e-03
2 4 -1 -1 4.186766e+00 3.751922e-04
2 3 -1 -1 6.869295e+00 6.155840e-04
5 
-1 -1 1 2 3.013129e+00 2.700181e-04
-1 -1 0 2 1.375289e+01 1.232449e-03
0 1 3 4 2.326640e+01 2.084992e-03
2 4 -1 -1 8.272223e+00 7.413058e-04
2 3 -1 -1 1.567057e+00 1.404300e-04
5 
-1 -1 1 2 1.861230e+01 1.667920e-03
-1 -1 0 2 7.464200e+00 6.688957e-04
0 1 3 4 1.373330e+01 1.230694e-03
2 4 -1 -1 9.006405e+00 8.070987e-04
2 3 -1 -1 3.593750e+00 3.220498e-04
5 
-1 -1 1 2 6.191209e+00 5.548181e-04
-1 -1 0 2 6.576950e+00 5.893858e-04
0 1 3 4 8.934705e+00 8.006734e-04
2 4 -1 -1 4.672554e+00 4.187256e-04
2 3 -1 -1 1.066127e+01 9.553978e-04
5 
-1 -1 1 2 1.439759e+01 1.290224e-03
-1 -1 0 2 6.495414e+00 5.820791e-04
0 1 3 4 1.749127e+01 1.567461e-03
2 4 -1 -1 1.457241e+01 1.305890e-03
2 3 -1 -1 7.765679e+00 6.959125e-04
5 
-1 -1 1 2 1.031744e+01 9.245856e-04
-1 -1 0 2 1.829987e+01 1.639922e-03
0 1 3 4 2.814091e+01 2.521816e-03
2 4 -1 -1 6.134454e+00 5.497321e-04
2 3 -1 -1 1.166482e+01 1.045329e-03
5 
-1 -1 1 2 6.154685e+00 5.515450e-04
-1 -1 0 2 9.534350e+00 8.544098e-04
0 1 3 4 2.337037e+01 2.094309e-03
2 4 -1 -1 6.272295e+00 5.620845e-04
2 3 -1 -1 4.067745e+00 3.645263e-04
5 
-1 -1 1 2 1.072382e+01 9.610025e-04
-1 -1 0 2 3.556795e+00 3.187381e-04
0 1 3 4 2.395124e+01 2.146363e-03
2 4 -1 -1 7.787504e+00 6.978683e-04
2 3 -1 -1 3.841830e+00 3.442812e-04
5 
-1 -1 1 2 5.357994e+00 4.801505e-04
-1 -1 0 2 1.942139e+01 1.740425e-03
0 1 3 4 1.824767e+01 1.635244e-03
2 4 -1 -1 5.997679e+00 5.374751e-04
2 3 -1 -1 1.779108e+01 1.594327e-03
5 
-1 -1 1 2 5.104016e+00 4.573905e-04
-1 -1 0 2 6.124196e+00 5.488128e-04
0 1 3 4 7.012613e+00 6.284273e-04
2 4 -1 -1 9.053657e+00 8.113331e-04
2 3 -1 -1 5.771253e+00 5.171843e-04
5 
-1 -1 1 2 8.589099e+00 7.697023e-04
-1 -1 0 2 1.164918e+01 1.043928e-03
0 1 3 4 1.374246e+01 1.231515e-03
2 4 -1 -1 3.120893e+01 2.796753e-03
2 3 -1 -1 7.953104e+00 7.127083e-04
5 
-1 -1 1 2 1.886272e+01 1.690361e-03
-1 -1 0 2 3.146742e+00 2.819917e-04
0 1 3 4 2.321499e+01 2.080384e-03
2 4 -1 -1 4.266696e+00 3.823551e-04
2 3 -1 -1 1.329194e+01 1.191142e-03
5 
-1 -1 1 2 1.094733e+01 9.810326e-04
-1 -1 0 2 6.946014e+00 6.224591e-04
0 1 3 4 2.612606e+01 2.341257e-03
2 4 -1 -1 6.892533e+00 6.176664e-04
2 3 -1 -1 4.847070e+00 4.343646e-04
5 
-1 -1 1 2 6.804712e+00 6.097965e-04
-1 -1 0 2 1.833232e+01 1.642829e-03
0 1 3 4 1.607468e+01 1.440514e-03
2 4 -1 -1 7.814756e+00 7.003104e-04
2 3 -1 -1 1.120225e+01 1.003877e-03
5 
-1 -1 1 2 9.696891e+00 8.689758e-04
-1 -1 0 2 7.023464e+00 6.293996e-04
0 1 3 4 1.383050e+01 1.239405e-03
2 4 -1 -1 4.066760e+00 3.644380e-04
2 3 -1 -1 7.568583e+00 6.782499e-04
5 
-1 -1 1 2 2.774617e+00 2.486441e-04
-1 -1 0 2 3.842180e+00 3.443125e-04
0 1 3 4 2.474037e+01 2.217080e-03
2 4 -1 -1 2.684453e+00 2.405641e-04
2 3 -1 -1 6.374356e+00 5.712306e-04
5 
-1 -1 1 2 2.272421e+00 2.036404e-04
-1 -1 0 2 6.176626e+00 5.535113e-04
0 1 3 4 1.186870e+01 1.063600e-03
2 4 -1 -1 1.891025e+01 1.694620e-03
2 3 -1 -1 2.718407e+00 2.436070e-04
5 
-1 -1 1 2 1.620795e+01 1.452457e-03
-1 -1 0 2 3.034582e+00 2.719406e-04
0 1 3 4 1.159449e+01 1.039027e-03
2 4 -1 -1 4.776666e+00 4.280555e-04
2 3 -1 -1 1.538934e+01 1.379098e-03
5 
-1 -1 1 2 1.025889e+01 9.193391e-04
-1 -1 0 2 1.014295e+01 9.089486e-04
0 1 3 4 2.057495e+01 1.843800e-03
2 4 -1 -1 1.098122e+01 9.840698e-04
2 3 -1 -1 4.732419e+00 4.240903e-04
5 
-1 -1 1 2 1.158468e+01 1.038148e-03
-1 -1 0 2 1.245163e+01 1.115838e-03
0 1 3 4 7.673418e+00 6.876445e-04
2 4 -1 -1 1.718649e+01 1.540147e-03
2 3 -1 -1 4.232546e+00 3.792948e-04
5 
-1 -1 1 2 6.160729e+00 5.520867e-04
-1 -1 0 2 1.062371e+01 9.520319e-04
0 1 3 4 1.074865e+01 9.632277e-04
2 4 -1 -1 9.759363e+00 8.745741e-04
2 3 -1 -1 3.395757e+00 3.043068e-04
5 
-1 -1 1 2 1.471672e+01 1.318822e-03
-1 -1 0 2 8.179367e+00 7.329846e-04
0 1 3 4 2.431181e+01 2.178675e-03
2 4 -1 -1 5.996573e+00 5.373760e-04
2 3 -1 -1 5.376073e+00 4.817706e-04
5 
-1 -1 1 2 5.056847e+00 4.531636e-04
-1 -1 0 2 1.400298e+01 1.254861e-03
0 1 3 4 1.474510e+01 1.321365e-03
2 4 -1 -1 3.316112e+00 2.971695e-04
2 3 -1 -1 1.430006e+01 1.281483e-03
5 
-1 -1 1 2 5.311412e+00 4.759761e-04
-1 -1 0 2 4.102784e+00 3.676663e-04
0 1 3 4 3.238196e+01 2.901872e-03
2 4 -1 -1 3.218299e+00 2.884042e-04
2 3 -1 -1 4.057438e+00 3.636026e-04
5 
-1 -1 1 2 2.881255e+01 2.582003e-03
-1 -1 0 2 1.282460e+01 1.149262e-03
0 1 3 4 4.412017e+01 3.953779e-03
2 4 -1 -1 7.196355e+00 6.448931e-04
2 3 -1 -1 3.915931e+00 3.509217e-04
5 
-1 -1 1 2 2.926039e+01 2.622136e-03
-1 -1 0 2 5.988819e+00 5.366812e-04
0 1 3 4 1.186871e+01 1.063601e-03
2 4 -1 -1 2.422046e+01 2.170489e-03
2 3 -1 -1 5.279461e+00 4.731128e-04
5 
-1 -1 1 2 3.858543e+00 3.457789e-04
-1 -1 0 2 5.983015e+00 5.361610e-04
0 1 3 4 3.688775e+01 3.305653e-03
2 4 -1 -1 5.556828e+00 4.979688e-04
2 3 -1 -1 3.373009e+00 3.022684e-04
5 
-1 -1 1 2 4.942440e+00 4.429111e-04
-1 -1 0 2 1.025159e+01 9.186849e-04
0 1 3 4 1.048815e+01 9.398833e-04
2 4 -1 -1 9.748922e+00 8.736385e-04
2 3 -1 -1 1.286420e+01 1.152810e-03
5 
-1 -1 1 2 1.952004e+01 1.749266e-03
-1 -1 0 2 7.862638e+00 7.046013e-04
0 1 3 4 1.400656e+01 1.255182e-03
2 4 -1 -1 2.578653e+01 2.310830e-03
2 3 -1 -1 1.476275e+01 1.322947e-03
5 
-1 -1 1 2 5.981926e+00 5.360635e-04
-1 -1 0 2 6.447815e+00 5.778135e-04
0 1 3 4 1.397133e+01 1.252025e-03
2 4 -1 -1 6.544914e+00 5.865150e-04
2 3 -1 -1 1.136850e+01 1.018775e-03
5 
-1 -1 1 2 8.268588e+00 7.409800e-04
-1 -1 0 2 8.303220e+00 7.440835e-04
0 1 3 4 2.044424e+01 1.832088e-03
2 4 -1 -1 8.383888e+00 7.513125e-04
2 3 -1 -1 6.318917e+00 5.662625e-04
5 
-1 -1 1 2 2.038430e+00 1.826715e-04
-1 -1 0 2 2.445856e+01 2.191826e-03
0 1 3 4 2.341671e+01 2.098462e-03
2 4 -1 -1 8.213957e+00 7.360843e-04
2 3 -1 -1 3.647224e+00 3.268418e-04
5 
-1 -1 1 2 8.003856e+00 7.172564e-04
-1 -1 0 2 1.204666e+01 1.079548e-03
0 1 3 4 1.495306e+01 1.340002e-03
2 4 -1 -1 6.859552e+00 6.147109e-04
2 3 -1 -1 1.181306e+01 1.058613e-03
5 
-1 -1 1 2 3.470606e+00 3.110143e-04
-1 -1 0 2 9.526937e+00 8.537456e-04
0 1 3 4 1.522576e+01 1.364439e-03
2 4 -1 -1 8.874015e+00 7.952346e-04
2 3 -1 -1 4.791119e+00 4.293506e-04
5 
-1 -1 1 2 7.863287e+00 7.046594e-04
-1 -1 0 2 9.283205e+00 8.319038e-04
0 1 3 4 1.420343e+01 1.272824e-03
2 4 -1 -1 3.374881e+00 3.024361e-04
2 3 -1 -1 1.003453e+01 8.992327e-04
5 
-1 -1 1 2 1.599961e+01 1.433787e-03
-1 -1 0 2 1.258909e+01 1.128157e-03
0 1 3 4 1.403603e+01 1.257823e-03
2 4 -1 -1 6.136046e+00 5.498747e-04
2 3 -1 -1 1.444550e+01 1.294516e-03
5 
-1 -1 1 2 4.190517e+00 3.755284e-04
-1 -1 0 2 1.176087e+01 1.053937e-03
0 1 3 4 2.483853e+01 2.225876e-03
2 4 -1 -1 9.605177e+00 8.607569e-04
2 3 -1 -1 1.279985e+01 1.147044e-03
5 
-1 -1 1 2 3.890414e+00 3.486350e-04
-1 -1 0 2 1.846775e+01 1.654967e-03
0 1 3 4 2.420520e+01 2.169121e-03
2 4 -1 -1 7.272213e+00 6.516910e-04
2 3 -1 -1 8.547109e+00 7.659393e-04
5 
-1 -1 1 2 6.248693e+00 5.599695e-04
-1 -1 0 2 8.238842e+00 7.383143e-04
0 1 3 4 1.360783e+01 1.219450e-03
2 4 -1 -1 9.503784e+00 8.516707e-04
2 3 -1 -1 5.258478e+00 4.712325e-04
5 
-1 -1 1 2 1.347540e+01 1.207582e-03
-1 -1 0 2 2.576483e+00 2.308886e-04
0 1 3 4 1.228657e+01 1.101047e-03
2 4 -1 -1 4.797941e+00 4.299619e-04
2 3 -1 -1 1.152485e+01 1.032786e-03
5 
-1 -1 1 2 1.047539e+01 9.387398e-04
-1 -1 0 2 6.532087e+00 5.853655e-04
0 1 3 4 2.465006e+01 2.208987e-03
2 4 -1 -1 9.533153e+00 8.543026e-04
2 3 -1 -1 8.971129e+00 8.039374e-04
5 
-1 -1 1 2 7.312630e+00 6.553129e-04
-1 -1 0 2 8.816100e+00 7.900447e-04
0 1 3 4 1.545740e+01 1.385198e-03
2 4 -1 -1 2.702245e+01 2.421586e-03
2 3 -1 -1 1.285580e+01 1.152057e-03
5 
-1 -1 1 2 5.604698e+00 5.022586e-04
-1 -1 0 2 9.191949e+00 8.237259e-04
0 1 3 4 8.284668e+00 7.424211e-04
2 4 -1 -1 6.369556e+00 5.708005e-04
2 3 -1 -1 1.734369e+01 1.554235e-03
5 
-1 -1 1 2 8.043080e+00 7.207714e-04
-1 -1 0 2 6.346338e+00 5.687198e-04
0 1 3 4 1.011020e+01 9.060142e-04
2 4 -1 -1 1.112506e+01 9.969591e-04
2 3 -1 -1 1.904521e+01 1.706715e-03
5 
-1 -1 1 2 9.606275e+00 8.608553e-04
-1 -1 0 2 1.252680e+01 1.122575e-03
0 1 3 4 2.151474e+01 1.928019e-03
2 4 -1 -1 6.323316e+00 5.666567e-04
2 3 -1 -1 1.262776e+01 1.131622e-03
5 
-1 -1 1 2 7.773402e+00 6.966045e-04
-1 -1 0 2 1.399607e+01 1.254242e-03
0 1 3 4 2.742261e+01 2.457446e-03
2 4 -1 -1 1.222342e+01 1.095388e-03
2 3 -1 -1 1.464355e+01 1.312265e-03
5 
-1 -1 1 2 2.962904e+00 2.655173e-04
-1 -1 0 2 1.586693e+01 1.421897e-03
0 1 3 4 3.412808e+01 3.058349e-03
2 4 -1 -1 6.193518e+00 5.550250e-04
2 3 -1 -1 3.883001e+00 3.479706e-04
5 
-1 -1 1 2 4.104226e+00 3.677955e-04
-1 -1 0 2 1.110080e+01 9.947857e-04
0 1 3 4 1.308525e+01 1.172620e-03
2 4 -1 -1 1.050690e+01 9.415639e-04
2 3 -1 -1 1.045970e+01 9.373339e-04
5 
-1 -1 1 2 4.456533e+00 3.993671e-04
-1 -1 0 2 3.733961e+00 3.346146e-04
0 1 3 4 1.844800e+01 1.653197e-03
2 4 -1 -1 9.291343e+00 8.326330e-04
2 3 -1 -1 7.950795e+00 7.125013e-04
5 
-1 -1 1 2 2.202314e+01 1.973578e-03
-1 -1 0 2 1.603160e+01 1.436653e-03
0 1 3 4 1.997735e+01 1.790247e-03
2 4 -1 -1 4.318479e+00 3.869956e-04
2 3 -1 -1 1.091731e+01 9.783418e-04
5 
-1 -1 1 2 5.357112e+00 4.800715e-04
-1 -1 0 2 3.088806e+00 2.767998e-04
0 1 3 4 1.277587e+01 1.144895e-03
2 4 -1 -1 9.475460e+00 8.491325e-04
2 3 -1 -1 1.088689e+01 9.756161e-04
5 
-1 -1 1 2 3.138322e+00 2.812371e-04
-1 -1 0 2 2.458951e+01 2.203561e-03
0 1 3 4 2.510258e+01 2.249539e-03
2 4 -1 -1 2.441441e+01 2.187869e-03
2 3 -1 -1 1.857191e+01 1.664300e-03
5 
-1 -1 1 2 4.494156e+00 4.027386e-04
-1 -1 0 2 1.432468e+01 1.283690e-03
0 1 3 4 3.418796e+01 3.063715e-03
2 4 -1 -1 1.228167e+01 1.100607e-03
2 3 -1 -1 7.728901e+00 6.926166e-04
5 
-1 -1 1 2 8.595532e+00 7.702787e-04
-1 -1 0 2 1.999741e+00 1.792045e-04
0 1 3 4 1.746170e+01 1.564810e-03
2 4 -1 -1 7.356194e+00 6.592169e-04
2 3 -1 -1 8.152505e+00 7.305774e-04
5 
-1 -1 1 2 2.654647e+00 2.378931e-04
-1 -1 0 2 3.800938e+00 3.406167e-04
0 1 3 4 1.237710e+01 1.109159e-03
2 4 -1 -1 1.117315e+01 1.001269e-03
2 3 -1 -1 4.643450e+00 4.161174e-04
5 
-1 -1 1 2 7.463704e+00 6.688513e-04
-1 -1 0 2 1.145923e+01 1.026906e-03
0 1 3 4 2.495073e+01 2.235931e-03
2 4 -1 -1 1.060372e+01 9.502405e-04
2 3 -1 -1 3.235929e+00 2.899841e-04
5 
-1 -1 1 2 2.803103e+00 2.511969e-04
-1 -1 0 2 2.785680e+01 2.496355e-03
0 1 3 4 3.098005e+01 2.776242e-03
2 4 -1 -1 1.365285e+01 1.223485e-03
2 3 -1 -1 2.868996e+00 2.571018e-04
5 
-1 -1 1 2 3.829840e+00 3.432068e-04
-1 -1 0 2 8.411739e+00 7.538084e-04
0 1 3 4 1.515227e+01 1.357853e-03
2 4 -1 -1 3.475308e+00 3.114358e-04
2 3 -1 -1 7.282252e+00 6.525906e-04
5 
-1 -1 1 2 7.914792e+00 7.092750e-04
-1 -1 0 2 1.614259e+01 1.446599e-03
0 1 3 4 4.051815e+01 3.630988e-03
2 4 -1 -1 1.908640e+01 1.710406e-03
2 3 -1 -1 3.375188e+01 3.024636e-03
5 
-1 -1 1 2 8.164386e+00 7.316421e-04
-1 -1 0 2 1.596717e+01 1.430880e-03
0 1 3 4 9.276869e+00 8.313359e-04
2 4 -1 -1 7.955052e+00 7.128828e-04
2 3 -1 -1 7.143727e+00 6.401769e-04
5 
-1 -1 1 2 8.689346e+00 7.786857e-04
-1 -1 0 2 4.407531e+00 3.949759e-04
0 1 3 4 3.931015e+01 3.522734e-03
2 4 -1 -1 3.018197e+00 2.704722e-04
2 3 -1 -1 7.217547e+00 6.467922e-04
5 
-1 -1 1 2 5.774307e+00 5.174579e-04
-1 -1 0 2 4.351844e+00 3.899855e-04
0 1 3 4 2.445714e+01 2.191699e-03
2 4 -1 -1 1.201553e+01 1.076758e-03
2 3 -1 -1 7.229470e+00 6.478607e-04
5 
-1 -1 1 2 5.416680e+00 4.854095e-04
-1 -1 0 2 6.355209e+00 5.695147e-04
0 1 3 4 1.836753e+01 1.645985e-03
2 4 -1 -1 6.668039e+00 5.975487e-04
2 3 -1 -1 8.312800e+00 7.449421e-04
5 
-1 -1 1 2 1.878595e+01 1.683481e-03
-1 -1 0 2 1.084669e+01 9.720135e-04
0 1 3 4 1.802015e+01 1.614855e-03
2 4 -1 -1 1.214371e+01 1.088244e-03
2 3 -1 -1 6.525241e+00 5.847520e-04
5 
-1 -1 1 2 1.365184e+01 1.223394e-03
-1 -1 0 2 1.034946e+01 9.274554e-04
0 1 3 4 1.569624e+01 1.406600e-03
2 4 -1 -1 3.620519e+00 3.244487e-04
2 3 -1 -1 5.750151e+00 5.152932e-04
5 
-1 -1 1 2 3.854592e+00 3.454248e-04
-1 -1 0 2 2.850043e+00 2.554033e-04
0 1 3 4 1.665137e+01 1.492193e-03
2 4 -1 -1 2.754522e+00 2.468434e-04
2 3 -1 -1 8.698116e+00 7.794717e-04
5 
-1 -1 1 2 1.446066e+01 1.295875e-03
-1 -1 0 2 4.244764e+00 3.803896e-04
0 1 3 4 1.482887e+01 1.328872e-03
2 4 -1 -1 7.224495e+00 6.474149e-04
2 3 -1 -1 7.361606e+00 6.597019e-04
5 
-1 -1 1 2 6.715422e+00 6.017948e-04
-1 -1 0 2 7.810212e+00 6.999032e-04
0 1 3 4 3.763172e+01 3.372324e-03
2 4 -1 -1 7.347372e+00 6.584264e-04
2 3 -1 -1 1.605357e+01 1.438623e-03
5 
-1 -1 1 2 6.835360e+00 6.125430e-04
-1 -1 0 2 3.181132e+00 2.850735e-04
0 1 3 4 1.752364e+01 1.570360e-03
2 4 -1 -1 1.584385e+01 1.419828e-03
2 3 -1 -1 5.686946e+00 5.096291e-04
5 
-1 -1 1 2 9.333310e+00 8.363939e-04
-1 -1 0 2 7.080926e+00 6.345491e-04
0 1 3 4 1.442299e+01 1.292500e-03
2 4 -1 -1 4.161629e+00 3.729396e-04
2 3 -1 -1 3.947981e+00 3.537938e-04
5 
-1 -1 1 2 7.922368e+00 7.099539e-04
-1 -1 0 2 9.503589e+00 8.516532e-04
0 1 3 4 9.834213e+00 8.812818e-04
2 4 -1 -1 1.080734e+01 9.684870e-04
2 3 -1 -1 5.802182e+00 5.199559e-04
5 
-1 -1 1 2 2.751141e+00 2.465404e-04
-1 -1 0 2 2.864691e+00 2.567160e-04
0 1 3 4 1.380579e+01 1.237190e-03
2 4 -1 -1 2.067179e+01 1.852479e-03
2 3 -1 -1 1.843076e+01 1.651652e-03
5 
-1 -1 1 2 6.899587e+00 6.182986e-04
-1 -1 0 2 7.141702e+00 6.399954e-04
0 1 3 4 1.096535e+01 9.826471e-04
2 4 -1 -1 4.580798e+00 4.105029e-04
2 3 -1 -1 9.185975e+00 8.231906e-04
5 
-1 -1 1 2 1.137087e+01 1.018987e-03
-1 -1 0 2 7.667024e+00 6.870716e-04
0 1 3 4 1.276933e+01 1.144309e-03
2 4 -1 -1 8.897062e+00 7.973000e-04
2 3 -1 -1 7.623043e+00 6.831302e-04
5 
-1 -1 1 2 2.476820e+00 2.219574e-04
-1 -1 0 2 2.275571e+01 2.039227e-03
0 1 3 4 3.678957e+01 3.296855e-03
2 4 -1 -1 6.013766e+00 5.389167e-04
2 3 -1 -1 3.101382e+01 2.779268e-03
5 
-1 -1 1 2 7.246884e+00 6.494212e-04
-1 -1 0 2 6.114137e+00 5.479114e-04
0 1 3 4 9.623704e+00 8.624172e-04
2 4 -1 -1 1.380454e+01 1.237078e-03
2 3 -1 -1 3.009677e+00 2.697088e-04
5 
-1 -1 1 2 5.986340e+00 5.364590e-04
-1 -1 0 2 7.564411e+00 6.778760e-04
0 1 3 4 1.425734e+01 1.277655e-03
2 4 -1 -1 4.371801e+00 3.917739e-04
2 3 -1 -1 8.624891e+00 7.729097e-04
5 
-1 -1 1 2 2.040564e+01 1.828628e-03
-1 -1 0 2 2.948267e+00 2.642056e-04
0 1 3 4 5.026044e+01 4.504031e-03
2 4 -1 -1 2.992501e+00 2.681696e-04
2 3 -1 -1 2.589240e+00 2.320317e-04
5 
-1 -1 1 2 1.125970e+01 1.009025e-03
-1 -1 0 2 1.609563e+01 1.442392e-03
0 1 3 4 7.643760e+00 6.849868e-04
2 4 -1 -1 5.698082e+00 5.106271e-04
2 3 -1 -1 3.587557e+00 3.214948e-04
5 
-1 -1 1 2 9.063718e+00 8.122347e-04
-1 -1 0 2 8.342830e+00 7.476331e-04
0 1 3 4 3.132331e+01 2.807002e-03
2 4 -1 -1 1.525951e+00 1.367463e-04
2 3 -1 -1 5.404352e+00 4.843048e-04
5 
-1 -1 1 2 3.592199e+00 3.219108e-04
-1 -1 0 2 1.368700e+01 1.226545e-03
0 1 3 4 2.254395e+01 2.020250e-03
2 4 -1 -1 2.379923e+00 2.132741e-04
2 3 -1 -1 1.760937e+00 1.578043e-04
5 
-1 -1 1 2 5.767686e+00 5.168646e-04
-1 -1 0 2 2.462736e+00 2.206953e-04
0 1 3 4 1.456748e+01 1.305448e-03
2 4 -1 -1 1.064153e+01 9.536284e-04
2 3 -1 -1 2.751491e+01 2.465717e-03
5 
-1 -1 1 2 1.460726e+01 1.309013e-03
-1 -1 0 2 8.792732e+00 7.879506e-04
0 1 3 4 1.807418e+01 1.619697e-03
2 4 -1 -1 1.593604e+01 1.428090e-03
2 3 -1 -1 9.748513e+00 8.736018e-04
