H 
4.000000e+01 
200 
5 
-1 -1 1 2 1.040474e+01 2.071077e-04
-1 -1 0 2 2.810106e+01 5.593549e-04
0 1 3 4 1.370365e+02 2.727727e-03
2 4 -1 -1 8.941919e+01 1.779900e-03
2 3 -1 -1 3.687190e+01 7.339395e-04
5 
-1 -1 1 2 1.717254e+01 3.418215e-04
-1 -1 0 2 2.978957e+01 5.929650e-04
0 1 3 4 2.488548e+01 4.953485e-04
2 4 -1 -1 3.674287e+01 7.313713e-04
2 3 -1 -1 3.934947e+01 7.832559e-04
5 
-1 -1 1 2 3.919110e+01 7.801036e-04
-1 -1 0 2 2.298033e+01 4.574263e-04
0 1 3 4 6.808082e+01 1.355157e-03
2 4 -1 -1 1.100041e+01 2.189644e-04
2 3 -1 -1 4.234786e+01 8.429392e-04
5 
-1 -1 1 2 5.540398e+01 1.102823e-03
-1 -1 0 2 3.785239e+01 7.534564e-04
0 1 3 4 2.167660e+01 4.314753e-04
2 4 -1 -1 4.682229e+01 9.320033e-04
2 3 -1 -1 2.865340e+01 5.703493e-04
5 
-1 -1 1 2 3.947541e+01 7.857627e-04
-1 -1 0 2 1.031231e+01 2.052677e-04
0 1 3 4 4.439062e+01 8.836007e-04
2 4 -1 -1 2.187661e+02 4.354566e-03
2 3 -1 -1 2.838100e+01 5.649272e-04
5 
-1 -1 1 2 4.434993e+01 8.827906e-04
-1 -1 0 2 3.727703e+01 7.420038e-04
0 1 3 4 6.222827e+01 1.238661e-03
2 4 -1 -1 1.361484e+01 2.710051e-04
2 3 -1 -1 8.614013e+01 1.714630e-03
5 
-1 -1 1 2 2.765938e+01 5.505632e-04
-1 -1 0 2 4.272781e+01 8.505023e-04
0 1 3 4 4.897163e+01 9.747862e-04
2 4 -1 -1 6.839009e+01 1.361313e-03
2 3 -1 -1 7.915739e+01 1.575637e-03
5 
-1 -1 1 2 1.061567e+02 2.113062e-03
-1 -1 0 2 6.061248e+01 1.206499e-03
0 1 3 4 3.996264e+01 7.954611e-04
2 4 -1 -1 4.248813e+01 8.457314e-04
2 3 -1 -1 4.783012e+01 9.520643e-04
5 
-1 -1 1 2 4.895024e+01 9.743603e-04
-1 -1 0 2 2.481168e+01 4.938794e-04
0 1 3 4 9.284463e+01 1.848084e-03
2 4 -1 -1 1.844084e+01 3.670671e-04
2 3 -1 -1 4.533221e+01 9.023430e-04
5 
-1 -1 1 2 6.629645e+01 1.319639e-03
-1 -1 0 2 5.816349e+01 1.157751e-03
0 1 3 4 6.247212e+01 1.243515e-03
2 4 -1 -1 2.620853e+01 5.216839e-04
2 3 -1 -1 1.418193e+01 2.822931e-04
5 
-1 -1 1 2 1.091020e+02 2.171689e-03
-1 -1 0 2 3.226952e+01 6.423287e-04
0 1 3 4 7.361634e+01 1.465342e-03
2 4 -1 -1 1.685189e+01 3.354388e-04
2 3 -1 -1 2.317463e+01 4.612938e-04
5 
-1 -1 1 2 2.659786e+01 5.294337e-04
-1 -1 0 2 4.366984e+01 8.692533e-04
0 1 3 4 7.202822e+01 1.433730e-03
2 4 -1 -1 1.183877e+01 2.356522e-04
2 3 -1 -1 5.873247e+01 1.169077e-03
5 
-1 -1 1 2 1.593748e+02 3.172374e-03
-1 -1 0 2 4.408197e+01 8.774568e-04
0 1 3 4 6.577591e+01 1.309277e-03
2 4 -1 -1 1.228510e+01 2.445365e-04
2 3 -1 -1 3.203172e+01 6.375953e-04
5 
-1 -1 1 2 7.962601e+01 1.584965e-03
-1 -1 0 2 3.761855e+01 7.488017e-04
0 1 3 4 4.375548e+01 8.709581e-04
2 4 -1 -1 1.119944e+01 2.229261e-04
2 3 -1 -1 5.431023e+01 1.081052e-03
5 
-1 -1 1 2 6.670714e+01 1.327814e-03
-1 -1 0 2 2.401079e+01 4.779376e-04
0 1 3 4 3.217634e+01 6.404740e-04
2 4 -1 -1 2.316482e+01 4.610984e-04
2 3 -1 -1 8.037412e+01 1.599856e-03
5 
-1 -1 1 2 4.800626e+01 9.555704e-04
-1 -1 0 2 2.455818e+01 4.888335e-04
0 1 3 4 2.466295e+01 4.909190e-04
2 4 -1 -1 1.929063e+01 3.839822e-04
2 3 -1 -1 1.214827e+02 2.418128e-03
5 
-1 -1 1 2 7.328886e+01 1.458824e-03
-1 -1 0 2 2.694760e+01 5.363952e-04
0 1 3 4 1.475176e+02 2.936356e-03
2 4 -1 -1 5.029449e+01 1.001118e-03
2 3 -1 -1 9.463051e+01 1.883632e-03
5 
-1 -1 1 2 4.503969e+01 8.965204e-04
-1 -1 0 2 6.904126e+01 1.374275e-03
0 1 3 4 5.662987e+01 1.127224e-03
2 4 -1 -1 4.344504e+01 8.647788e-04
2 3 -1 -1 5.753567e+01 1.145254e-03
5 
-1 -1 1 2 3.023357e+01 6.018028e-04
-1 -1 0 2 6.436621e+01 1.281217e-03
0 1 3 4 4.336278e+01 8.631413e-04
2 4 -1 -1 2.395458e+01 4.768187e-04
2 3 -1 -1 1.165046e+01 2.319039e-04
5 
-1 -1 1 2 1.377073e+01 2.741079e-04
-1 -1 0 2 3.726220e+01 7.417085e-04
0 1 3 4 5.182420e+01 1.031567e-03
2 4 -1 -1 2.985907e+01 5.943484e-04
2 3 -1 -1 1.396308e+01 2.779368e-04
5 
-1 -1 1 2 1.316598e+01 2.620705e-04
-1 -1 0 2 3.840619e+01 7.644799e-04
0 1 3 4 6.457052e+01 1.285284e-03
2 4 -1 -1 2.190068e+01 4.359357e-04
2 3 -1 -1 2.303413e+01 4.584972e-04
5 
-1 -1 1 2 1.852183e+01 3.686793e-04
-1 -1 0 2 8.270266e+01 1.646206e-03
0 1 3 4 1.384236e+02 2.755339e-03
2 4 -1 -1 4.030577e+01 8.022912e-04
2 3 -1 -1 8.336245e+01 1.659340e-03
5 
-1 -1 1 2 4.137911e+01 8.236561e-04
-1 -1 0 2 4.554108e+01 9.065007e-04
0 1 3 4 7.002944e+01 1.393944e-03
2 4 -1 -1 2.971182e+01 5.914174e-04
2 3 -1 -1 8.870276e+00 1.765639e-04
5 
-1 -1 1 2 1.096704e+02 2.183003e-03
-1 -1 0 2 1.331836e+01 2.651036e-04
0 1 3 4 2.733470e+01 5.441005e-04
2 4 -1 -1 1.082654e+02 2.155036e-03
2 3 -1 -1 6.160834e+01 1.226321e-03
5 
-1 -1 1 2 8.064818e+01 1.605312e-03
-1 -1 0 2 1.865498e+01 3.713296e-04
0 1 3 4 4.391462e+01 8.741258e-04
2 4 -1 -1 6.670973e+01 1.327865e-03
2 3 -1 -1 3.695281e+01 7.355501e-04
5 
-1 -1 1 2 1.953747e+01 3.888957e-04
-1 -1 0 2 8.660231e+01 1.723829e-03
0 1 3 4 4.939411e+01 9.831957e-04
2 4 -1 -1 1.080407e+02 2.150563e-03
2 3 -1 -1 6.546760e+01 1.303140e-03
5 
-1 -1 1 2 3.410486e+01 6.788614e-04
-1 -1 0 2 4.129424e+01 8.219668e-04
0 1 3 4 8.056695e+01 1.603695e-03
2 4 -1 -1 3.703229e+01 7.371321e-04
2 3 -1 -1 1.433153e+02 2.852709e-03
5 
-1 -1 1 2 5.979601e+01 1.190247e-03
-1 -1 0 2 2.808203e+01 5.589761e-04
0 1 3 4 1.494487e+02 2.974795e-03
2 4 -1 -1 1.967532e+01 3.916395e-04
2 3 -1 -1 2.654737e+01 5.284286e-04
5 
-1 -1 1 2 6.749631e+01 1.343522e-03
-1 -1 0 2 2.435919e+01 4.848726e-04
0 1 3 4 3.725736e+01 7.416121e-04
2 4 -1 -1 2.900136e+01 5.772756e-04
2 3 -1 -1 2.781850e+01 5.537307e-04
5 
-1 -1 1 2 4.555064e+01 9.066910e-04
-1 -1 0 2 3.443633e+01 6.854593e-04
0 1 3 4 4.093745e+01 8.148649e-04
2 4 -1 -1 3.879609e+01 7.722408e-04
2 3 -1 -1 1.364249e+02 2.715555e-03
5 
-1 -1 1 2 6.322800e+01 1.258561e-03
-1 -1 0 2 1.262544e+02 2.513109e-03
0 1 3 4 5.463359e+01 1.087488e-03
2 4 -1 -1 1.529956e+02 3.045396e-03
2 3 -1 -1 5.333733e+01 1.061686e-03
5 
-1 -1 1 2 8.088527e+01 1.610031e-03
-1 -1 0 2 5.356308e+01 1.066180e-03
0 1 3 4 4.463039e+01 8.883732e-04
2 4 -1 -1 6.695457e+01 1.332739e-03
2 3 -1 -1 2.499289e+01 4.974864e-04
5 
-1 -1 1 2 1.585916e+01 3.156785e-04
-1 -1 0 2 1.537408e+01 3.060229e-04
0 1 3 4 4.398542e+01 8.755351e-04
2 4 -1 -1 2.453284e+01 4.883292e-04
2 3 -1 -1 2.894987e+01 5.762506e-04
5 
-1 -1 1 2 4.266769e+01 8.493055e-04
-1 -1 0 2 2.897405e+01 5.767320e-04
0 1 3 4 6.896957e+01 1.372848e-03
2 4 -1 -1 1.452250e+01 2.890722e-04
2 3 -1 -1 2.384258e+01 4.745893e-04
5 
-1 -1 1 2 1.716777e+02 3.417265e-03
-1 -1 0 2 4.861477e+01 9.676827e-04
0 1 3 4 7.881594e+01 1.568841e-03
2 4 -1 -1 2.573579e+02 5.122740e-03
2 3 -1 -1 3.017707e+01 6.006782e-04
5 
-1 -1 1 2 3.164380e+01 6.298737e-04
-1 -1 0 2 2.972788e+01 5.917370e-04
0 1 3 4 5.888424e+01 1.172098e-03
2 4 -1 -1 2.533612e+01 5.043185e-04
2 3 -1 -1 5.460217e+01 1.086863e-03
5 
-1 -1 1 2 3.543054e+01 7.052491e-04
-1 -1 0 2 9.559849e+01 1.902899e-03
0 1 3 4 4.593141e+01 9.142702e-04
2 4 -1 -1 4.170578e+01 8.301586e-04
2 3 -1 -1 1.911612e+01 3.805088e-04
5 
-1 -1 1 2 5.175852e+01 1.030260e-03
-1 -1 0 2 1.931184e+01 3.844045e-04
0 1 3 4 2.860207e+01 5.693277e-04
2 4 -1 -1 2.399216e+01 4.775667e-04
2 3 -1 -1 2.901467e+01 5.775404e-04
5 
-1 -1 1 2 7.301957e+01 1.453463e-03
-1 -1 0 2 2.298283e+01 4.574760e-04
0 1 3 4 6.305734e+01 1.255164e-03
2 4 -1 -1 1.321926e+02 2.631309e-03
2 3 -1 -1 2.874004e+01 5.720740e-04
5 
-1 -1 1 2 3.969908e+01 7.902149e-04
-1 -1 0 2 2.700655e+01 5.375685e-04
0 1 3 4 2.262030e+01 4.502598e-04
2 4 -1 -1 1.563945e+02 3.113051e-03
2 3 -1 -1 5.147459e+01 1.024608e-03
5 
-1 -1 1 2 1.807734e+01 3.598317e-04
-1 -1 0 2 6.224986e+01 1.239091e-03
0 1 3 4 1.329459e+02 2.646303e-03
2 4 -1 -1 4.247041e+01 8.453786e-04
2 3 -1 -1 1.073769e+01 2.137349e-04
5 
-1 -1 1 2 1.608119e+02 3.200980e-03
-1 -1 0 2 3.722077e+01 7.408839e-04
0 1 3 4 6.717739e+01 1.337174e-03
2 4 -1 -1 5.734042e+01 1.141368e-03
2 3 -1 -1 6.917665e+01 1.376970e-03
5 
-1 -1 1 2 1.311664e+01 2.610883e-04
-1 -1 0 2 5.227927e+01 1.040625e-03
0 1 3 4 4.273207e+01 8.505870e-04
2 4 -1 -1 2.000401e+01 3.981822e-04
2 3 -1 -1 2.126075e+01 4.231978e-04
5 
-1 -1 1 2 4.979214e+01 9.911185e-04
-1 -1 0 2 5.517581e+01 1.098281e-03
0 1 3 4 7.045169e+01 1.402349e-03
2 4 -1 -1 8.505365e+01 1.693003e-03
2 3 -1 -1 2.695295e+01 5.365018e-04
5 
-1 -1 1 2 3.086810e+01 6.144333e-04
-1 -1 0 2 2.432374e+01 4.841669e-04
0 1 3 4 3.460291e+01 6.887751e-04
2 4 -1 -1 5.814974e+01 1.157478e-03
2 3 -1 -1 5.420349e+01 1.078927e-03
5 
-1 -1 1 2 7.518563e+01 1.496579e-03
-1 -1 0 2 7.318817e+01 1.456819e-03
0 1 3 4 7.011842e+01 1.395716e-03
2 4 -1 -1 4.523341e+01 9.003764e-04
2 3 -1 -1 8.343352e+01 1.660754e-03
5 
-1 -1 1 2 2.926818e+01 5.825867e-04
-1 -1 0 2 4.032604e+01 8.026947e-04
0 1 3 4 6.137957e+01 1.221768e-03
2 4 -1 -1 4.727583e+01 9.410311e-04
2 3 -1 -1 2.343719e+01 4.665201e-04
5 
-1 -1 1 2 2.638080e+01 5.251131e-04
-1 -1 0 2 2.468810e+01 4.914197e-04
0 1 3 4 7.227969e+01 1.438736e-03
2 4 -1 -1 2.821450e+01 5.616131e-04
2 3 -1 -1 1.416189e+01 2.818941e-04
5 
-1 -1 1 2 8.692002e+00 1.730153e-04
-1 -1 0 2 4.806708e+01 9.567810e-04
0 1 3 4 2.711454e+01 5.397182e-04
2 4 -1 -1 4.745760e+01 9.446493e-04
2 3 -1 -1 6.047086e+01 1.203680e-03
5 
-1 -1 1 2 6.903271e+01 1.374104e-03
-1 -1 0 2 3.190437e+01 6.350602e-04
0 1 3 4 5.488322e+01 1.092457e-03
2 4 -1 -1 1.770372e+01 3.523946e-04
2 3 -1 -1 1.658627e+01 3.301517e-04
5 
-1 -1 1 2 3.773891e+01 7.511976e-04
-1 -1 0 2 4.011952e+01 7.985838e-04
0 1 3 4 3.543869e+01 7.054113e-04
2 4 -1 -1 1.568690e+01 3.122496e-04
2 3 -1 -1 2.063033e+01 4.106493e-04
5 
-1 -1 1 2 2.504968e+01 4.986168e-04
-1 -1 0 2 4.285499e+01 8.530337e-04
0 1 3 4 3.841982e+01 7.647512e-04
2 4 -1 -1 6.278380e+01 1.249719e-03
2 3 -1 -1 7.392016e+01 1.471390e-03
5 
-1 -1 1 2 3.023353e+01 6.018020e-04
-1 -1 0 2 5.582113e+01 1.111126e-03
0 1 3 4 5.916399e+01 1.177666e-03
2 4 -1 -1 1.953486e+01 3.888438e-04
2 3 -1 -1 1.699046e+01 3.381972e-04
5 
-1 -1 1 2 5.694829e+01 1.133562e-03
-1 -1 0 2 2.576739e+01 5.129029e-04
0 1 3 4 7.480121e+01 1.488927e-03
2 4 -1 -1 4.429182e+01 8.816341e-04
2 3 -1 -1 1.787014e+01 3.557073e-04
5 
-1 -1 1 2 4.783251e+01 9.521118e-04
-1 -1 0 2 5.103190e+01 1.015796e-03
0 1 3 4 4.041303e+01 8.044262e-04
2 4 -1 -1 5.689544e+01 1.132511e-03
2 3 -1 -1 2.387564e+01 4.752476e-04
5 
-1 -1 1 2 2.295288e+01 4.568798e-04
-1 -1 0 2 4.327126e+01 8.613195e-04
0 1 3 4 3.247601e+01 6.464389e-04
2 4 -1 -1 6.732406e+01 1.340093e-03
2 3 -1 -1 1.860771e+02 3.703887e-03
5 
-1 -1 1 2 1.040442e+02 2.071012e-03
-1 -1 0 2 2.697748e+01 5.369899e-04
0 1 3 4 4.052094e+01 8.065741e-04
2 4 -1 -1 5.660760e+01 1.126781e-03
2 3 -1 -1 2.111355e+01 4.202677e-04
5 
-1 -1 1 2 3.358518e+01 6.685171e-04
-1 -1 0 2 2.861003e+01 5.694860e-04
0 1 3 4 4.390325e+01 8.738995e-04
2 4 -1 -1 1.398589e+01 2.783908e-04
2 3 -1 -1 5.550397e+01 1.104813e-03
5 
-1 -1 1 2 6.708055e+01 1.335246e-03
-1 -1 0 2 9.814013e+01 1.953491e-03
0 1 3 4 2.717658e+01 5.409532e-04
2 4 -1 -1 2.537086e+01 5.050100e-04
2 3 -1 -1 2.469916e+01 4.916397e-04
5 
-1 -1 1 2 2.843600e+01 5.660221e-04
-1 -1 0 2 2.707567e+01 5.389444e-04
0 1 3 4 3.211732e+01 6.392990e-04
2 4 -1 -1 3.075977e+01 6.122769e-04
2 3 -1 -1 1.217685e+02 2.423816e-03
5 
-1 -1 1 2 1.588171e+01 3.161272e-04
-1 -1 0 2 2.964521e+01 5.900916e-04
0 1 3 4 6.418290e+01 1.277568e-03
2 4 -1 -1 1.796305e+01 3.575567e-04
2 3 -1 -1 3.526446e+01 7.019434e-04
5 
-1 -1 1 2 5.235881e+01 1.042208e-03
-1 -1 0 2 2.336459e+01 4.650750e-04
0 1 3 4 7.293334e+01 1.451747e-03
2 4 -1 -1 6.712563e+01 1.336144e-03
2 3 -1 -1 2.143764e+01 4.267188e-04
5 
-1 -1 1 2 6.611181e+01 1.315964e-03
-1 -1 0 2 2.648138e+01 5.271150e-04
0 1 3 4 4.640449e+01 9.236869e-04
2 4 -1 -1 4.869024e+01 9.691850e-04
2 3 -1 -1 1.645464e+01 3.275315e-04
5 
-1 -1 1 2 2.427147e+01 4.831266e-04
-1 -1 0 2 1.002585e+01 1.995657e-04
0 1 3 4 1.225202e+02 2.438778e-03
2 4 -1 -1 9.307356e+01 1.852640e-03
2 3 -1 -1 1.231864e+01 2.452040e-04
5 
-1 -1 1 2 6.777199e+01 1.349010e-03
-1 -1 0 2 2.261098e+01 4.500743e-04
0 1 3 4 1.120927e+02 2.231219e-03
2 4 -1 -1 4.695136e+01 9.345725e-04
2 3 -1 -1 8.854625e+01 1.762524e-03
5 
-1 -1 1 2 8.988870e+01 1.789245e-03
-1 -1 0 2 6.286962e+01 1.251427e-03
0 1 3 4 6.798411e+01 1.353232e-03
2 4 -1 -1 3.447666e+01 6.862621e-04
2 3 -1 -1 6.290258e+01 1.252083e-03
5 
-1 -1 1 2 3.121952e+01 6.214283e-04
-1 -1 0 2 2.737577e+01 5.449180e-04
0 1 3 4 6.454765e+01 1.284829e-03
2 4 -1 -1 2.114252e+01 4.208444e-04
2 3 -1 -1 4.097588e+01 8.156299e-04
5 
-1 -1 1 2 4.200100e+01 8.360350e-04
-1 -1 0 2 2.884282e+01 5.741198e-04
0 1 3 4 4.806620e+01 9.567636e-04
2 4 -1 -1 3.180257e+01 6.330340e-04
2 3 -1 -1 3.053739e+01 6.078504e-04
5 
-1 -1 1 2 4.218450e+01 8.396876e-04
-1 -1 0 2 4.820665e+01 9.595591e-04
0 1 3 4 1.152694e+02 2.294451e-03
2 4 -1 -1 1.545025e+01 3.075391e-04
2 3 -1 -1 3.383494e+01 6.734885e-04
5 
-1 -1 1 2 2.549114e+01 5.074041e-04
-1 -1 0 2 3.694783e+01 7.354511e-04
0 1 3 4 6.030491e+01 1.200376e-03
2 4 -1 -1 7.799791e+01 1.552558e-03
2 3 -1 -1 4.068521e+01 8.098440e-04
5 
-1 -1 1 2 3.770631e+01 7.505486e-04
-1 -1 0 2 1.852882e+02 3.688184e-03
0 1 3 4 5.040391e+01 1.003296e-03
2 4 -1 -1 4.705417e+01 9.366189e-04
2 3 -1 -1 1.787459e+01 3.557958e-04
5 
-1 -1 1 2 1.234420e+01 2.457128e-04
-1 -1 0 2 7.304414e+01 1.453952e-03
0 1 3 4 6.344582e+01 1.262897e-03
2 4 -1 -1 1.413568e+02 2.813724e-03
2 3 -1 -1 2.098241e+01 4.176573e-04
5 
-1 -1 1 2 4.236515e+01 8.432835e-04
-1 -1 0 2 3.123136e+01 6.216641e-04
0 1 3 4 2.764495e+01 5.502760e-04
2 4 -1 -1 1.487473e+02 2.960833e-03
2 3 -1 -1 5.726896e+01 1.139946e-03
5 
-1 -1 1 2 2.418455e+01 4.813963e-04
-1 -1 0 2 4.152251e+01 8.265106e-04
0 1 3 4 5.160021e+01 1.027108e-03
2 4 -1 -1 2.261904e+01 4.502348e-04
2 3 -1 -1 6.563353e+01 1.306443e-03
5 
-1 -1 1 2 5.997673e+01 1.193844e-03
-1 -1 0 2 2.142654e+01 4.264979e-04
0 1 3 4 4.127482e+01 8.215802e-04
2 4 -1 -1 4.499120e+01 8.955552e-04
2 3 -1 -1 3.496979e+01 6.960778e-04
5 
-1 -1 1 2 7.630004e+01 1.518761e-03
-1 -1 0 2 1.999079e+01 3.979191e-04
0 1 3 4 1.006829e+02 2.004106e-03
2 4 -1 -1 3.442218e+01 6.851776e-04
2 3 -1 -1 2.410389e+01 4.797909e-04
5 
-1 -1 1 2 2.706402e+01 5.387125e-04
-1 -1 0 2 5.553969e+01 1.105524e-03
0 1 3 4 5.322136e+01 1.059378e-03
2 4 -1 -1 1.477923e+01 2.941823e-04
2 3 -1 -1 2.260562e+01 4.499675e-04
5 
-1 -1 1 2 3.724597e+01 7.413854e-04
-1 -1 0 2 1.166150e+02 2.321235e-03
0 1 3 4 3.371024e+01 6.710065e-04
2 4 -1 -1 2.465427e+01 4.907461e-04
2 3 -1 -1 9.524067e+00 1.895777e-04
5 
-1 -1 1 2 4.137159e+01 8.235065e-04
-1 -1 0 2 1.386433e+02 2.759711e-03
0 1 3 4 6.370554e+01 1.268066e-03
2 4 -1 -1 1.023296e+02 2.036882e-03
2 3 -1 -1 3.724232e+01 7.413128e-04
5 
-1 -1 1 2 1.458763e+01 2.903685e-04
-1 -1 0 2 1.961788e+01 3.904963e-04
0 1 3 4 5.900104e+01 1.174423e-03
2 4 -1 -1 6.450912e+01 1.284062e-03
2 3 -1 -1 8.533177e+01 1.698539e-03
5 
-1 -1 1 2 3.972599e+01 7.907506e-04
-1 -1 0 2 8.040457e+01 1.600463e-03
0 1 3 4 5.065358e+01 1.008266e-03
2 4 -1 -1 5.359346e+01 1.066784e-03
2 3 -1 -1 5.375875e+01 1.070074e-03
5 
-1 -1 1 2 6.432220e+01 1.280341e-03
-1 -1 0 2 3.486083e+01 6.939090e-04
0 1 3 4 7.395721e+01 1.472127e-03
2 4 -1 -1 1.457197e+01 2.900569e-04
2 3 -1 -1 3.291431e+01 6.551633e-04
5 
-1 -1 1 2 4.844545e+01 9.643126e-04
-1 -1 0 2 6.272958e+01 1.248640e-03
0 1 3 4 1.099635e+02 2.188838e-03
2 4 -1 -1 4.963997e+01 9.880895e-04
2 3 -1 -1 9.153153e+01 1.821946e-03
5 
-1 -1 1 2 3.746031e+01 7.456520e-04
-1 -1 0 2 4.185183e+01 8.330657e-04
0 1 3 4 4.911260e+01 9.775923e-04
2 4 -1 -1 4.070496e+01 8.102371e-04
2 3 -1 -1 3.095544e+01 6.161717e-04
5 
-1 -1 1 2 7.849635e+01 1.562479e-03
-1 -1 0 2 5.776615e+01 1.149842e-03
0 1 3 4 6.998016e+01 1.392964e-03
2 4 -1 -1 2.425686e+01 4.828357e-04
2 3 -1 -1 1.801328e+02 3.585565e-03
5 
-1 -1 1 2 1.469670e+01 2.925397e-04
-1 -1 0 2 1.113285e+01 2.216007e-04
0 1 3 4 7.867220e+01 1.565980e-03
2 4 -1 -1 6.995106e+01 1.392384e-03
2 3 -1 -1 5.617367e+01 1.118144e-03
5 
-1 -1 1 2 2.879120e+01 5.730923e-04
-1 -1 0 2 4.071952e+01 8.105270e-04
0 1 3 4 5.052790e+01 1.005764e-03
2 4 -1 -1 4.356133e+01 8.670934e-04
2 3 -1 -1 1.982341e+01 3.945874e-04
5 
-1 -1 1 2 3.788170e+01 7.540398e-04
-1 -1 0 2 3.820178e+01 7.604109e-04
0 1 3 4 4.360921e+01 8.680466e-04
2 4 -1 -1 4.815892e+01 9.586092e-04
2 3 -1 -1 1.367109e+01 2.721247e-04
5 
-1 -1 1 2 2.258135e+02 4.494844e-03
-1 -1 0 2 1.496689e+01 2.979178e-04
0 1 3 4 3.610247e+01 7.186239e-04
2 4 -1 -1 4.629533e+01 9.215142e-04
2 3 -1 -1 1.402431e+02 2.791556e-03
5 
-1 -1 1 2 2.469087e+01 4.914748e-04
-1 -1 0 2 4.063701e+01 8.088846e-04
0 1 3 4 2.413115e+01 4.803334e-04
2 4 -1 -1 5.933255e+01 1.181022e-03
2 3 -1 -1 3.477925e+01 6.922852e-04
5 
-1 -1 1 2 1.009569e+02 2.009560e-03
-1 -1 0 2 3.081013e+01 6.132793e-04
0 1 3 4 2.531821e+01 5.039619e-04
2 4 -1 -1 1.326833e+01 2.641077e-04
2 3 -1 -1 1.111603e+02 2.212659e-03
5 
-1 -1 1 2 2.037568e+01 4.055803e-04
-1 -1 0 2 6.858326e+01 1.365158e-03
0 1 3 4 2.492918e+01 4.962182e-04
2 4 -1 -1 1.738665e+01 3.460833e-04
2 3 -1 -1 2.171993e+01 4.323379e-04
5 
-1 -1 1 2 9.872341e+01 1.965101e-03
-1 -1 0 2 1.740685e+01 3.464854e-04
0 1 3 4 5.472483e+01 1.089304e-03
2 4 -1 -1 1.044224e+02 2.078541e-03
2 3 -1 -1 1.012235e+02 2.014866e-03
5 
-1 -1 1 2 4.627558e+01 9.211210e-04
-1 -1 0 2 2.957434e+01 5.886808e-04
0 1 3 4 1.166370e+02 2.321674e-03
2 4 -1 -1 1.236887e+01 2.462038e-04
2 3 -1 -1 6.949147e+01 1.383236e-03
5 
-1 -1 1 2 1.805350e+01 3.593572e-04
-1 -1 0 2 4.515900e+01 8.988953e-04
0 1 3 4 9.337445e+01 1.858630e-03
2 4 -1 -1 7.541140e+01 1.501073e-03
2 3 -1 -1 4.471268e+01 8.900112e-04
5 
-1 -1 1 2 1.478402e+01 2.942776e-04
-1 -1 0 2 4.617860e+00 9.191905e-05
0 1 3 4 4.993609e+01 9.939840e-04
2 4 -1 -1 2.170167e+01 4.319743e-04
2 3 -1 -1 7.854584e+01 1.563464e-03
5 
-1 -1 1 2 2.554720e+01 5.085202e-04
-1 -1 0 2 5.831441e+01 1.160755e-03
0 1 3 4 7.965974e+01 1.585637e-03
2 4 -1 -1 6.062817e+01 1.206811e-03
2 3 -1 -1 3.339029e+01 6.646377e-04
5 
-1 -1 1 2 1.916404e+01 3.814625e-04
-1 -1 0 2 1.022603e+02 2.035504e-03
0 1 3 4 5.785630e+01 1.151637e-03
2 4 -1 -1 4.874288e+01 9.702328e-04
2 3 -1 -1 8.063091e+01 1.604968e-03
5 
-1 -1 1 2 3.552612e+01 7.071517e-04
-1 -1 0 2 1.314921e+01 2.617366e-04
0 1 3 4 1.014625e+02 2.019623e-03
2 4 -1 -1 8.532905e+01 1.698485e-03
2 3 -1 -1 1.919819e+01 3.821423e-04
5 
-1 -1 1 2 2.663615e+01 5.301957e-04
-1 -1 0 2 1.206025e+01 2.400606e-04
0 1 3 4 4.773806e+01 9.502318e-04
2 4 -1 -1 4.064334e+01 8.090106e-04
2 3 -1 -1 3.663453e+01 7.292147e-04
5 
-1 -1 1 2 8.361349e+00 1.664337e-04
-1 -1 0 2 1.669599e+01 3.323356e-04
0 1 3 4 3.023706e+01 6.018723e-04
2 4 -1 -1 6.858652e+01 1.365223e-03
2 3 -1 -1 6.240698e+01 1.242218e-03
5 
-1 -1 1 2 4.410347e+01 8.778849e-04
-1 -1 0 2 3.188248e+01 6.346246e-04
0 1 3 4 9.022568e+01 1.795953e-03
2 4 -1 -1 1.969363e+01 3.920041e-04
2 3 -1 -1 6.426633e+01 1.279229e-03
5 
-1 -1 1 2 3.171180e+01 6.312273e-04
-1 -1 0 2 6.090028e+01 1.212227e-03
0 1 3 4 1.041028e+02 2.072178e-03
2 4 -1 -1 8.613737e+00 1.714575e-04
2 3 -1 -1 2.561798e+01 5.099289e-04
5 
-1 -1 1 2 1.181262e+02 2.351316e-03
-1 -1 0 2 3.901930e+01 7.766839e-04
0 1 3 4 6.264499e+01 1.246956e-03
2 4 -1 -1 5.305636e+01 1.056093e-03
2 3 -1 -1 2.890362e+01 5.753300e-04
5 
-1 -1 1 2 3.295574e+01 6.559879e-04
-1 -1 0 2 6.511800e+01 1.296182e-03
0 1 3 4 3.806781e+01 7.577443e-04
2 4 -1 -1 2.804523e+01 5.582436e-04
2 3 -1 -1 2.291176e+01 4.560613e-04
5 
-1 -1 1 2 8.254843e+01 1.643136e-03
-1 -1 0 2 3.004530e+01 5.980554e-04
0 1 3 4 3.659488e+01 7.284255e-04
2 4 -1 -1 3.499361e+01 6.965520e-04
2 3 -1 -1 6.591443e+01 1.312035e-03
5 
-1 -1 1 2 3.777658e+01 7.519474e-04
-1 -1 0 2 2.624589e+01 5.224276e-04
0 1 3 4 5.172293e+01 1.029551e-03
2 4 -1 -1 9.496562e+00 1.890302e-04
2 3 -1 -1 3.585735e+01 7.137448e-04
5 
-1 -1 1 2 2.232654e+01 4.444124e-04
-1 -1 0 2 2.473446e+01 4.923424e-04
0 1 3 4 3.379756e+01 6.727445e-04
2 4 -1 -1 7.058165e+01 1.404936e-03
2 3 -1 -1 4.804732e+01 9.563878e-04
5 
-1 -1 1 2 5.563727e+01 1.107467e-03
-1 -1 0 2 3.147230e+01 6.264599e-04
0 1 3 4 7.913466e+01 1.575185e-03
2 4 -1 -1 1.314147e+01 2.615825e-04
2 3 -1 -1 5.687885e+01 1.132180e-03
5 
-1 -1 1 2 6.716442e+01 1.336916e-03
-1 -1 0 2 5.130178e+01 1.021168e-03
0 1 3 4 5.902680e+01 1.174935e-03
2 4 -1 -1 2.000634e+01 3.982287e-04
2 3 -1 -1 1.986675e+01 3.954500e-04
5 
-1 -1 1 2 7.570864e+01 1.506990e-03
-1 -1 0 2 2.962265e+01 5.896425e-04
0 1 3 4 4.079897e+01 8.121083e-04
2 4 -1 -1 3.052303e+01 6.075647e-04
2 3 -1 -1 1.174941e+01 2.338735e-04
5 
-1 -1 1 2 5.678194e+01 1.130251e-03
-1 -1 0 2 4.670254e+01 9.296196e-04
0 1 3 4 2.631462e+01 5.237956e-04
2 4 -1 -1 1.024823e+01 2.039923e-04
2 3 -1 -1 3.302596e+01 6.573858e-04
5 
-1 -1 1 2 5.427983e+01 1.080446e-03
-1 -1 0 2 2.459774e+01 4.896210e-04
0 1 3 4 3.586882e+01 7.139731e-04
2 4 -1 -1 4.188413e+01 8.337086e-04
2 3 -1 -1 2.096966e+01 4.174036e-04
5 
-1 -1 1 2 1.343594e+01 2.674440e-04
-1 -1 0 2 2.950531e+01 5.873067e-04
0 1 3 4 5.561758e+01 1.107075e-03
2 4 -1 -1 7.906091e+00 1.573717e-04
2 3 -1 -1 7.419284e+01 1.476817e-03
5 
-1 -1 1 2 2.344722e+01 4.667197e-04
-1 -1 0 2 1.294162e+01 2.576044e-04
0 1 3 4 6.297862e+01 1.253597e-03
2 4 -1 -1 7.229078e+01 1.438957e-03
2 3 -1 -1 2.338063e+01 4.653943e-04
5 
-1 -1 1 2 1.051652e+01 2.093325e-04
-1 -1 0 2 9.390151e+01 1.869121e-03
0 1 3 4 3.446191e+01 6.859685e-04
2 4 -1 -1 1.391855e+01 2.770504e-04
2 3 -1 -1 3.764537e+01 7.493357e-04
5 
-1 -1 1 2 3.624299e+01 7.214210e-04
-1 -1 0 2 2.583070e+01 5.141632e-04
0 1 3 4 9.105199e+01 1.812401e-03
2 4 -1 -1 5.049597e+01 1.005128e-03
2 3 -1 -1 1.227817e+01 2.443985e-04
5 
-1 -1 1 2 3.302253e+01 6.573174e-04
-1 -1 0 2 1.864867e+01 3.712039e-04
0 1 3 4 3.819045e+01 7.601854e-04
2 4 -1 -1 4.679246e+01 9.314095e-04
2 3 -1 -1 4.142653e+01 8.246000e-04
5 
-1 -1 1 2 8.884367e+01 1.768444e-03
-1 -1 0 2 6.342989e+01 1.262580e-03
0 1 3 4 4.126854e+01 8.214552e-04
2 4 -1 -1 3.706111e+01 7.377058e-04
2 3 -1 -1 3.312701e+01 6.593971e-04
5 
-1 -1 1 2 3.730146e+01 7.424901e-04
-1 -1 0 2 7.100787e+01 1.413420e-03
0 1 3 4 9.277793e+01 1.846756e-03
2 4 -1 -1 1.291909e+01 2.571560e-04
2 3 -1 -1 1.218876e+02 2.426187e-03
5 
-1 -1 1 2 1.239959e+02 2.468153e-03
-1 -1 0 2 1.582765e+01 3.150513e-04
0 1 3 4 6.403375e+01 1.274599e-03
2 4 -1 -1 3.425105e+01 6.817712e-04
2 3 -1 -1 8.435834e+01 1.679163e-03
5 
-1 -1 1 2 3.518112e+01 7.002844e-04
-1 -1 0 2 3.365545e+01 6.699157e-04
0 1 3 4 4.071497e+01 8.104363e-04
2 4 -1 -1 3.560480e+01 7.087177e-04
2 3 -1 -1 9.675834e+01 1.925986e-03
5 
-1 -1 1 2 2.194418e+01 4.368015e-04
-1 -1 0 2 7.254525e+01 1.444022e-03
0 1 3 4 8.468066e+01 1.685579e-03
2 4 -1 -1 4.341508e+01 8.641823e-04
2 3 -1 -1 1.098463e+02 2.186504e-03
5 
-1 -1 1 2 2.349776e+01 4.677257e-04
-1 -1 0 2 7.601559e+01 1.513100e-03
0 1 3 4 9.654353e+01 1.921711e-03
2 4 -1 -1 5.334240e+01 1.061787e-03
2 3 -1 -1 7.622863e+01 1.517340e-03
5 
-1 -1 1 2 5.652485e+01 1.125134e-03
-1 -1 0 2 1.830094e+01 3.642825e-04
0 1 3 4 6.635814e+01 1.320867e-03
2 4 -1 -1 1.607680e+01 3.200107e-04
2 3 -1 -1 6.754017e+01 1.344395e-03
5 
-1 -1 1 2 6.584357e+01 1.310624e-03
-1 -1 0 2 1.851277e+01 3.684988e-04
0 1 3 4 7.198319e+01 1.432834e-03
2 4 -1 -1 2.319514e+01 4.617020e-04
2 3 -1 -1 3.969465e+01 7.901267e-04
5 
-1 -1 1 2 2.238457e+01 4.455676e-04
-1 -1 0 2 2.853388e+01 5.679704e-04
0 1 3 4 5.137855e+01 1.022696e-03
2 4 -1 -1 5.049385e+01 1.005086e-03
2 3 -1 -1 3.586160e+01 7.138295e-04
5 
-1 -1 1 2 1.120875e+01 2.231115e-04
-1 -1 0 2 4.281309e+01 8.521996e-04
0 1 3 4 9.564939e+01 1.903913e-03
2 4 -1 -1 4.995462e+01 9.943527e-04
2 3 -1 -1 2.516131e+01 5.008389e-04
5 
-1 -1 1 2 4.593269e+01 9.142958e-04
-1 -1 0 2 6.181091e+01 1.230354e-03
0 1 3 4 4.672194e+01 9.300058e-04
2 4 -1 -1 9.602373e+01 1.911364e-03
2 3 -1 -1 3.777438e+01 7.519036e-04
5 
-1 -1 1 2 2.983854e+01 5.939397e-04
-1 -1 0 2 5.015294e+01 9.983003e-04
0 1 3 4 5.406185e+01 1.076108e-03
2 4 -1 -1 4.652687e+01 9.261229e-04
2 3 -1 -1 3.733724e+01 7.432023e-04
5 
-1 -1 1 2 3.400868e+01 6.769468e-04
-1 -1 0 2 6.114051e+01 1.217009e-03
0 1 3 4 3.902173e+01 7.767322e-04
2 4 -1 -1 3.856729e+01 7.676865e-04
2 3 -1 -1 8.608933e+01 1.713618e-03
5 
-1 -1 1 2 3.926404e+01 7.815554e-04
-1 -1 0 2 4.459726e+01 8.877137e-04
0 1 3 4 4.600056e+01 9.156467e-04
2 4 -1 -1 3.589012e+01 7.143972e-04
2 3 -1 -1 4.487252e+01 8.931928e-04
5 
-1 -1 1 2 6.949390e+01 1.383284e-03
-1 -1 0 2 1.120078e+02 2.229529e-03
0 1 3 4 5.376854e+01 1.070269e-03
2 4 -1 -1 1.516949e+01 3.019505e-04
2 3 -1 -1 6.465768e+01 1.287019e-03
5 
-1 -1 1 2 2.347284e+01 4.672298e-04
-1 -1 0 2 3.477118e+01 6.921244e-04
0 1 3 4 2.493679e+01 4.963699e-04
2 4 -1 -1 4.548038e+01 9.052924e-04
2 3 -1 -1 4.977078e+01 9.906933e-04
5 
-1 -1 1 2 3.665553e+01 7.296326e-04
-1 -1 0 2 2.326966e+01 4.631853e-04
0 1 3 4 2.623201e+01 5.221514e-04
2 4 -1 -1 4.102600e+01 8.166275e-04
2 3 -1 -1 1.699943e+01 3.383758e-04
5 
-1 -1 1 2 1.333715e+02 2.654775e-03
-1 -1 0 2 1.387652e+02 2.762138e-03
0 1 3 4 3.475554e+01 6.918132e-04
2 4 -1 -1 3.039068e+01 6.049300e-04
2 3 -1 -1 1.699373e+01 3.382623e-04
5 
-1 -1 1 2 7.596850e+01 1.512162e-03
-1 -1 0 2 1.871321e+01 3.724886e-04
0 1 3 4 4.104191e+01 8.169442e-04
2 4 -1 -1 4.492066e+01 8.941512e-04
2 3 -1 -1 1.725907e+01 3.435439e-04
5 
-1 -1 1 2 7.286850e+01 1.450456e-03
-1 -1 0 2 3.407366e+01 6.782404e-04
0 1 3 4 2.640386e+01 5.255720e-04
2 4 -1 -1 8.002818e+01 1.592971e-03
2 3 -1 -1 4.333173e+01 8.625232e-04
5 
-1 -1 1 2 2.178959e+01 4.337244e-04
-1 -1 0 2 6.927643e+01 1.378956e-03
0 1 3 4 6.345487e+01 1.263077e-03
2 4 -1 -1 4.865334e+01 9.684507e-04
2 3 -1 -1 1.065194e+02 2.120280e-03
5 
-1 -1 1 2 7.378367e+01 1.468673e-03
-1 -1 0 2 7.843653e+01 1.561288e-03
0 1 3 4 8.995563e+01 1.790578e-03
2 4 -1 -1 4.665227e+01 9.286191e-04
2 3 -1 -1 1.994097e+01 3.969274e-04
5 
-1 -1 1 2 8.635885e+01 1.718983e-03
-1 -1 0 2 2.253339e+01 4.485298e-04
0 1 3 4 8.584131e+01 1.708682e-03
2 4 -1 -1 5.023626e+01 9.999588e-04
2 3 -1 -1 3.445581e+01 6.858469e-04
5 
-1 -1 1 2 8.178407e+00 1.627922e-04
-1 -1 0 2 2.190988e+01 4.361188e-04
0 1 3 4 3.592399e+01 7.150714e-04
2 4 -1 -1 2.181602e+01 4.342505e-04
2 3 -1 -1 5.235583e+01 1.042149e-03
5 
-1 -1 1 2 3.597059e+01 7.159990e-04
-1 -1 0 2 6.113420e+01 1.216884e-03
0 1 3 4 7.126102e+01 1.418459e-03
2 4 -1 -1 1.518137e+02 3.021869e-03
2 3 -1 -1 9.035307e+01 1.798489e-03
5 
-1 -1 1 2 6.299911e+01 1.254005e-03
-1 -1 0 2 1.650535e+01 3.285409e-04
0 1 3 4 9.526522e+01 1.896266e-03
2 4 -1 -1 2.194400e+01 4.367980e-04
2 3 -1 -1 4.062070e+01 8.085599e-04
5 
-1 -1 1 2 5.209250e+01 1.036907e-03
-1 -1 0 2 5.298632e+01 1.054699e-03
0 1 3 4 4.376539e+01 8.711553e-04
2 4 -1 -1 6.889955e+01 1.371454e-03
2 3 -1 -1 9.118340e+01 1.815017e-03
5 
-1 -1 1 2 4.594091e+01 9.144593e-04
-1 -1 0 2 3.190834e+01 6.351393e-04
0 1 3 4 3.666006e+01 7.297230e-04
2 4 -1 -1 9.158132e+01 1.822937e-03
2 3 -1 -1 5.677646e+01 1.130142e-03
5 
-1 -1 1 2 7.792315e+01 1.551070e-03
-1 -1 0 2 2.965054e+01 5.901975e-04
0 1 3 4 4.376884e+01 8.712239e-04
2 4 -1 -1 3.456278e+01 6.879763e-04
2 3 -1 -1 9.018365e+01 1.795116e-03
5 
-1 -1 1 2 6.086925e+01 1.211610e-03
-1 -1 0 2 2.142224e+01 4.264122e-04
0 1 3 4 8.112556e+01 1.614814e-03
2 4 -1 -1 3.117580e+01 6.205581e-04
2 3 -1 -1 8.067203e+01 1.605786e-03
5 
-1 -1 1 2 1.959680e+01 3.900767e-04
-1 -1 0 2 3.951070e+01 7.864653e-04
0 1 3 4 3.950352e+01 7.863223e-04
2 4 -1 -1 2.600117e+01 5.175565e-04
2 3 -1 -1 6.248809e+01 1.243833e-03
5 
-1 -1 1 2 4.091041e+01 8.143267e-04
-1 -1 0 2 2.180759e+01 4.340827e-04
0 1 3 4 8.485476e+01 1.689044e-03
2 4 -1 -1 1.252459e+02 2.493034e-03
2 3 -1 -1 4.632202e+01 9.220454e-04
5 
-1 -1 1 2 4.860546e+01 9.674974e-04
-1 -1 0 2 4.089408e+01 8.140016e-04
0 1 3 4 6.196156e+01 1.233352e-03
2 4 -1 -1 4.985324e+01 9.923347e-04
2 3 -1 -1 3.045618e+01 6.062338e-04
5 
-1 -1 1 2 7.722287e+01 1.537131e-03
-1 -1 0 2 1.126947e+01 2.243202e-04
0 1 3 4 7.894800e+01 1.571469e-03
2 4 -1 -1 7.786975e+01 1.550007e-03
2 3 -1 -1 8.432425e+01 1.678484e-03
5 
-1 -1 1 2 3.818420e+01 7.600612e-04
-1 -1 0 2 3.832520e+01 7.628676e-04
0 1 3 4 8.295880e+01 1.651305e-03
2 4 -1 -1 2.308081e+01 4.594263e-04
2 3 -1 -1 2.990550e+01 5.952726e-04
5 
-1 -1 1 2 5.413620e+01 1.077587e-03
-1 -1 0 2 3.720756e+01 7.406209e-04
0 1 3 4 3.876452e+01 7.716125e-04
2 4 -1 -1 4.425806e+01 8.809619e-04
2 3 -1 -1 2.949553e+01 5.871120e-04
5 
-1 -1 1 2 2.307221e+01 4.592552e-04
-1 -1 0 2 2.237231e+01 4.453235e-04
0 1 3 4 6.077589e+01 1.209751e-03
2 4 -1 -1 3.874304e+01 7.711848e-04
2 3 -1 -1 1.317831e+02 2.623158e-03
5 
-1 -1 1 2 2.814187e+01 5.601674e-04
-1 -1 0 2 2.519977e+01 5.016044e-04
0 1 3 4 4.694089e+01 9.343641e-04
2 4 -1 -1 2.398828e+01 4.774897e-04
2 3 -1 -1 2.408558e+01 4.794264e-04
5 
-1 -1 1 2 1.946839e+01 3.875207e-04
-1 -1 0 2 1.129460e+01 2.248204e-04
0 1 3 4 5.060118e+01 1.007222e-03
2 4 -1 -1 1.234182e+02 2.456653e-03
2 3 -1 -1 1.625616e+01 3.235807e-04
5 
-1 -1 1 2 8.929147e+01 1.777357e-03
-1 -1 0 2 9.460401e+00 1.883104e-04
0 1 3 4 4.906441e+01 9.766331e-04
2 4 -1 -1 3.031915e+01 6.035063e-04
2 3 -1 -1 2.033635e+01 4.047975e-04
5 
-1 -1 1 2 1.882285e+01 3.746711e-04
-1 -1 0 2 3.766991e+01 7.498241e-04
0 1 3 4 2.730914e+01 5.435918e-04
2 4 -1 -1 2.134517e+02 4.248781e-03
2 3 -1 -1 6.805465e+01 1.354636e-03
5 
-1 -1 1 2 4.960126e+01 9.873191e-04
-1 -1 0 2 6.628799e+01 1.319470e-03
0 1 3 4 3.024658e+01 6.020618e-04
2 4 -1 -1 2.381365e+01 4.740136e-04
2 3 -1 -1 3.768226e+01 7.500699e-04
5 
-1 -1 1 2 1.764191e+01 3.511643e-04
-1 -1 0 2 1.865470e+01 3.713240e-04
0 1 3 4 6.120440e+01 1.218281e-03
2 4 -1 -1 2.089352e+01 4.158880e-04
2 3 -1 -1 8.280573e+01 1.648258e-03
5 
-1 -1 1 2 3.427885e+01 6.823247e-04
-1 -1 0 2 1.186223e+01 2.361191e-04
0 1 3 4 6.924253e+01 1.378281e-03
2 4 -1 -1 1.987541e+02 3.956224e-03
2 3 -1 -1 4.591830e+01 9.140092e-04
5 
-1 -1 1 2 4.922816e+01 9.798925e-04
-1 -1 0 2 4.850134e+01 9.654250e-04
0 1 3 4 5.132123e+01 1.021555e-03
2 4 -1 -1 5.903426e+01 1.175084e-03
2 3 -1 -1 1.145424e+02 2.279979e-03
5 
-1 -1 1 2 2.464188e+01 4.904996e-04
-1 -1 0 2 1.253294e+02 2.494697e-03
0 1 3 4 5.272223e+01 1.049442e-03
2 4 -1 -1 5.131844e+01 1.021500e-03
2 3 -1 -1 1.684624e+02 3.353264e-03
5 
-1 -1 1 2 6.293948e+01 1.252818e-03
-1 -1 0 2 1.617657e+01 3.219965e-04
0 1 3 4 2.504032e+01 4.984306e-04
2 4 -1 -1 6.888169e+01 1.371098e-03
2 3 -1 -1 2.831571e+01 5.636276e-04
5 
-1 -1 1 2 1.856915e+01 3.696212e-04
-1 -1 0 2 1.572497e+02 3.130074e-03
0 1 3 4 3.018366e+01 6.008093e-04
2 4 -1 -1 3.866587e+01 7.696489e-04
2 3 -1 -1 4.866779e+01 9.687382e-04
5 
-1 -1 1 2 4.982643e+01 9.918011e-04
-1 -1 0 2 2.386452e+01 4.750262e-04
0 1 3 4 4.197466e+01 8.355106e-04
2 4 -1 -1 3.030098e+01 6.031447e-04
2 3 -1 -1 5.117442e+01 1.018633e-03
5 
-1 -1 1 2 2.348881e+01 4.675475e-04
-1 -1 0 2 5.632582e+01 1.121172e-03
0 1 3 4 5.500993e+01 1.094979e-03
2 4 -1 -1 4.908786e+01 9.770998e-04
2 3 -1 -1 4.510643e+01 8.978490e-04
5 
-1 -1 1 2 1.911721e+01 3.805304e-04
-1 -1 0 2 1.481556e+02 2.949054e-03
0 1 3 4 3.907841e+01 7.778605e-04
2 4 -1 -1 7.519393e+01 1.496744e-03
2 3 -1 -1 2.593640e+01 5.162672e-04
5 
-1 -1 1 2 7.895359e+01 1.571581e-03
-1 -1 0 2 1.817997e+02 3.618746e-03
0 1 3 4 5.368216e+01 1.068550e-03
2 4 -1 -1 1.270255e+01 2.528458e-04
2 3 -1 -1 4.522959e+01 9.003004e-04
5 
-1 -1 1 2 1.156057e+02 2.301145e-03
-1 -1 0 2 2.980460e+01 5.932641e-04
0 1 3 4 7.166485e+01 1.426497e-03
2 4 -1 -1 3.797686e+01 7.559339e-04
2 3 -1 -1 8.305583e+01 1.653236e-03
5 
-1 -1 1 2 2.200266e+01 4.379655e-04
-1 -1 0 2 4.084879e+01 8.131000e-04
0 1 3 4 1.247740e+02 2.483641e-03
2 4 -1 -1 1.797933e+01 3.578806e-04
2 3 -1 -1 5.266759e+01 1.048355e-03
5 
-1 -1 1 2 4.153646e+01 8.267883e-04
-1 -1 0 2 4.467969e+01 8.893547e-04
0 1 3 4 7.657901e+01 1.524314e-03
2 4 -1 -1 1.153347e+01 2.295752e-04
2 3 -1 -1 3.679310e+01 7.323710e-04
5 
-1 -1 1 2 7.587814e+01 1.510363e-03
-1 -1 0 2 2.125907e+01 4.231644e-04
0 1 3 4 8.069013e+01 1.606147e-03
2 4 -1 -1 8.039924e+01 1.600356e-03
2 3 -1 -1 9.434844e+01 1.878017e-03
5 
-1 -1 1 2 5.007749e+01 9.967985e-04
-1 -1 0 2 2.305856e+01 4.589834e-04
0 1 3 4 2.913573e+01 5.799502e-04
2 4 -1 -1 3.745730e+01 7.455920e-04
2 3 -1 -1 6.092988e+01 1.212817e-03
5 
-1 -1 1 2 6.509209e+01 1.295666e-03
-1 -1 0 2 2.340988e+01 4.659765e-04
0 1 3 4 4.443038e+01 8.843920e-04
2 4 -1 -1 1.038251e+02 2.066652e-03
2 3 -1 -1 1.710889e+01 3.405544e-04
5 
-1 -1 1 2 1.590255e+01 3.165422e-04
-1 -1 0 2 2.154541e+01 4.288641e-04
0 1 3 4 4.637010e+01 9.230024e-04
2 4 -1 -1 7.041367e+01 1.401593e-03
2 3 -1 -1 1.424167e+02 2.834821e-03
5 
-1 -1 1 2 8.522070e+01 1.696328e-03
-1 -1 0 2 4.598629e+01 9.153626e-04
0 1 3 4 6.701132e+01 1.333868e-03
2 4 -1 -1 1.957793e+01 3.897011e-04
2 3 -1 -1 5.999521e+01 1.194212e-03
5 
-1 -1 1 2 2.924486e+01 5.821225e-04
-1 -1 0 2 6.049282e+01 1.204117e-03
0 1 3 4 4.227990e+01 8.415864e-04
2 4 -1 -1 5.056127e+01 1.006428e-03
2 3 -1 -1 1.265224e+01 2.518443e-04
5 
-1 -1 1 2 2.083557e+01 4.147344e-04
-1 -1 0 2 5.769755e+01 1.148477e-03
0 1 3 4 5.937507e+01 1.181868e-03
2 4 -1 -1 3.353406e+01 6.674996e-04
2 3 -1 -1 6.756983e+01 1.344986e-03
5 
-1 -1 1 2 2.908105e+01 5.788618e-04
-1 -1 0 2 1.549554e+01 3.084406e-04
0 1 3 4 3.883202e+01 7.729561e-04
2 4 -1 -1 2.784755e+01 5.543089e-04
2 3 -1 -1 5.402172e+01 1.075309e-03
5 
-1 -1 1 2 6.900869e+01 1.373626e-03
-1 -1 0 2 9.813919e+00 1.953472e-04
0 1 3 4 5.358746e+01 1.066665e-03
2 4 -1 -1 5.017464e+01 9.987323e-04
2 3 -1 -1 5.703325e+01 1.135254e-03
5 
-1 -1 1 2 1.399914e+01 2.786545e-04
-1 -1 0 2 1.922749e+01 3.827255e-04
0 1 3 4 4.495170e+01 8.947690e-04
2 4 -1 -1 9.318519e+00 1.854862e-04
2 3 -1 -1 2.550767e+01 5.077332e-04
5 
-1 -1 1 2 3.793212e+01 7.550434e-04
-1 -1 0 2 1.818398e+01 3.619543e-04
0 1 3 4 5.969475e+01 1.188231e-03
2 4 -1 -1 2.520245e+01 5.016577e-04
2 3 -1 -1 1.426097e+01 2.838663e-04
5 
-1 -1 1 2 4.426533e+01 8.811066e-04
-1 -1 0 2 2.192842e+01 4.364879e-04
0 1 3 4 7.611162e+01 1.515011e-03
2 4 -1 -1 2.890525e+01 5.753624e-04
2 3 -1 -1 8.829633e+01 1.757549e-03
5 
-1 -1 1 2 5.656938e+01 1.126020e-03
-1 -1 0 2 9.155297e+01 1.822373e-03
0 1 3 4 4.182421e+01 8.325160e-04
2 4 -1 -1 7.675377e+01 1.527793e-03
2 3 -1 -1 1.734610e+01 3.452762e-04
5 
-1 -1 1 2 1.170084e+02 2.329066e-03
-1 -1 0 2 2.837015e+01 5.647113e-04
0 1 3 4 4.052167e+01 8.065887e-04
2 4 -1 -1 1.487815e+01 2.961513e-04
2 3 -1 -1 4.789748e+01 9.534051e-04
5 
-1 -1 1 2 6.154901e+01 1.225140e-03
-1 -1 0 2 1.024369e+02 2.039019e-03
0 1 3 4 5.519775e+01 1.098718e-03
2 4 -1 -1 3.338100e+01 6.644527e-04
2 3 -1 -1 3.029805e+01 6.030863e-04
5 
-1 -1 1 2 8.875052e+01 1.766590e-03
-1 -1 0 2 4.850423e+01 9.654824e-04
0 1 3 4 4.140565e+01 8.241845e-04
2 4 -1 -1 1.372896e+01 2.732765e-04
2 3 -1 -1 5.823231e+01 1.159121e-03
5 
-1 -1 1 2 2.146749e+01 4.273130e-04
-1 -1 0 2 2.394620e+01 4.766519e-04
0 1 3 4 2.673394e+01 5.321423e-04
2 4 -1 -1 7.915974e+01 1.575684e-03
2 3 -1 -1 6.719108e+01 1.337447e-03
5 
-1 -1 1 2 3.679230e+01 7.323552e-04
-1 -1 0 2 1.937179e+01 3.855979e-04
0 1 3 4 8.229337e+01 1.638060e-03
2 4 -1 -1 3.161749e+01 6.293499e-04
2 3 -1 -1 2.634886e+01 5.244772e-04
5 
-1 -1 1 2 3.213534e+01 6.396578e-04
-1 -1 0 2 7.471319e+01 1.487175e-03
0 1 3 4 6.728564e+01 1.339329e-03
2 4 -1 -1 3.577605e+01 7.121265e-04
2 3 -1 -1 4.917656e+01 9.788653e-04
5 
-1 -1 1 2 2.274302e+01 4.527026e-04
-1 -1 0 2 9.066199e+01 1.804638e-03
0 1 3 4 5.529251e+01 1.100604e-03
2 4 -1 -1 3.021181e+01 6.013697e-04
2 3 -1 -1 1.863363e+01 3.709046e-04
5 
-1 -1 1 2 2.104123e+01 4.188282e-04
-1 -1 0 2 6.984030e+01 1.390180e-03
0 1 3 4 4.056023e+01 8.073562e-04
2 4 -1 -1 2.138474e+01 4.256658e-04
2 3 -1 -1 7.298957e+01 1.452866e-03
5 
-1 -1 1 2 2.457452e+01 4.891588e-04
-1 -1 0 2 7.513775e+01 1.495626e-03
0 1 3 4 7.165636e+01 1.426328e-03
2 4 -1 -1 3.463931e+01 6.894996e-04
2 3 -1 -1 1.409822e+02 2.806267e-03
5 
-1 -1 1 2 1.405922e+01 2.798505e-04
-1 -1 0 2 3.532610e+01 7.031703e-04
0 1 3 4 5.085959e+01 1.012366e-03
2 4 -1 -1 6.433972e+00 1.280690e-04
2 3 -1 -1 3.441911e+01 6.851166e-04
5 
-1 -1 1 2 2.873847e+01 5.720428e-04
-1 -1 0 2 2.608989e+01 5.193224e-04
0 1 3 4 4.759927e+01 9.474691e-04
2 4 -1 -1 3.238898e+01 6.447065e-04
2 3 -1 -1 2.143815e+01 4.267289e-04
5 
-1 -1 1 2 3.497319e+01 6.961456e-04
-1 -1 0 2 1.220197e+01 2.428817e-04
0 1 3 4 7.542797e+01 1.501403e-03
2 4 -1 -1 5.899484e+01 1.174299e-03
2 3 -1 -1 6.361514e+01 1.266267e-03
5 
-1 -1 1 2 2.031525e+02 4.043774e-03
-1 -1 0 2 3.839051e+01 7.641677e-04
0 1 3 4 9.038923e+01 1.799208e-03
2 4 -1 -1 2.249687e+01 4.478029e-04
2 3 -1 -1 2.078308e+01 4.136897e-04
5 
-1 -1 1 2 5.164602e+01 1.028020e-03
-1 -1 0 2 6.188247e+01 1.231778e-03
0 1 3 4 1.527295e+02 3.040099e-03
2 4 -1 -1 1.057405e+02 2.104778e-03
2 3 -1 -1 6.866001e+01 1.366686e-03
