3.000000e-11 8.699154e+07 
3.600000e-11 8.531963e+07 
4.320000e-11 8.339268e+07 
5.184000e-11 8.118859e+07 
6.220800e-11 7.868988e+07 
7.464960e-11 7.588642e+07 
8.957952e-11 7.277868e+07 
1.074954e-10 6.938086e+07 
1.289945e-10 6.572364e+07 
1.547934e-10 6.185554e+07 
1.857521e-10 5.784218e+07 
2.229025e-10 5.376257e+07 
2.674830e-10 4.970239e+07 
3.209796e-10 4.574487e+07 
3.851755e-10 4.196120e+07 
4.622106e-10 3.840305e+07 
5.546528e-10 3.509934e+07 
6.655833e-10 3.205705e+07 
7.987000e-10 2.926771e+07 
9.584400e-10 2.672150e+07 
1.150128e-09 2.439725e+07 
1.380154e-09 2.227567e+07 
1.656184e-09 2.033914e+07 
1.987421e-09 1.857159e+07 
2.384905e-09 1.695835e+07 
2.861886e-09 1.548607e+07 
3.434264e-09 1.414256e+07 
4.121117e-09 1.291669e+07 
4.945340e-09 1.179835e+07 
5.934408e-09 1.077834e+07 
7.121289e-09 9.848273e+06 
8.545547e-09 9.000534e+06 
1.025466e-08 8.228211e+06 
1.230559e-08 7.525045e+06 
1.476671e-08 6.885367e+06 
1.772005e-08 6.304073e+06 
2.126406e-08 5.776562e+06 
2.551687e-08 5.298707e+06 
3.062024e-08 4.866815e+06 
3.674429e-08 4.477595e+06 
4.409315e-08 4.128112e+06 
5.291178e-08 3.815752e+06 
6.349413e-08 3.538168e+06 
7.619296e-08 3.293234e+06 
9.143155e-08 3.078972e+06 
1.097179e-07 2.893490e+06 
1.316614e-07 2.734878e+06 
1.579937e-07 2.601151e+06 
1.895925e-07 2.490137e+06 
2.275110e-07 2.399432e+06 
2.730131e-07 2.326374e+06 
3.276158e-07 2.268076e+06 
3.931389e-07 2.221533e+06 
4.717667e-07 2.183803e+06 
5.661201e-07 2.152222e+06 
6.793441e-07 2.124615e+06 
8.152129e-07 2.099432e+06 
9.782555e-07 2.075756e+06 
1.173907e-06 2.053183e+06 
1.408688e-06 2.031633e+06 
1.690425e-06 2.011152e+06 
2.028511e-06 1.991783e+06 
2.434213e-06 1.973516e+06 
2.921055e-06 1.956289e+06 
3.505266e-06 1.940014e+06 
4.206319e-06 1.924592e+06 
5.047583e-06 1.909927e+06 
6.057100e-06 1.895930e+06 
7.268520e-06 1.882519e+06 
8.722224e-06 1.869616e+06 
1.046667e-05 1.857152e+06 
1.256000e-05 1.845060e+06 
1.507200e-05 1.833281e+06 
1.808640e-05 1.821757e+06 
2.170368e-05 1.810436e+06 
2.604442e-05 1.799269e+06 
3.125331e-05 1.788209e+06 
3.750397e-05 1.777215e+06 
4.500476e-05 1.766244e+06 
5.400571e-05 1.755258e+06 
6.480685e-05 1.744221e+06 
7.776822e-05 1.733099e+06 
9.332187e-05 1.721859e+06 
1.119862e-04 1.695723e+06 
1.343835e-04 1.686025e+06 
1.612602e-04 1.675940e+06 
1.935122e-04 1.665455e+06 
2.322147e-04 1.654555e+06 
2.786576e-04 1.643228e+06 
3.343891e-04 1.631460e+06 
4.012670e-04 1.619239e+06 
4.815203e-04 1.606553e+06 
5.778244e-04 1.593393e+06 
6.933893e-04 1.579750e+06 
8.320672e-04 1.565619e+06 
9.984806e-04 1.550996e+06 
1.198177e-03 1.535882e+06 
1.437812e-03 1.520280e+06 
1.725374e-03 1.504198e+06 
2.070449e-03 1.487648e+06 
2.484539e-03 1.470645e+06 
2.981447e-03 1.453211e+06 
3.577736e-03 1.435372e+06 
4.293284e-03 1.417159e+06 
5.151941e-03 1.398607e+06 
6.182329e-03 1.379757e+06 
7.418794e-03 1.360650e+06 
8.902553e-03 1.341333e+06 
1.068306e-02 1.321856e+06 
1.281968e-02 1.302268e+06 
1.538361e-02 1.282621e+06 
1.846033e-02 1.262964e+06 
2.215240e-02 1.243349e+06 
2.658288e-02 1.223822e+06 
3.189946e-02 1.204429e+06 
3.827935e-02 1.185212e+06 
4.593522e-02 1.166209e+06 
5.512226e-02 1.147454e+06 
6.614672e-02 1.128977e+06 
7.937606e-02 1.110803e+06 
9.525127e-02 1.092952e+06 
1.143015e-01 1.075440e+06 
1.371618e-01 1.058278e+06 
1.645942e-01 1.041474e+06 
1.975130e-01 1.025030e+06 
2.370156e-01 1.008946e+06 
2.844188e-01 9.932212e+05 
3.413025e-01 9.778488e+05 
4.095630e-01 9.628219e+05 
4.914756e-01 9.481319e+05 
5.897708e-01 9.337689e+05 
7.077249e-01 9.197222e+05 
8.492699e-01 9.059808e+05 
1.019124e+00 8.925334e+05 
1.222949e+00 8.793687e+05 
1.467538e+00 8.664757e+05 
1.761046e+00 8.538434e+05 
2.113255e+00 8.414613e+05 
2.535906e+00 8.293192e+05 
3.043088e+00 8.174071e+05 
3.651705e+00 8.057156e+05 
4.382046e+00 7.942355e+05 
5.258455e+00 7.829582e+05 
6.310146e+00 7.718756e+05 
7.572176e+00 7.609802e+05 
9.086611e+00 7.502649e+05 
1.090393e+01 7.397234e+05 
1.308472e+01 7.293495e+05 
1.570166e+01 7.191377e+05 
1.884200e+01 7.090826e+05 
2.261040e+01 6.991792e+05 
2.713247e+01 6.894227e+05 
3.255897e+01 6.798086e+05 
3.907076e+01 6.703326e+05 
4.688492e+01 6.609904e+05 
5.626190e+01 6.517779e+05 
6.751428e+01 6.426910e+05 
8.101714e+01 6.337258e+05 
9.722056e+01 6.248780e+05 
1.166647e+02 6.161437e+05 
1.399976e+02 6.075189e+05 
1.679971e+02 5.989997e+05 
2.015966e+02 5.905823e+05 
2.419159e+02 5.822631e+05 
2.902990e+02 5.740384e+05 
3.483589e+02 5.659045e+05 
4.180306e+02 5.578575e+05 
5.016367e+02 5.498932e+05 
6.019641e+02 5.420072e+05 
7.223569e+02 5.341947e+05 
8.668283e+02 5.264508e+05 
1.040194e+03 5.187701e+05 
1.248233e+03 5.111471e+05 
1.497879e+03 5.035756e+05 
1.797455e+03 4.960496e+05 
2.156946e+03 4.885624e+05 
2.588335e+03 4.811076e+05 
3.106003e+03 4.736782e+05 
3.727203e+03 4.662674e+05 
4.472644e+03 4.588686e+05 
5.367172e+03 4.514753e+05 
6.440607e+03 4.440822e+05 
7.728728e+03 4.366851e+05 
9.274474e+03 4.292819e+05 
1.112937e+04 4.218735e+05 
1.335524e+04 4.144642e+05 
1.602629e+04 4.070628e+05 
1.923155e+04 3.996821e+05 
2.307786e+04 3.923389e+05 
2.769343e+04 3.850518e+05 
3.323212e+04 3.778393e+05 
3.987854e+04 3.707155e+05 
4.785425e+04 3.636869e+05 
5.742510e+04 3.567493e+05 
6.891012e+04 3.498869e+05 
8.269214e+04 3.430750e+05 
9.923057e+04 3.362835e+05 
1.190767e+05 3.294828e+05 
1.428920e+05 3.226478e+05 
1.714704e+05 3.157605e+05 
2.057645e+05 3.088094e+05 
2.469174e+05 3.017886e+05 
2.963009e+05 2.946964e+05 
3.555611e+05 2.875345e+05 
4.266733e+05 2.803072e+05 
5.120079e+05 2.730217e+05 
6.144095e+05 2.656873e+05 
7.372914e+05 2.583158e+05 
8.847497e+05 2.509213e+05 
1.061700e+06 2.435206e+05 
1.274040e+06 2.361339e+05 
1.528848e+06 2.287847e+05 
1.834617e+06 2.214988e+05 
2.201540e+06 2.143020e+05 
2.641849e+06 2.072160e+05 
3.170218e+06 2.002538e+05 
3.804262e+06 1.934164e+05 
4.565114e+06 1.866913e+05 
5.478137e+06 1.800549e+05 
6.573764e+06 1.734772e+05 
7.888517e+06 1.669275e+05 
9.466221e+06 1.603786e+05 
1.135946e+07 1.538098e+05 
1.363136e+07 1.472075e+05 
1.635763e+07 1.405662e+05 
1.962916e+07 1.338885e+05 
2.355499e+07 1.271870e+05 
2.826598e+07 1.204852e+05 
3.391918e+07 1.138168e+05 
4.070302e+07 1.072240e+05 
4.884362e+07 1.007530e+05 
5.861234e+07 9.444880e+04 
7.033481e+07 8.835020e+04 
8.440178e+07 8.248521e+04 
1.012821e+08 7.686831e+04 
1.215386e+08 7.149999e+04 
1.458463e+08 6.636963e+04 
1.750155e+08 6.146114e+04 
2.100186e+08 5.675977e+04 
2.520224e+08 5.225782e+04 
3.024268e+08 4.795720e+04 
3.629122e+08 4.386840e+04 
4.354946e+08 4.000661e+04 
5.225935e+08 3.638674e+04 
6.271123e+08 3.301836e+04 
7.525347e+08 2.990215e+04 
9.030417e+08 2.702899e+04 
1.083650e+09 2.438206e+04 
1.300380e+09 2.194102e+04 
1.560456e+09 1.968630e+04 
1.872547e+09 1.760187e+04 
2.247057e+09 1.567591e+04 
2.696468e+09 1.389998e+04 
3.235762e+09 1.226745e+04 
3.882914e+09 1.077225e+04 
4.659497e+09 9.408361e+03 
5.591396e+09 8.170034e+03 
6.709675e+09 7.052194e+03 
8.051610e+09 6.050516e+03 
9.661932e+09 5.160994e+03 
1.159432e+10 4.379036e+03 
1.391318e+10 3.698423e+03 
1.669582e+10 3.110718e+03 
2.003498e+10 2.605572e+03 
2.404198e+10 2.171885e+03 
2.885037e+10 1.799226e+03 
3.462045e+10 1.478864e+03 
4.154454e+10 1.204041e+03 
4.985345e+10 9.696094e+02 
5.982414e+10 7.713884e+02 
7.178896e+10 6.056132e+02 
8.614676e+10 4.686377e+02 
1.033761e+11 3.569028e+02 
1.240513e+11 2.670427e+02 
1.488616e+11 1.959809e+02 
1.786339e+11 1.409324e+02 
2.143607e+11 9.932669e+01 
2.572328e+11 6.872180e+01 
3.086794e+11 4.678613e+01 
3.704153e+11 3.137478e+01 
4.444983e+11 2.066152e+01 
5.333980e+11 1.324227e+01 
6.400776e+11 8.141036e+00 
7.680931e+11 4.715780e+00 
9.217118e+11 2.524972e+00 
1.106054e+12 1.225061e+00 
1.327265e+12 5.272277e-01 
1.592718e+12 1.964905e-01 
1.911262e+12 6.166554e-02 
2.293514e+12 1.576600e-02 
2.752217e+12 3.155736e-03 
3.302660e+12 4.711036e-04 
3.963192e+12 4.941565e-05 
4.755830e+12 3.384582e-06 
5.706996e+12 1.384253e-07 
6.848396e+12 3.034830e-09 
8.218075e+12 3.134201e-11 
9.861690e+12 1.306736e-13 
1.183403e+13 1.829646e-16 
1.420083e+13 6.904744e-20 
