H 
4.000000e+01 
200 
5 
-1 -1 1 2 1.245280e+01 3.889257e-04
-1 -1 0 2 4.760967e+01 1.486945e-03
0 1 3 4 1.101641e+02 3.440645e-03
2 4 -1 -1 5.399540e+01 1.686384e-03
2 3 -1 -1 6.877484e+01 2.147975e-03
5 
-1 -1 1 2 4.079518e+01 1.274115e-03
-1 -1 0 2 1.951098e+01 6.093666e-04
0 1 3 4 2.970241e+01 9.276655e-04
2 4 -1 -1 2.294448e+01 7.166019e-04
2 3 -1 -1 2.192890e+01 6.848833e-04
5 
-1 -1 1 2 1.066638e+01 3.331322e-04
-1 -1 0 2 5.754979e+00 1.797395e-04
0 1 3 4 3.688318e+01 1.151935e-03
2 4 -1 -1 4.704483e+01 1.469304e-03
2 3 -1 -1 2.434935e+01 7.604789e-04
5 
-1 -1 1 2 1.400314e+02 4.373461e-03
-1 -1 0 2 1.456322e+01 4.548382e-04
0 1 3 4 4.391815e+01 1.371651e-03
2 4 -1 -1 2.420977e+01 7.561192e-04
2 3 -1 -1 1.046498e+01 3.268423e-04
5 
-1 -1 1 2 1.352395e+01 4.223798e-04
-1 -1 0 2 2.983039e+01 9.316625e-04
0 1 3 4 5.814360e+01 1.815941e-03
2 4 -1 -1 1.657313e+01 5.176120e-04
2 3 -1 -1 3.059462e+01 9.555309e-04
5 
-1 -1 1 2 2.031715e+01 6.345451e-04
-1 -1 0 2 5.084800e+01 1.588085e-03
0 1 3 4 3.491252e+01 1.090387e-03
2 4 -1 -1 8.488237e+01 2.651045e-03
2 3 -1 -1 2.569275e+01 8.024359e-04
5 
-1 -1 1 2 1.138535e+01 3.555873e-04
-1 -1 0 2 4.497412e+01 1.404632e-03
0 1 3 4 3.661868e+01 1.143674e-03
2 4 -1 -1 6.781512e+01 2.118001e-03
2 3 -1 -1 1.322878e+01 4.131611e-04
5 
-1 -1 1 2 1.982457e+01 6.191609e-04
-1 -1 0 2 2.088619e+01 6.523174e-04
0 1 3 4 4.207991e+01 1.314240e-03
2 4 -1 -1 3.549674e+01 1.108634e-03
2 3 -1 -1 1.457700e+01 4.552688e-04
5 
-1 -1 1 2 4.589257e+01 1.433317e-03
-1 -1 0 2 4.591016e+01 1.433866e-03
0 1 3 4 3.929278e+01 1.227192e-03
2 4 -1 -1 1.595966e+01 4.984519e-04
2 3 -1 -1 1.868274e+01 5.834992e-04
5 
-1 -1 1 2 2.205656e+01 6.888704e-04
-1 -1 0 2 8.911897e+01 2.783363e-03
0 1 3 4 4.191792e+01 1.309180e-03
2 4 -1 -1 1.706769e+01 5.330581e-04
2 3 -1 -1 1.621095e+01 5.063003e-04
5 
-1 -1 1 2 2.194183e+01 6.852872e-04
-1 -1 0 2 2.061116e+02 6.437277e-03
0 1 3 4 2.157469e+01 6.738206e-04
2 4 -1 -1 8.517105e+00 2.660062e-04
2 3 -1 -1 2.469161e+01 7.711682e-04
5 
-1 -1 1 2 1.420314e+01 4.435925e-04
-1 -1 0 2 5.915795e+01 1.847621e-03
0 1 3 4 2.972959e+01 9.285145e-04
2 4 -1 -1 2.816031e+01 8.795025e-04
2 3 -1 -1 1.507613e+01 4.708577e-04
5 
-1 -1 1 2 3.552576e+01 1.109540e-03
-1 -1 0 2 1.225372e+01 3.827080e-04
0 1 3 4 2.844630e+01 8.884345e-04
2 4 -1 -1 7.194759e+00 2.247067e-04
2 3 -1 -1 1.596672e+01 4.986724e-04
5 
-1 -1 1 2 1.760680e+01 5.498955e-04
-1 -1 0 2 4.135560e+01 1.291618e-03
0 1 3 4 4.604511e+01 1.438081e-03
2 4 -1 -1 1.188434e+01 3.711718e-04
2 3 -1 -1 5.312166e+01 1.659095e-03
5 
-1 -1 1 2 3.558929e+01 1.111525e-03
-1 -1 0 2 3.411188e+01 1.065382e-03
0 1 3 4 2.758288e+01 8.614685e-04
2 4 -1 -1 3.339011e+01 1.042840e-03
2 3 -1 -1 1.157068e+01 3.613755e-04
5 
-1 -1 1 2 2.251123e+01 7.030705e-04
-1 -1 0 2 1.150256e+01 3.592479e-04
0 1 3 4 6.218451e+01 1.942146e-03
2 4 -1 -1 8.984092e+00 2.805911e-04
2 3 -1 -1 1.829169e+01 5.712859e-04
5 
-1 -1 1 2 5.633407e+00 1.759425e-04
-1 -1 0 2 3.944232e+01 1.231862e-03
0 1 3 4 3.468510e+01 1.083285e-03
2 4 -1 -1 2.586339e+01 8.077651e-04
2 3 -1 -1 4.249816e+01 1.327302e-03
5 
-1 -1 1 2 6.717579e+00 2.098034e-04
-1 -1 0 2 2.941161e+01 9.185833e-04
0 1 3 4 3.716393e+01 1.160704e-03
2 4 -1 -1 4.799824e+01 1.499081e-03
2 3 -1 -1 2.344707e+01 7.322988e-04
5 
-1 -1 1 2 1.176307e+01 3.673840e-04
-1 -1 0 2 3.088901e+01 9.647252e-04
0 1 3 4 5.911339e+01 1.846229e-03
2 4 -1 -1 7.345710e+00 2.294212e-04
2 3 -1 -1 1.601166e+01 5.000760e-04
5 
-1 -1 1 2 3.542769e+01 1.106477e-03
-1 -1 0 2 1.776851e+01 5.549460e-04
0 1 3 4 2.974119e+01 9.288767e-04
2 4 -1 -1 3.116228e+01 9.732600e-04
2 3 -1 -1 2.587543e+01 8.081412e-04
5 
-1 -1 1 2 4.905990e+01 1.532239e-03
-1 -1 0 2 1.225334e+01 3.826963e-04
0 1 3 4 1.371499e+01 4.283464e-04
2 4 -1 -1 1.985474e+01 6.201032e-04
2 3 -1 -1 4.479665e+01 1.399089e-03
5 
-1 -1 1 2 4.644908e+01 1.450697e-03
-1 -1 0 2 3.358321e+01 1.048870e-03
0 1 3 4 2.303054e+01 7.192897e-04
2 4 -1 -1 6.219257e+01 1.942398e-03
2 3 -1 -1 1.800059e+01 5.621942e-04
5 
-1 -1 1 2 1.337234e+01 4.176448e-04
-1 -1 0 2 3.697417e+01 1.154777e-03
0 1 3 4 3.163987e+01 9.881761e-04
2 4 -1 -1 2.438632e+01 7.616333e-04
2 3 -1 -1 4.317531e+00 1.348451e-04
5 
-1 -1 1 2 2.693873e+01 8.413501e-04
-1 -1 0 2 4.269340e+01 1.333400e-03
0 1 3 4 4.508826e+01 1.408196e-03
2 4 -1 -1 3.159440e+01 9.867560e-04
2 3 -1 -1 4.214377e+01 1.316234e-03
5 
-1 -1 1 2 2.176517e+01 6.797695e-04
-1 -1 0 2 2.110000e+01 6.589952e-04
0 1 3 4 4.384240e+01 1.369286e-03
2 4 -1 -1 1.551113e+01 4.844436e-04
2 3 -1 -1 1.845041e+01 5.762430e-04
5 
-1 -1 1 2 6.198909e+01 1.936043e-03
-1 -1 0 2 1.054725e+01 3.294115e-04
0 1 3 4 1.207681e+01 3.771827e-04
2 4 -1 -1 2.758637e+01 8.615772e-04
2 3 -1 -1 2.319348e+01 7.243787e-04
5 
-1 -1 1 2 2.263335e+01 7.068847e-04
-1 -1 0 2 2.497898e+01 7.801434e-04
0 1 3 4 3.528807e+01 1.102117e-03
2 4 -1 -1 1.394946e+01 4.356695e-04
2 3 -1 -1 1.979072e+01 6.181036e-04
5 
-1 -1 1 2 1.174637e+01 3.668625e-04
-1 -1 0 2 4.198686e+01 1.311333e-03
0 1 3 4 2.843439e+01 8.880626e-04
2 4 -1 -1 2.077415e+01 6.488180e-04
2 3 -1 -1 2.214037e+01 6.914880e-04
5 
-1 -1 1 2 1.249318e+01 3.901870e-04
-1 -1 0 2 4.577396e+01 1.429612e-03
0 1 3 4 3.284978e+01 1.025964e-03
2 4 -1 -1 1.333345e+01 4.164302e-04
2 3 -1 -1 4.869323e+01 1.520787e-03
5 
-1 -1 1 2 3.125799e+01 9.762492e-04
-1 -1 0 2 3.319947e+01 1.036886e-03
0 1 3 4 5.571650e+01 1.740137e-03
2 4 -1 -1 2.835587e+01 8.856102e-04
2 3 -1 -1 7.900689e+01 2.467543e-03
5 
-1 -1 1 2 3.142295e+01 9.814013e-04
-1 -1 0 2 1.085724e+01 3.390933e-04
0 1 3 4 3.414963e+01 1.066561e-03
2 4 -1 -1 4.011453e+01 1.252857e-03
2 3 -1 -1 1.714286e+01 5.354058e-04
5 
-1 -1 1 2 1.192195e+01 3.723464e-04
-1 -1 0 2 1.754371e+01 5.479252e-04
0 1 3 4 3.790879e+01 1.183967e-03
2 4 -1 -1 1.628050e+01 5.084726e-04
2 3 -1 -1 1.344068e+01 4.197791e-04
5 
-1 -1 1 2 2.924385e+01 9.133438e-04
-1 -1 0 2 4.486273e+01 1.401153e-03
0 1 3 4 2.775954e+01 8.669857e-04
2 4 -1 -1 4.185656e+01 1.307264e-03
2 3 -1 -1 5.116625e+01 1.598024e-03
5 
-1 -1 1 2 2.586458e+01 8.078022e-04
-1 -1 0 2 1.262685e+01 3.943617e-04
0 1 3 4 2.999249e+01 9.367254e-04
2 4 -1 -1 7.617710e+00 2.379163e-04
2 3 -1 -1 8.858745e+01 2.766763e-03
5 
-1 -1 1 2 3.577369e+01 1.117284e-03
-1 -1 0 2 1.058274e+02 3.305201e-03
0 1 3 4 3.076805e+01 9.609476e-04
2 4 -1 -1 5.315521e+01 1.660143e-03
2 3 -1 -1 2.306153e+01 7.202576e-04
5 
-1 -1 1 2 1.249628e+01 3.902836e-04
-1 -1 0 2 2.697588e+01 8.425105e-04
0 1 3 4 2.246566e+01 7.016475e-04
2 4 -1 -1 1.055285e+01 3.295865e-04
2 3 -1 -1 5.255794e+01 1.641489e-03
5 
-1 -1 1 2 1.960165e+01 6.121987e-04
-1 -1 0 2 1.892075e+01 5.909326e-04
0 1 3 4 5.576273e+01 1.741581e-03
2 4 -1 -1 1.950526e+01 6.091882e-04
2 3 -1 -1 4.166293e+01 1.301216e-03
5 
-1 -1 1 2 5.132794e+01 1.603074e-03
-1 -1 0 2 1.939525e+01 6.057523e-04
0 1 3 4 6.716568e+01 2.097718e-03
2 4 -1 -1 2.472305e+01 7.721502e-04
2 3 -1 -1 5.642993e+01 1.762419e-03
5 
-1 -1 1 2 3.026057e+01 9.450978e-04
-1 -1 0 2 2.581822e+01 8.063544e-04
0 1 3 4 2.325612e+01 7.263350e-04
2 4 -1 -1 1.795968e+01 5.609166e-04
2 3 -1 -1 9.347227e+00 2.919325e-04
5 
-1 -1 1 2 1.586996e+01 4.956506e-04
-1 -1 0 2 3.160270e+01 9.870155e-04
0 1 3 4 4.118700e+01 1.286352e-03
2 4 -1 -1 5.879445e+01 1.836268e-03
2 3 -1 -1 3.801938e+01 1.187421e-03
5 
-1 -1 1 2 4.270024e+01 1.333614e-03
-1 -1 0 2 3.241926e+01 1.012518e-03
0 1 3 4 2.190679e+01 6.841929e-04
2 4 -1 -1 3.550615e+01 1.108928e-03
2 3 -1 -1 3.127559e+01 9.767990e-04
5 
-1 -1 1 2 2.125489e+01 6.638326e-04
-1 -1 0 2 3.785380e+01 1.182250e-03
0 1 3 4 3.468158e+01 1.083175e-03
2 4 -1 -1 3.164875e+01 9.884534e-04
2 3 -1 -1 2.120642e+01 6.623187e-04
5 
-1 -1 1 2 4.566471e+01 1.426200e-03
-1 -1 0 2 2.423014e+01 7.567554e-04
0 1 3 4 1.987068e+01 6.206010e-04
2 4 -1 -1 2.825368e+01 8.824189e-04
2 3 -1 -1 2.689905e+01 8.401110e-04
5 
-1 -1 1 2 3.069303e+01 9.586044e-04
-1 -1 0 2 1.327318e+01 4.145480e-04
0 1 3 4 1.544956e+01 4.825206e-04
2 4 -1 -1 3.206780e+01 1.001541e-03
2 3 -1 -1 9.483928e+01 2.962020e-03
5 
-1 -1 1 2 1.251866e+01 3.909826e-04
-1 -1 0 2 4.781315e+01 1.493300e-03
0 1 3 4 4.664438e+01 1.456797e-03
2 4 -1 -1 3.384165e+01 1.056942e-03
2 3 -1 -1 2.312214e+01 7.221504e-04
5 
-1 -1 1 2 3.178746e+01 9.927857e-04
-1 -1 0 2 4.293724e+01 1.341016e-03
0 1 3 4 2.965228e+01 9.260997e-04
2 4 -1 -1 1.242588e+01 3.880851e-04
2 3 -1 -1 2.522211e+01 7.877368e-04
5 
-1 -1 1 2 9.546914e+00 2.981691e-04
-1 -1 0 2 4.957298e+00 1.548263e-04
0 1 3 4 6.557297e+01 2.047975e-03
2 4 -1 -1 2.620173e+01 8.183323e-04
2 3 -1 -1 1.343066e+01 4.194664e-04
5 
-1 -1 1 2 2.437300e+01 7.612174e-04
-1 -1 0 2 1.994625e+01 6.229611e-04
0 1 3 4 3.755273e+01 1.172847e-03
2 4 -1 -1 5.871875e+01 1.833904e-03
2 3 -1 -1 4.199426e+01 1.311564e-03
5 
-1 -1 1 2 1.939927e+01 6.058779e-04
-1 -1 0 2 2.140776e+01 6.686071e-04
0 1 3 4 2.181378e+01 6.812878e-04
2 4 -1 -1 7.690332e+01 2.401844e-03
2 3 -1 -1 1.411267e+01 4.407669e-04
5 
-1 -1 1 2 2.704312e+01 8.446106e-04
-1 -1 0 2 2.831617e+01 8.843703e-04
0 1 3 4 1.964844e+01 6.136600e-04
2 4 -1 -1 1.456640e+01 4.549378e-04
2 3 -1 -1 4.020001e+01 1.255527e-03
5 
-1 -1 1 2 2.356377e+01 7.359435e-04
-1 -1 0 2 2.776046e+01 8.670146e-04
0 1 3 4 4.729149e+01 1.477007e-03
2 4 -1 -1 1.780700e+01 5.561481e-04
2 3 -1 -1 2.111362e+01 6.594204e-04
5 
-1 -1 1 2 5.171069e+00 1.615028e-04
-1 -1 0 2 2.236384e+01 6.984674e-04
0 1 3 4 4.355026e+01 1.360161e-03
2 4 -1 -1 1.906878e+01 5.955560e-04
2 3 -1 -1 4.822618e+01 1.506200e-03
5 
-1 -1 1 2 8.472557e+00 2.646148e-04
-1 -1 0 2 6.470539e+00 2.020878e-04
0 1 3 4 2.030008e+01 6.340120e-04
2 4 -1 -1 4.076323e+01 1.273117e-03
2 3 -1 -1 8.071161e+01 2.520785e-03
5 
-1 -1 1 2 5.799636e+00 1.811342e-04
-1 -1 0 2 3.220945e+01 1.005965e-03
0 1 3 4 2.191734e+01 6.845221e-04
2 4 -1 -1 3.762048e+01 1.174963e-03
2 3 -1 -1 2.892733e+01 9.034581e-04
5 
-1 -1 1 2 4.990189e+01 1.558535e-03
-1 -1 0 2 8.495938e+00 2.653451e-04
0 1 3 4 1.844078e+01 5.759423e-04
2 4 -1 -1 1.959072e+01 6.118573e-04
2 3 -1 -1 7.609945e+00 2.376738e-04
5 
-1 -1 1 2 6.045199e+01 1.888036e-03
-1 -1 0 2 4.353110e+01 1.359563e-03
0 1 3 4 3.975239e+01 1.241546e-03
2 4 -1 -1 3.335819e+01 1.041843e-03
2 3 -1 -1 5.184402e+01 1.619192e-03
5 
-1 -1 1 2 7.223992e+01 2.256197e-03
-1 -1 0 2 1.674440e+01 5.229611e-04
0 1 3 4 2.500009e+01 7.808026e-04
2 4 -1 -1 5.842365e+01 1.824687e-03
2 3 -1 -1 1.511663e+01 4.721224e-04
5 
-1 -1 1 2 9.541366e+00 2.979959e-04
-1 -1 0 2 2.444106e+01 7.633430e-04
0 1 3 4 3.224347e+01 1.007028e-03
2 4 -1 -1 3.001443e+01 9.374106e-04
2 3 -1 -1 1.449530e+01 4.527173e-04
5 
-1 -1 1 2 4.242400e+01 1.324986e-03
-1 -1 0 2 1.108681e+01 3.462631e-04
0 1 3 4 8.002224e+01 2.499254e-03
2 4 -1 -1 9.502796e+00 2.967912e-04
2 3 -1 -1 4.733324e+01 1.478311e-03
5 
-1 -1 1 2 6.266013e+00 1.957001e-04
-1 -1 0 2 7.776495e+01 2.428754e-03
0 1 3 4 4.325591e+01 1.350968e-03
2 4 -1 -1 5.671080e+01 1.771191e-03
2 3 -1 -1 2.022259e+01 6.315918e-04
5 
-1 -1 1 2 1.435462e+01 4.483233e-04
-1 -1 0 2 6.990838e+00 2.183378e-04
0 1 3 4 2.576190e+01 8.045954e-04
2 4 -1 -1 9.137839e+00 2.853929e-04
2 3 -1 -1 2.319565e+01 7.244465e-04
5 
-1 -1 1 2 2.816455e+01 8.796350e-04
-1 -1 0 2 1.106089e+01 3.454538e-04
0 1 3 4 4.015836e+01 1.254226e-03
2 4 -1 -1 2.553419e+01 7.974838e-04
2 3 -1 -1 2.156539e+01 6.735302e-04
5 
-1 -1 1 2 1.628481e+01 5.086072e-04
-1 -1 0 2 2.462594e+01 7.691172e-04
0 1 3 4 2.221007e+01 6.936648e-04
2 4 -1 -1 4.751032e+01 1.483842e-03
2 3 -1 -1 1.827621e+01 5.708025e-04
5 
-1 -1 1 2 2.175993e+01 6.796061e-04
-1 -1 0 2 1.423222e+02 4.445004e-03
0 1 3 4 4.673954e+01 1.459769e-03
2 4 -1 -1 4.336847e+01 1.354484e-03
2 3 -1 -1 1.385001e+01 4.325633e-04
5 
-1 -1 1 2 5.888111e+01 1.838974e-03
-1 -1 0 2 1.605322e+01 5.013741e-04
0 1 3 4 2.824597e+01 8.821780e-04
2 4 -1 -1 4.265260e+01 1.332126e-03
2 3 -1 -1 1.906252e+01 5.953606e-04
5 
-1 -1 1 2 4.909324e+01 1.533280e-03
-1 -1 0 2 2.066588e+01 6.454366e-04
0 1 3 4 2.016517e+01 6.297986e-04
2 4 -1 -1 2.436273e+01 7.608967e-04
2 3 -1 -1 2.635998e+01 8.232747e-04
5 
-1 -1 1 2 1.519341e+01 4.745206e-04
-1 -1 0 2 1.703635e+01 5.320792e-04
0 1 3 4 3.173904e+01 9.912734e-04
2 4 -1 -1 3.074141e+01 9.601155e-04
2 3 -1 -1 4.363046e+01 1.362666e-03
5 
-1 -1 1 2 2.844399e+01 8.883625e-04
-1 -1 0 2 1.289083e+01 4.026064e-04
0 1 3 4 8.991596e+01 2.808255e-03
2 4 -1 -1 1.780195e+01 5.559903e-04
2 3 -1 -1 4.973269e+01 1.553251e-03
5 
-1 -1 1 2 1.953481e+01 6.101111e-04
-1 -1 0 2 7.971497e+00 2.489658e-04
0 1 3 4 3.849351e+01 1.202229e-03
2 4 -1 -1 1.357128e+01 4.238581e-04
2 3 -1 -1 2.822186e+01 8.814249e-04
5 
-1 -1 1 2 6.679164e+00 2.086036e-04
-1 -1 0 2 1.643131e+01 5.131825e-04
0 1 3 4 4.234642e+01 1.322563e-03
2 4 -1 -1 6.477306e+00 2.022992e-04
2 3 -1 -1 6.913837e+01 2.159329e-03
5 
-1 -1 1 2 2.681571e+01 8.375081e-04
-1 -1 0 2 1.263466e+01 3.946055e-04
0 1 3 4 4.052419e+01 1.265651e-03
2 4 -1 -1 1.743148e+01 5.444199e-04
2 3 -1 -1 2.417469e+01 7.550238e-04
5 
-1 -1 1 2 1.614661e+01 5.042909e-04
-1 -1 0 2 3.407246e+01 1.064151e-03
0 1 3 4 3.637857e+01 1.136175e-03
2 4 -1 -1 2.329012e+01 7.273969e-04
2 3 -1 -1 3.339015e+01 1.042841e-03
5 
-1 -1 1 2 1.977517e+01 6.176181e-04
-1 -1 0 2 3.004395e+01 9.383323e-04
0 1 3 4 2.592176e+01 8.095884e-04
2 4 -1 -1 1.321161e+01 4.126249e-04
2 3 -1 -1 1.737892e+01 5.427783e-04
5 
-1 -1 1 2 3.488079e+01 1.089397e-03
-1 -1 0 2 1.049994e+01 3.279339e-04
0 1 3 4 3.095230e+01 9.667019e-04
2 4 -1 -1 1.633640e+01 5.102183e-04
2 3 -1 -1 5.879958e+01 1.836428e-03
5 
-1 -1 1 2 3.209519e+01 1.002397e-03
-1 -1 0 2 2.547111e+00 7.955136e-05
0 1 3 4 3.573342e+01 1.116026e-03
2 4 -1 -1 3.469583e+01 1.083620e-03
2 3 -1 -1 2.548658e+01 7.959968e-04
5 
-1 -1 1 2 1.589624e+01 4.964712e-04
-1 -1 0 2 8.029992e+01 2.507927e-03
0 1 3 4 3.898730e+01 1.217651e-03
2 4 -1 -1 7.909882e+01 2.470414e-03
2 3 -1 -1 2.312332e+01 7.221875e-04
5 
-1 -1 1 2 2.588733e+01 8.085130e-04
-1 -1 0 2 1.740841e+01 5.436992e-04
0 1 3 4 4.570155e+01 1.427350e-03
2 4 -1 -1 2.248522e+01 7.022583e-04
2 3 -1 -1 4.179164e+01 1.305236e-03
5 
-1 -1 1 2 2.608831e+01 8.147899e-04
-1 -1 0 2 7.200024e+01 2.248711e-03
0 1 3 4 3.248446e+01 1.014554e-03
2 4 -1 -1 3.027065e+01 9.454128e-04
2 3 -1 -1 2.028492e+01 6.335386e-04
5 
-1 -1 1 2 6.555780e+00 2.047501e-04
-1 -1 0 2 7.557145e+01 2.360247e-03
0 1 3 4 2.353638e+01 7.350881e-04
2 4 -1 -1 1.879617e+01 5.870417e-04
2 3 -1 -1 3.162891e+01 9.878339e-04
5 
-1 -1 1 2 3.196786e+01 9.984198e-04
-1 -1 0 2 1.152252e+01 3.598712e-04
0 1 3 4 3.857778e+01 1.204861e-03
2 4 -1 -1 1.685245e+01 5.263356e-04
2 3 -1 -1 1.745752e+01 5.452331e-04
5 
-1 -1 1 2 1.659482e+01 5.182894e-04
-1 -1 0 2 1.243895e+01 3.884933e-04
0 1 3 4 3.126154e+01 9.763602e-04
2 4 -1 -1 5.750171e+01 1.795893e-03
2 3 -1 -1 3.434782e+01 1.072751e-03
5 
-1 -1 1 2 4.131226e+01 1.290264e-03
-1 -1 0 2 2.138244e+01 6.678162e-04
0 1 3 4 4.615702e+01 1.441576e-03
2 4 -1 -1 4.550392e+01 1.421178e-03
2 3 -1 -1 2.143700e+01 6.695203e-04
5 
-1 -1 1 2 4.813806e+01 1.503447e-03
-1 -1 0 2 1.317440e+01 4.114627e-04
0 1 3 4 3.258657e+01 1.017744e-03
2 4 -1 -1 1.220027e+01 3.810386e-04
2 3 -1 -1 1.560020e+01 4.872254e-04
5 
-1 -1 1 2 3.794014e+01 1.184946e-03
-1 -1 0 2 1.838755e+01 5.742798e-04
0 1 3 4 3.150312e+01 9.839053e-04
2 4 -1 -1 2.774398e+01 8.664997e-04
2 3 -1 -1 1.182851e+02 3.694280e-03
5 
-1 -1 1 2 2.488595e+01 7.772378e-04
-1 -1 0 2 5.518634e+01 1.723579e-03
0 1 3 4 3.451322e+01 1.077917e-03
2 4 -1 -1 5.002455e+01 1.562366e-03
2 3 -1 -1 5.211473e+01 1.627647e-03
5 
-1 -1 1 2 3.021647e+01 9.437205e-04
-1 -1 0 2 1.986877e+01 6.205411e-04
0 1 3 4 3.600109e+01 1.124386e-03
2 4 -1 -1 1.919475e+01 5.994903e-04
2 3 -1 -1 2.333909e+01 7.289265e-04
5 
-1 -1 1 2 1.738897e+01 5.430922e-04
-1 -1 0 2 3.033429e+01 9.474003e-04
0 1 3 4 5.651020e+01 1.764926e-03
2 4 -1 -1 1.828257e+01 5.710010e-04
2 3 -1 -1 4.350793e+01 1.358839e-03
5 
-1 -1 1 2 1.753014e+01 5.475013e-04
-1 -1 0 2 9.187547e+00 2.869454e-04
0 1 3 4 3.516211e+01 1.098183e-03
2 4 -1 -1 5.100380e+01 1.592950e-03
2 3 -1 -1 4.344308e+01 1.356814e-03
5 
-1 -1 1 2 2.786694e+01 8.703401e-04
-1 -1 0 2 3.085606e+01 9.636963e-04
0 1 3 4 2.087652e+01 6.520154e-04
2 4 -1 -1 3.498126e+01 1.092534e-03
2 3 -1 -1 2.285865e+01 7.139212e-04
5 
-1 -1 1 2 2.952417e+01 9.220987e-04
-1 -1 0 2 1.903402e+01 5.944704e-04
0 1 3 4 3.226106e+01 1.007577e-03
2 4 -1 -1 1.369376e+01 4.276834e-04
2 3 -1 -1 1.510759e+01 4.718402e-04
5 
-1 -1 1 2 3.606136e+01 1.126268e-03
-1 -1 0 2 5.736021e+00 1.791474e-04
0 1 3 4 4.599888e+01 1.436637e-03
2 4 -1 -1 2.745943e+01 8.576128e-04
2 3 -1 -1 1.520127e+02 4.747658e-03
5 
-1 -1 1 2 3.027127e+01 9.454320e-04
-1 -1 0 2 5.923633e+01 1.850069e-03
0 1 3 4 3.307219e+01 1.032910e-03
2 4 -1 -1 5.792282e+01 1.809045e-03
2 3 -1 -1 1.271844e+01 3.972221e-04
5 
-1 -1 1 2 4.246690e+01 1.326326e-03
-1 -1 0 2 1.783014e+01 5.568707e-04
0 1 3 4 4.881322e+01 1.524534e-03
2 4 -1 -1 8.567582e+00 2.675827e-04
2 3 -1 -1 1.978100e+01 6.178000e-04
5 
-1 -1 1 2 1.355220e+01 4.232623e-04
-1 -1 0 2 3.029212e+01 9.460831e-04
0 1 3 4 6.253309e+01 1.953033e-03
2 4 -1 -1 1.753079e+01 5.475215e-04
2 3 -1 -1 2.149249e+01 6.712532e-04
5 
-1 -1 1 2 1.879499e+01 5.870050e-04
-1 -1 0 2 1.849711e+01 5.777015e-04
0 1 3 4 1.544780e+01 4.824654e-04
2 4 -1 -1 3.377047e+01 1.054719e-03
2 3 -1 -1 2.106890e+01 6.580237e-04
5 
-1 -1 1 2 8.152258e+00 2.546113e-04
-1 -1 0 2 2.522242e+01 7.877464e-04
0 1 3 4 3.452808e+01 1.078381e-03
2 4 -1 -1 4.357642e+01 1.360978e-03
2 3 -1 -1 2.203410e+01 6.881687e-04
5 
-1 -1 1 2 4.160146e+01 1.299296e-03
-1 -1 0 2 3.381012e+01 1.055958e-03
0 1 3 4 2.572766e+01 8.035261e-04
2 4 -1 -1 2.372303e+01 7.409175e-04
2 3 -1 -1 4.816614e+01 1.504325e-03
5 
-1 -1 1 2 6.074709e+00 1.897253e-04
-1 -1 0 2 1.288656e+01 4.024730e-04
0 1 3 4 2.721055e+01 8.498398e-04
2 4 -1 -1 5.399455e+01 1.686358e-03
2 3 -1 -1 2.068535e+01 6.460447e-04
5 
-1 -1 1 2 1.523707e+01 4.758840e-04
-1 -1 0 2 1.152281e+02 3.598804e-03
0 1 3 4 3.983369e+01 1.244085e-03
2 4 -1 -1 4.064903e+01 1.269550e-03
2 3 -1 -1 7.187798e+00 2.244893e-04
5 
-1 -1 1 2 4.698988e+01 1.467588e-03
-1 -1 0 2 1.812028e+01 5.659324e-04
0 1 3 4 4.566489e+01 1.426205e-03
2 4 -1 -1 9.904450e+00 3.093357e-04
2 3 -1 -1 2.002396e+01 6.253881e-04
5 
-1 -1 1 2 4.506735e+01 1.407543e-03
-1 -1 0 2 2.199667e+01 6.869998e-04
0 1 3 4 7.639553e+01 2.385985e-03
2 4 -1 -1 1.072855e+02 3.350740e-03
2 3 -1 -1 7.847280e+00 2.450862e-04
5 
-1 -1 1 2 2.089770e+01 6.526767e-04
-1 -1 0 2 7.162866e+01 2.237106e-03
0 1 3 4 1.830341e+01 5.716521e-04
2 4 -1 -1 2.530804e+01 7.904207e-04
2 3 -1 -1 7.842507e+01 2.449371e-03
5 
-1 -1 1 2 3.736365e+01 1.166941e-03
-1 -1 0 2 7.591452e+01 2.370962e-03
0 1 3 4 2.424177e+01 7.571189e-04
2 4 -1 -1 4.508579e+01 1.408119e-03
2 3 -1 -1 1.486646e+01 4.643091e-04
5 
-1 -1 1 2 2.049485e+01 6.400949e-04
-1 -1 0 2 1.341818e+01 4.190765e-04
0 1 3 4 5.517693e+01 1.723286e-03
2 4 -1 -1 3.025827e+01 9.450261e-04
2 3 -1 -1 1.546042e+01 4.828596e-04
5 
-1 -1 1 2 2.584581e+01 8.072160e-04
-1 -1 0 2 8.203468e+00 2.562107e-04
0 1 3 4 3.708505e+01 1.158240e-03
2 4 -1 -1 1.770449e+01 5.529467e-04
2 3 -1 -1 1.504365e+01 4.698433e-04
5 
-1 -1 1 2 1.863726e+01 5.820787e-04
-1 -1 0 2 3.914973e+01 1.222724e-03
0 1 3 4 3.156015e+01 9.856865e-04
2 4 -1 -1 2.921395e+01 9.124100e-04
2 3 -1 -1 1.406052e+01 4.391380e-04
5 
-1 -1 1 2 2.282071e+01 7.127361e-04
-1 -1 0 2 2.668776e+01 8.335120e-04
0 1 3 4 2.929173e+01 9.148391e-04
2 4 -1 -1 1.074834e+01 3.356922e-04
2 3 -1 -1 3.751783e+01 1.171757e-03
5 
-1 -1 1 2 2.042469e+01 6.379039e-04
-1 -1 0 2 9.300320e+01 2.904675e-03
0 1 3 4 2.505310e+01 7.824582e-04
2 4 -1 -1 4.144000e+01 1.294254e-03
2 3 -1 -1 5.387104e+01 1.682500e-03
5 
-1 -1 1 2 1.772935e+01 5.537231e-04
-1 -1 0 2 4.949555e+01 1.545845e-03
0 1 3 4 2.962001e+01 9.250920e-04
2 4 -1 -1 2.080990e+01 6.499346e-04
2 3 -1 -1 5.144486e+01 1.606726e-03
5 
-1 -1 1 2 3.736462e+01 1.166971e-03
-1 -1 0 2 3.514632e+01 1.097690e-03
0 1 3 4 4.540544e+01 1.418102e-03
2 4 -1 -1 2.092251e+01 6.534516e-04
2 3 -1 -1 9.825656e+00 3.068748e-04
5 
-1 -1 1 2 2.531353e+01 7.905921e-04
-1 -1 0 2 1.926815e+01 6.017828e-04
0 1 3 4 3.807514e+01 1.189163e-03
2 4 -1 -1 1.481396e+01 4.626695e-04
2 3 -1 -1 3.392583e+01 1.059571e-03
5 
-1 -1 1 2 1.978242e+01 6.178443e-04
-1 -1 0 2 5.218136e+01 1.629728e-03
0 1 3 4 3.479026e+01 1.086569e-03
2 4 -1 -1 3.113665e+01 9.724597e-04
2 3 -1 -1 1.710866e+01 5.343377e-04
5 
-1 -1 1 2 3.706972e+01 1.157761e-03
-1 -1 0 2 1.137013e+02 3.551120e-03
0 1 3 4 3.701433e+01 1.156031e-03
2 4 -1 -1 5.478694e+01 1.711105e-03
2 3 -1 -1 2.038703e+01 6.367277e-04
5 
-1 -1 1 2 2.863228e+01 8.942433e-04
-1 -1 0 2 4.131482e+01 1.290344e-03
0 1 3 4 4.044753e+01 1.263257e-03
2 4 -1 -1 2.887250e+01 9.017457e-04
2 3 -1 -1 3.840616e+01 1.199501e-03
5 
-1 -1 1 2 1.677996e+01 5.240718e-04
-1 -1 0 2 1.935347e+01 6.044475e-04
0 1 3 4 2.612714e+01 8.160025e-04
2 4 -1 -1 5.568212e+01 1.739063e-03
2 3 -1 -1 6.659261e+01 2.079820e-03
5 
-1 -1 1 2 2.479954e+01 7.745390e-04
-1 -1 0 2 6.741286e+01 2.105438e-03
0 1 3 4 2.139280e+01 6.681397e-04
2 4 -1 -1 3.064482e+01 9.570989e-04
2 3 -1 -1 1.824725e+01 5.698979e-04
5 
-1 -1 1 2 3.768177e+01 1.176877e-03
-1 -1 0 2 4.085512e+01 1.275987e-03
0 1 3 4 2.886284e+01 9.014441e-04
2 4 -1 -1 2.356580e+01 7.360069e-04
2 3 -1 -1 4.223551e+01 1.319099e-03
5 
-1 -1 1 2 2.962963e+01 9.253923e-04
-1 -1 0 2 6.346085e+00 1.982009e-04
0 1 3 4 4.715088e+01 1.472616e-03
2 4 -1 -1 2.366630e+01 7.391456e-04
2 3 -1 -1 3.226690e+01 1.007760e-03
5 
-1 -1 1 2 1.662903e+01 5.193577e-04
-1 -1 0 2 1.756144e+01 5.484786e-04
0 1 3 4 1.671258e+01 5.219672e-04
2 4 -1 -1 1.329862e+01 4.153423e-04
2 3 -1 -1 3.349993e+01 1.046270e-03
5 
-1 -1 1 2 7.869548e+00 2.457817e-04
-1 -1 0 2 2.023832e+01 6.320830e-04
0 1 3 4 7.291958e+01 2.277424e-03
2 4 -1 -1 6.099722e+01 1.905065e-03
2 3 -1 -1 7.882517e+01 2.461867e-03
5 
-1 -1 1 2 2.075657e+01 6.482689e-04
-1 -1 0 2 9.578427e+00 2.991534e-04
0 1 3 4 5.753755e+01 1.797012e-03
2 4 -1 -1 1.464758e+01 4.574731e-04
2 3 -1 -1 9.600475e+00 2.998420e-04
5 
-1 -1 1 2 2.106424e+01 6.578782e-04
-1 -1 0 2 9.328408e+01 2.913448e-03
0 1 3 4 7.217590e+01 2.254197e-03
2 4 -1 -1 5.508378e+01 1.720376e-03
2 3 -1 -1 1.119575e+01 3.496655e-04
5 
-1 -1 1 2 1.990016e+01 6.215218e-04
-1 -1 0 2 2.303684e+01 7.194863e-04
0 1 3 4 1.185017e+01 3.701044e-04
2 4 -1 -1 5.726526e+01 1.788508e-03
2 3 -1 -1 1.097688e+01 3.428298e-04
5 
-1 -1 1 2 1.773987e+01 5.540514e-04
-1 -1 0 2 8.266868e+01 2.581908e-03
0 1 3 4 2.236229e+01 6.984188e-04
2 4 -1 -1 1.585186e+01 4.950853e-04
2 3 -1 -1 1.371974e+01 4.284948e-04
5 
-1 -1 1 2 1.159645e+01 3.621803e-04
-1 -1 0 2 1.878834e+01 5.867974e-04
0 1 3 4 1.751712e+01 5.470947e-04
2 4 -1 -1 6.540983e+01 2.042879e-03
2 3 -1 -1 4.783773e+00 1.494068e-04
5 
-1 -1 1 2 1.726469e+01 5.392107e-04
-1 -1 0 2 8.234589e+00 2.571826e-04
0 1 3 4 4.083506e+01 1.275360e-03
2 4 -1 -1 8.548291e+01 2.669802e-03
2 3 -1 -1 1.148293e+01 3.586347e-04
5 
-1 -1 1 2 2.799905e+01 8.744660e-04
-1 -1 0 2 1.779892e+01 5.558956e-04
0 1 3 4 2.589122e+01 8.086344e-04
2 4 -1 -1 6.320961e+01 1.974162e-03
2 3 -1 -1 1.015223e+02 3.170744e-03
5 
-1 -1 1 2 2.246645e+01 7.016720e-04
-1 -1 0 2 4.665048e+01 1.456987e-03
0 1 3 4 3.261280e+01 1.018563e-03
2 4 -1 -1 3.329128e+01 1.039753e-03
2 3 -1 -1 2.860230e+01 8.933069e-04
5 
-1 -1 1 2 3.226400e+01 1.007669e-03
-1 -1 0 2 1.147351e+02 3.583407e-03
0 1 3 4 3.326186e+01 1.038834e-03
2 4 -1 -1 3.136959e+01 9.797350e-04
2 3 -1 -1 3.207078e+01 1.001634e-03
5 
-1 -1 1 2 2.489404e+01 7.774905e-04
-1 -1 0 2 9.363462e+00 2.924396e-04
0 1 3 4 8.930445e+01 2.789156e-03
2 4 -1 -1 1.898425e+01 5.929161e-04
2 3 -1 -1 3.728761e+01 1.164566e-03
5 
-1 -1 1 2 1.665165e+01 5.200643e-04
-1 -1 0 2 2.066236e+01 6.453268e-04
0 1 3 4 3.334342e+01 1.041381e-03
2 4 -1 -1 1.351934e+01 4.222359e-04
2 3 -1 -1 3.228567e+01 1.008346e-03
5 
-1 -1 1 2 3.138585e+01 9.802427e-04
-1 -1 0 2 1.704605e+01 5.323821e-04
0 1 3 4 6.971178e+01 2.177238e-03
2 4 -1 -1 5.235445e+01 1.635134e-03
2 3 -1 -1 1.727113e+01 5.394119e-04
5 
-1 -1 1 2 4.823922e+01 1.506607e-03
-1 -1 0 2 3.099968e+01 9.681817e-04
0 1 3 4 2.911956e+01 9.094620e-04
2 4 -1 -1 3.131889e+01 9.781514e-04
2 3 -1 -1 4.708250e+01 1.470480e-03
5 
-1 -1 1 2 1.203759e+01 3.759580e-04
-1 -1 0 2 2.699091e+01 8.429800e-04
0 1 3 4 2.417552e+01 7.550496e-04
2 4 -1 -1 1.819347e+01 5.682184e-04
2 3 -1 -1 8.401507e+00 2.623958e-04
5 
-1 -1 1 2 2.891034e+01 9.029274e-04
-1 -1 0 2 4.817892e+00 1.504724e-04
0 1 3 4 3.149452e+01 9.836366e-04
2 4 -1 -1 8.211112e+00 2.564494e-04
2 3 -1 -1 4.005520e+01 1.251004e-03
5 
-1 -1 1 2 9.829149e+00 3.069839e-04
-1 -1 0 2 2.621368e+01 8.187056e-04
0 1 3 4 1.552546e+01 4.848911e-04
2 4 -1 -1 7.700512e+00 2.405023e-04
2 3 -1 -1 3.478321e+01 1.086349e-03
5 
-1 -1 1 2 3.412075e+01 1.065659e-03
-1 -1 0 2 2.122431e+01 6.628777e-04
0 1 3 4 4.646519e+01 1.451200e-03
2 4 -1 -1 2.169938e+01 6.777148e-04
2 3 -1 -1 2.980930e+01 9.310038e-04
5 
-1 -1 1 2 2.569446e+01 8.024892e-04
-1 -1 0 2 1.553366e+01 4.851472e-04
0 1 3 4 4.998554e+01 1.561148e-03
2 4 -1 -1 2.157901e+01 6.739554e-04
2 3 -1 -1 2.390262e+01 7.465265e-04
5 
-1 -1 1 2 1.381234e+01 4.313870e-04
-1 -1 0 2 2.248495e+01 7.022499e-04
0 1 3 4 1.665086e+01 5.200394e-04
2 4 -1 -1 1.612818e+01 5.037152e-04
2 3 -1 -1 3.333869e+01 1.041234e-03
5 
-1 -1 1 2 1.980060e+01 6.184122e-04
-1 -1 0 2 1.638148e+01 5.116262e-04
0 1 3 4 2.764983e+01 8.635594e-04
2 4 -1 -1 2.849793e+01 8.900472e-04
2 3 -1 -1 2.888938e+01 9.022730e-04
5 
-1 -1 1 2 4.272733e+01 1.334460e-03
-1 -1 0 2 3.587855e+01 1.120559e-03
0 1 3 4 3.421511e+01 1.068606e-03
2 4 -1 -1 3.332137e+01 1.040693e-03
2 3 -1 -1 2.926292e+01 9.139393e-04
5 
-1 -1 1 2 1.573432e+01 4.914143e-04
-1 -1 0 2 3.840362e+01 1.199422e-03
0 1 3 4 4.428817e+01 1.383208e-03
2 4 -1 -1 6.261862e+01 1.955704e-03
2 3 -1 -1 1.457080e+01 4.550751e-04
5 
-1 -1 1 2 1.063874e+01 3.322689e-04
-1 -1 0 2 2.154833e+01 6.729972e-04
0 1 3 4 2.535728e+01 7.919583e-04
2 4 -1 -1 3.439158e+01 1.074118e-03
2 3 -1 -1 1.900589e+01 5.935918e-04
5 
-1 -1 1 2 2.949598e+01 9.212181e-04
-1 -1 0 2 2.257751e+01 7.051408e-04
0 1 3 4 1.509496e+01 4.714457e-04
2 4 -1 -1 1.101947e+01 3.441600e-04
2 3 -1 -1 1.325686e+01 4.140383e-04
5 
-1 -1 1 2 2.221725e+01 6.938889e-04
-1 -1 0 2 2.247715e+01 7.020062e-04
0 1 3 4 2.055038e+01 6.418294e-04
2 4 -1 -1 2.005931e+01 6.264924e-04
2 3 -1 -1 8.248762e+00 2.576253e-04
5 
-1 -1 1 2 3.514138e+01 1.097535e-03
-1 -1 0 2 3.962008e+01 1.237414e-03
0 1 3 4 2.392491e+01 7.472226e-04
2 4 -1 -1 1.544034e+01 4.822326e-04
2 3 -1 -1 3.284001e+01 1.025659e-03
5 
-1 -1 1 2 2.277767e+01 7.113919e-04
-1 -1 0 2 2.428137e+01 7.583555e-04
0 1 3 4 2.489893e+01 7.776432e-04
2 4 -1 -1 2.298030e+01 7.177207e-04
2 3 -1 -1 4.778170e+01 1.492318e-03
5 
-1 -1 1 2 7.715233e+01 2.409621e-03
-1 -1 0 2 1.908750e+01 5.961407e-04
0 1 3 4 2.688728e+01 8.397433e-04
2 4 -1 -1 3.214149e+01 1.003843e-03
2 3 -1 -1 1.587098e+01 4.956822e-04
5 
-1 -1 1 2 1.479473e+01 4.620690e-04
-1 -1 0 2 2.368543e+01 7.397432e-04
0 1 3 4 4.208366e+01 1.314356e-03
2 4 -1 -1 2.800686e+01 8.747101e-04
2 3 -1 -1 3.050490e+01 9.527288e-04
5 
-1 -1 1 2 6.919625e+01 2.161137e-03
-1 -1 0 2 2.420608e+01 7.560041e-04
0 1 3 4 4.198375e+01 1.311236e-03
2 4 -1 -1 1.300373e+01 4.061323e-04
2 3 -1 -1 1.119738e+01 3.497166e-04
5 
-1 -1 1 2 7.804635e+00 2.437543e-04
-1 -1 0 2 4.462500e+01 1.393728e-03
0 1 3 4 3.318122e+01 1.036316e-03
2 4 -1 -1 2.429869e+01 7.588965e-04
2 3 -1 -1 6.270844e+01 1.958510e-03
5 
-1 -1 1 2 4.375951e+01 1.366697e-03
-1 -1 0 2 1.445050e+01 4.513181e-04
0 1 3 4 3.404472e+01 1.063284e-03
2 4 -1 -1 6.021149e+01 1.880525e-03
2 3 -1 -1 4.571560e+01 1.427789e-03
5 
-1 -1 1 2 1.199803e+01 3.747222e-04
-1 -1 0 2 4.571364e+01 1.427728e-03
0 1 3 4 3.189940e+01 9.962817e-04
2 4 -1 -1 1.959985e+01 6.121423e-04
2 3 -1 -1 8.123854e+01 2.537241e-03
5 
-1 -1 1 2 3.339145e+01 1.042882e-03
-1 -1 0 2 2.113203e+01 6.599954e-04
0 1 3 4 3.329199e+01 1.039775e-03
2 4 -1 -1 1.358379e+01 4.242489e-04
2 3 -1 -1 4.936199e+01 1.541673e-03
5 
-1 -1 1 2 1.355693e+01 4.234100e-04
-1 -1 0 2 1.079879e+01 3.372676e-04
0 1 3 4 6.089463e+01 1.901861e-03
2 4 -1 -1 2.734104e+01 8.539153e-04
2 3 -1 -1 3.387137e+01 1.057870e-03
5 
-1 -1 1 2 1.768153e+01 5.522293e-04
-1 -1 0 2 9.425344e+00 2.943723e-04
0 1 3 4 3.461634e+01 1.081137e-03
2 4 -1 -1 9.905080e+00 3.093554e-04
2 3 -1 -1 1.079131e+01 3.370341e-04
5 
-1 -1 1 2 2.115112e+01 6.605915e-04
-1 -1 0 2 3.392964e+01 1.059690e-03
0 1 3 4 3.008514e+01 9.396189e-04
2 4 -1 -1 5.184686e+01 1.619281e-03
2 3 -1 -1 1.348505e+01 4.211649e-04
5 
-1 -1 1 2 3.514197e+01 1.097554e-03
-1 -1 0 2 1.136983e+01 3.551026e-04
0 1 3 4 6.265256e+01 1.956764e-03
2 4 -1 -1 1.450236e+01 4.529377e-04
2 3 -1 -1 4.358888e+01 1.361368e-03
5 
-1 -1 1 2 2.631207e+01 8.217784e-04
-1 -1 0 2 1.474585e+01 4.605424e-04
0 1 3 4 2.482053e+01 7.751946e-04
2 4 -1 -1 1.269989e+01 3.966429e-04
2 3 -1 -1 7.754286e+00 2.421818e-04
5 
-1 -1 1 2 2.718339e+01 8.489914e-04
-1 -1 0 2 1.593601e+01 4.977132e-04
0 1 3 4 6.608326e+01 2.063912e-03
2 4 -1 -1 2.828808e+01 8.834932e-04
2 3 -1 -1 1.969285e+01 6.150470e-04
5 
-1 -1 1 2 2.531072e+01 7.905043e-04
-1 -1 0 2 1.235684e+01 3.859287e-04
0 1 3 4 4.377012e+01 1.367028e-03
2 4 -1 -1 1.684125e+01 5.259858e-04
2 3 -1 -1 3.825076e+01 1.194647e-03
5 
-1 -1 1 2 2.766654e+01 8.640811e-04
-1 -1 0 2 2.137536e+01 6.675951e-04
0 1 3 4 4.126054e+01 1.288649e-03
2 4 -1 -1 1.091469e+01 3.408875e-04
2 3 -1 -1 4.653737e+01 1.453455e-03
5 
-1 -1 1 2 2.307412e+01 7.206508e-04
-1 -1 0 2 5.069220e+01 1.583219e-03
0 1 3 4 1.654742e+01 5.168089e-04
2 4 -1 -1 1.936349e+01 6.047603e-04
2 3 -1 -1 2.368119e+01 7.396109e-04
5 
-1 -1 1 2 2.509785e+01 7.838558e-04
-1 -1 0 2 1.125843e+01 3.516231e-04
0 1 3 4 2.782420e+01 8.690053e-04
2 4 -1 -1 2.487886e+01 7.770165e-04
2 3 -1 -1 3.627982e+01 1.133091e-03
5 
-1 -1 1 2 3.584795e+01 1.119603e-03
-1 -1 0 2 1.536154e+01 4.797715e-04
0 1 3 4 3.713918e+01 1.159931e-03
2 4 -1 -1 2.417937e+01 7.551700e-04
2 3 -1 -1 8.653983e+00 2.702812e-04
5 
-1 -1 1 2 2.508064e+01 7.833184e-04
-1 -1 0 2 7.480920e+01 2.336440e-03
0 1 3 4 2.752425e+01 8.596373e-04
2 4 -1 -1 1.638899e+01 5.118607e-04
2 3 -1 -1 8.018316e+00 2.504280e-04
5 
-1 -1 1 2 6.043248e+01 1.887427e-03
-1 -1 0 2 4.138501e+01 1.292536e-03
0 1 3 4 8.508130e+01 2.657259e-03
2 4 -1 -1 2.085518e+01 6.513489e-04
2 3 -1 -1 1.209462e+01 3.777391e-04
5 
-1 -1 1 2 1.627312e+01 5.082420e-04
-1 -1 0 2 9.985659e+00 3.118720e-04
0 1 3 4 2.415532e+01 7.544189e-04
2 4 -1 -1 1.908880e+01 5.961814e-04
2 3 -1 -1 1.139622e+01 3.559267e-04
5 
-1 -1 1 2 5.673929e+01 1.772081e-03
-1 -1 0 2 9.597105e+00 2.997367e-04
0 1 3 4 1.872660e+01 5.848691e-04
2 4 -1 -1 3.242847e+01 1.012806e-03
2 3 -1 -1 1.124965e+01 3.513490e-04
5 
-1 -1 1 2 1.701056e+01 5.312737e-04
-1 -1 0 2 2.137592e+01 6.676127e-04
0 1 3 4 5.168095e+01 1.614099e-03
2 4 -1 -1 2.226646e+01 6.954260e-04
2 3 -1 -1 1.950128e+01 6.090640e-04
5 
-1 -1 1 2 4.959572e+01 1.548973e-03
-1 -1 0 2 1.043742e+01 3.259815e-04
0 1 3 4 5.491719e+01 1.715173e-03
2 4 -1 -1 1.583232e+01 4.944750e-04
2 3 -1 -1 1.184278e+01 3.698736e-04
5 
-1 -1 1 2 5.477833e+01 1.710837e-03
-1 -1 0 2 1.439852e+01 4.496944e-04
0 1 3 4 1.448013e+02 4.522434e-03
2 4 -1 -1 6.925023e+00 2.162823e-04
2 3 -1 -1 1.844565e+01 5.760944e-04
5 
-1 -1 1 2 2.009642e+01 6.276512e-04
-1 -1 0 2 1.543559e+01 4.820844e-04
0 1 3 4 4.310500e+01 1.346255e-03
2 4 -1 -1 1.350544e+01 4.218017e-04
2 3 -1 -1 6.583848e+01 2.056267e-03
5 
-1 -1 1 2 2.027158e+01 6.331218e-04
-1 -1 0 2 3.274183e+01 1.022593e-03
0 1 3 4 4.259141e+01 1.330215e-03
2 4 -1 -1 1.360021e+01 4.247618e-04
2 3 -1 -1 2.263068e+01 7.068014e-04
5 
-1 -1 1 2 6.290133e+01 1.964534e-03
-1 -1 0 2 2.421590e+01 7.563108e-04
0 1 3 4 3.542609e+01 1.106427e-03
2 4 -1 -1 3.565728e+01 1.113648e-03
2 3 -1 -1 6.194200e+01 1.934572e-03
5 
-1 -1 1 2 2.408543e+01 7.522359e-04
-1 -1 0 2 1.256398e+02 3.923982e-03
0 1 3 4 5.034187e+01 1.572277e-03
2 4 -1 -1 5.174991e+01 1.616253e-03
2 3 -1 -1 6.233479e+01 1.946840e-03
5 
-1 -1 1 2 2.980162e+01 9.307639e-04
-1 -1 0 2 1.896814e+01 5.924130e-04
0 1 3 4 5.193539e+01 1.622046e-03
2 4 -1 -1 3.438322e+01 1.073857e-03
2 3 -1 -1 1.716332e+01 5.360448e-04
5 
-1 -1 1 2 3.079917e+01 9.619194e-04
-1 -1 0 2 3.097017e+01 9.672602e-04
0 1 3 4 6.515261e+01 2.034846e-03
2 4 -1 -1 8.709113e+01 2.720029e-03
2 3 -1 -1 2.418394e+01 7.553125e-04
5 
-1 -1 1 2 4.763144e+01 1.487625e-03
-1 -1 0 2 1.225009e+01 3.825947e-04
0 1 3 4 8.244530e+01 2.574931e-03
2 4 -1 -1 2.172836e+01 6.786201e-04
2 3 -1 -1 1.241070e+01 3.876110e-04
5 
-1 -1 1 2 1.086436e+02 3.393156e-03
-1 -1 0 2 1.587875e+01 4.959249e-04
0 1 3 4 2.460335e+01 7.684116e-04
2 4 -1 -1 1.235448e+01 3.858551e-04
2 3 -1 -1 2.701025e+01 8.435839e-04
5 
-1 -1 1 2 1.510176e+01 4.716582e-04
-1 -1 0 2 3.209917e+01 1.002521e-03
0 1 3 4 6.212024e+01 1.940139e-03
2 4 -1 -1 4.243222e+01 1.325243e-03
2 3 -1 -1 3.390541e+01 1.058933e-03
5 
-1 -1 1 2 5.704312e+01 1.781570e-03
-1 -1 0 2 3.657368e+01 1.142269e-03
0 1 3 4 4.128025e+01 1.289265e-03
2 4 -1 -1 1.687039e+01 5.268958e-04
2 3 -1 -1 2.413869e+01 7.538995e-04
5 
-1 -1 1 2 1.972106e+01 6.159279e-04
-1 -1 0 2 3.333880e+01 1.041237e-03
0 1 3 4 1.288217e+01 4.023357e-04
2 4 -1 -1 6.924828e+01 2.162762e-03
2 3 -1 -1 5.489332e+01 1.714428e-03
5 
-1 -1 1 2 6.480170e+01 2.023886e-03
-1 -1 0 2 3.874601e+01 1.210115e-03
0 1 3 4 7.436786e+01 2.322656e-03
2 4 -1 -1 2.222756e+01 6.942110e-04
2 3 -1 -1 2.112672e+01 6.598297e-04
5 
-1 -1 1 2 2.102913e+01 6.567816e-04
-1 -1 0 2 4.969563e+01 1.552094e-03
0 1 3 4 7.225190e+01 2.256571e-03
2 4 -1 -1 1.231329e+01 3.845685e-04
2 3 -1 -1 2.394847e+01 7.479585e-04
5 
-1 -1 1 2 1.330454e+01 4.155272e-04
-1 -1 0 2 1.649712e+01 5.152378e-04
0 1 3 4 3.608707e+01 1.127071e-03
2 4 -1 -1 7.388533e+01 2.307586e-03
2 3 -1 -1 1.575257e+02 4.919841e-03
5 
-1 -1 1 2 3.312254e+01 1.034483e-03
-1 -1 0 2 1.473501e+01 4.602036e-04
0 1 3 4 5.198749e+01 1.623673e-03
2 4 -1 -1 6.683508e+01 2.087393e-03
2 3 -1 -1 4.709840e+01 1.470977e-03
5 
-1 -1 1 2 1.991260e+01 6.219101e-04
-1 -1 0 2 3.767956e+01 1.176808e-03
0 1 3 4 2.576383e+01 8.046558e-04
2 4 -1 -1 3.782025e+01 1.181202e-03
2 3 -1 -1 2.732120e+01 8.532955e-04
5 
-1 -1 1 2 5.740947e+01 1.793012e-03
-1 -1 0 2 2.760542e+01 8.621723e-04
0 1 3 4 3.784909e+01 1.182102e-03
2 4 -1 -1 1.730780e+01 5.405571e-04
2 3 -1 -1 1.627190e+01 5.082039e-04
5 
-1 -1 1 2 1.281341e+01 4.001883e-04
-1 -1 0 2 1.379491e+01 4.308427e-04
0 1 3 4 2.400347e+01 7.496761e-04
2 4 -1 -1 1.311801e+01 4.097014e-04
2 3 -1 -1 1.800079e+01 5.622005e-04
5 
-1 -1 1 2 1.517453e+01 4.739308e-04
-1 -1 0 2 2.685897e+01 8.388593e-04
0 1 3 4 3.980787e+01 1.243279e-03
2 4 -1 -1 1.080452e+01 3.374465e-04
2 3 -1 -1 1.124139e+01 3.510909e-04
5 
-1 -1 1 2 4.371887e+01 1.365427e-03
-1 -1 0 2 5.031563e+00 1.571457e-04
0 1 3 4 9.198803e+01 2.872970e-03
2 4 -1 -1 3.796595e+01 1.185752e-03
2 3 -1 -1 3.680782e+01 1.149581e-03
5 
-1 -1 1 2 2.272390e+01 7.097126e-04
-1 -1 0 2 1.083385e+02 3.383628e-03
0 1 3 4 2.842016e+01 8.876184e-04
2 4 -1 -1 3.753792e+01 1.172384e-03
2 3 -1 -1 3.579905e+01 1.118076e-03
5 
-1 -1 1 2 2.174184e+01 6.790410e-04
-1 -1 0 2 4.551228e+01 1.421439e-03
0 1 3 4 8.080640e+01 2.523745e-03
2 4 -1 -1 1.505540e+01 4.702101e-04
2 3 -1 -1 6.759435e+00 2.111106e-04
5 
-1 -1 1 2 3.048856e+01 9.522184e-04
-1 -1 0 2 8.228519e+01 2.569931e-03
0 1 3 4 2.841146e+01 8.873464e-04
2 4 -1 -1 3.989353e+01 1.245954e-03
2 3 -1 -1 7.743303e+00 2.418388e-04
5 
-1 -1 1 2 3.793951e+01 1.184927e-03
-1 -1 0 2 2.058467e+01 6.429004e-04
0 1 3 4 1.873765e+01 5.852142e-04
2 4 -1 -1 1.681582e+01 5.251917e-04
2 3 -1 -1 1.689302e+01 5.276027e-04
5 
-1 -1 1 2 2.449113e+01 7.649067e-04
-1 -1 0 2 5.309255e+01 1.658186e-03
0 1 3 4 1.983780e+01 6.195740e-04
2 4 -1 -1 2.739130e+01 8.554848e-04
2 3 -1 -1 5.719202e+01 1.786221e-03
5 
-1 -1 1 2 5.005878e+01 1.563435e-03
-1 -1 0 2 4.446881e+01 1.388850e-03
0 1 3 4 3.652067e+01 1.140613e-03
2 4 -1 -1 9.302122e+00 2.905238e-04
2 3 -1 -1 2.207186e+01 6.893481e-04
5 
-1 -1 1 2 2.269507e+01 7.088124e-04
-1 -1 0 2 2.979931e+01 9.306920e-04
0 1 3 4 2.222402e+01 6.941005e-04
2 4 -1 -1 1.490910e+01 4.656408e-04
2 3 -1 -1 4.621534e+01 1.443397e-03
5 
-1 -1 1 2 1.979179e+01 6.181370e-04
-1 -1 0 2 2.641465e+01 8.249821e-04
0 1 3 4 2.157705e+01 6.738944e-04
2 4 -1 -1 2.841624e+01 8.874958e-04
2 3 -1 -1 2.099747e+01 6.557929e-04
